-44.6348843630376,-11.9970278683867
-44.6078843630376,-11.9970278683867
-44.6213843630376,-11.9736451933867
-44.6483843630376,-11.9736451933867
-44.6618843630376,-11.9970278683867
-44.6483843630376,-12.0204105433867
-44.6213843630376,-12.0204105433867
-44.5808843630376,-11.9970278683867
-44.6078843630376,-11.9502625183867
-44.6618843630376,-11.9502625183867
-44.6888843630376,-11.9970278683867
-44.6618843630376,-12.0437932183867
-44.6078843630376,-12.0437932183867
-44.5943843630376,-11.9736451933867
-44.6348843630376,-11.9502625183867
-44.6753843630376,-11.9736451933867
-44.6753843630376,-12.0204105433867
-44.6348843630376,-12.0437932183867
-44.5943843630376,-12.0204105433867
-44.5538843630376,-11.9970278683867
-44.5943843630376,-11.9268798433867
-44.6753843630376,-11.9268798433867
-44.7158843630376,-11.9970278683867
-44.6753843630376,-12.0671758933867
-44.5943843630376,-12.0671758933867
-44.5673843630376,-11.9736451933867
-44.5808843630376,-11.9502625183867
-44.6213843630376,-11.9268798433867
-44.6483843630376,-11.9268798433867
-44.6888843630376,-11.9502625183867
-44.7023843630376,-11.9736451933867
-44.7023843630376,-12.0204105433867
-44.6888843630376,-12.0437932183867
-44.6483843630376,-12.0671758933867
-44.6213843630376,-12.0671758933867
-44.5808843630376,-12.0437932183867
-44.5673843630376,-12.0204105433867
-44.5268843630376,-11.9970278683867
-44.5808843630376,-11.9034971683867
-44.6888843630376,-11.9034971683867
-44.7428843630376,-11.9970278683867
-44.6888843630376,-12.0905585683867
-44.5808843630376,-12.0905585683867
-44.5403843630376,-11.9736451933867
-44.5538843630376,-11.9502625183867
-44.5673843630376,-11.9268798433867
-44.6078843630376,-11.9034971683867
-44.6348843630376,-11.9034971683867
-44.6618843630376,-11.9034971683867
-44.7023843630376,-11.9268798433867
-44.7158843630376,-11.9502625183867
-44.7293843630376,-11.9736451933867
-44.7293843630376,-12.0204105433867
-44.7158843630376,-12.0437932183867
-44.7023843630376,-12.0671758933867
-44.6618843630376,-12.0905585683867
-44.6348843630376,-12.0905585683867
-44.6078843630376,-12.0905585683867
-44.5673843630376,-12.0671758933867
-44.5538843630376,-12.0437932183867
-44.5403843630376,-12.0204105433867
-44.4998843630376,-11.9970278683867
-44.5673843630376,-11.8801144933867
-44.7023843630376,-11.8801144933867
-44.7698843630376,-11.9970278683867
-44.7023843630376,-12.1139412433867
-44.5673843630376,-12.1139412433867
-44.5133843630376,-11.9736451933867
-44.5268843630376,-11.9502625183867
-44.5403843630376,-11.9268798433867
-44.5538843630376,-11.9034971683867
-44.5943843630376,-11.8801144933867
-44.6213843630376,-11.8801144933867
-44.6483843630376,-11.8801144933867
-44.6753843630376,-11.8801144933867
-44.7158843630376,-11.9034971683867
-44.7293843630376,-11.9268798433867
-44.7428843630376,-11.9502625183867
-44.7563843630376,-11.9736451933867
-44.7563843630376,-12.0204105433867
-44.7428843630376,-12.0437932183867
-44.7293843630376,-12.0671758933867
-44.7158843630376,-12.0905585683867
-44.6753843630376,-12.1139412433867
-44.6483843630376,-12.1139412433867
-44.6213843630376,-12.1139412433867
-44.5943843630376,-12.1139412433867
-44.5538843630376,-12.0905585683867
-44.5403843630376,-12.0671758933867
-44.5268843630376,-12.0437932183867
-44.5133843630376,-12.0204105433867
-44.4728843630376,-11.9970278683867
-44.5538843630376,-11.8567318183867
-44.7158843630376,-11.8567318183867
-44.7968843630376,-11.9970278683867
-44.5538843630376,-12.1373239183867
-44.4863843630376,-11.9736451933867
-44.4998843630376,-11.9502625183867
-44.5133843630376,-11.9268798433867
-44.5268843630376,-11.9034971683867
-44.5403843630376,-11.8801144933867
-44.5808843630376,-11.8567318183867
-44.6078843630376,-11.8567318183867
-44.6348843630376,-11.8567318183867
-44.6618843630376,-11.8567318183867
-44.6888843630376,-11.8567318183867
-44.7293843630376,-11.8801144933867
-44.7428843630376,-11.9034971683867
-44.7563843630376,-11.9268798433867
-44.7698843630376,-11.9502625183867
-44.7833843630376,-11.9736451933867
-44.7833843630376,-12.0204105433867
-44.7698843630376,-12.0437932183867
-44.7563843630376,-12.0671758933867
-44.7428843630376,-12.0905585683867
-44.7293843630376,-12.1139412433867
-44.6888843630376,-12.1373239183867
-44.6618843630376,-12.1373239183867
-44.6348843630376,-12.1373239183867
-44.6078843630376,-12.1373239183867
-44.5808843630376,-12.1373239183867
-44.5403843630376,-12.1139412433867
-44.5268843630376,-12.0905585683867
-44.5133843630376,-12.0671758933867
-44.4998843630376,-12.0437932183867
-44.4863843630376,-12.0204105433867
-44.4458843630376,-11.9970278683867
-44.8238843630376,-11.9970278683867
-44.5403843630376,-12.1607065933867
-44.4593843630376,-11.9736451933867
-44.4728843630376,-11.9502625183867
-44.4863843630376,-11.9268798433867
-44.4998843630376,-11.9034971683867
-44.5943843630376,-11.8333491433867
-44.6213843630376,-11.8333491433867
-44.6483843630376,-11.8333491433867
-44.6753843630376,-11.8333491433867
-44.7023843630376,-11.8333491433867
-44.7428843630376,-11.8567318183867
-44.7563843630376,-11.8801144933867
-44.7698843630376,-11.9034971683867
-44.7833843630376,-11.9268798433867
-44.7968843630376,-11.9502625183867
-44.8103843630376,-11.9736451933867
-44.8103843630376,-12.0204105433867
-44.7968843630376,-12.0437932183867
-44.7833843630376,-12.0671758933867
-44.7698843630376,-12.0905585683867
-44.7563843630376,-12.1139412433867
-44.5673843630376,-12.1607065933867
-44.5268843630376,-12.1373239183867
-44.5133843630376,-12.1139412433867
-44.4998843630376,-12.0905585683867
-44.4863843630376,-12.0671758933867
-44.4728843630376,-12.0437932183867
-44.4593843630376,-12.0204105433867
-44.4188843630376,-11.9970278683867
-44.8508843630376,-11.9970278683867
-44.5268843630376,-12.1840892683867
-44.4323843630376,-11.9736451933867
-44.6078843630376,-11.8099664683867
-44.6348843630376,-11.8099664683867
-44.6618843630376,-11.8099664683867
-44.6888843630376,-11.8099664683867
-44.7158843630376,-11.8099664683867
-44.7833843630376,-11.8801144933867
-44.7968843630376,-11.9034971683867
-44.8103843630376,-11.9268798433867
-44.8238843630376,-11.9502625183867
-44.8373843630376,-11.9736451933867
-44.8373843630376,-12.0204105433867
-44.8238843630376,-12.0437932183867
-44.8103843630376,-12.0671758933867
-44.5133843630376,-12.1607065933867
-44.4998843630376,-12.1373239183867
-44.4863843630376,-12.1139412433867
-44.4728843630376,-12.0905585683867
-44.4593843630376,-12.0671758933867
-44.4458843630376,-12.0437932183867
-44.4323843630376,-12.0204105433867
-44.8778843630376,-11.9970278683867
-44.6213843630376,-11.7865837933867
-44.6483843630376,-11.7865837933867
-44.6753843630376,-11.7865837933867
-44.8103843630376,-11.8801144933867
-44.8238843630376,-11.9034971683867
-44.8373843630376,-11.9268798433867
-44.8508843630376,-11.9502625183867
-44.8643843630376,-11.9736451933867
-44.8643843630376,-12.0204105433867
-44.8508843630376,-12.0437932183867
-44.8373843630376,-12.0671758933867
-44.8238843630376,-12.0905585683867
-44.4998843630376,-12.1840892683867
-44.4863843630376,-12.1607065933867
-44.4728843630376,-12.1373239183867
-44.4593843630376,-12.1139412433867
-44.4458843630376,-12.0905585683867
-44.4323843630376,-12.0671758933867
-44.4188843630376,-12.0437932183867
-44.4053843630376,-12.0204105433867
-44.6618843630376,-11.7632011183867
-44.8913843630376,-12.0204105433867
-44.8778843630376,-12.0437932183867
-44.8643843630376,-12.0671758933867
-44.4188843630376,-12.0905585683867
-44.4053843630376,-12.0671758933867
-44.3918843630376,-12.0437932183867
-44.9183843630376,-12.0204105433867
-44.3918843630376,-12.0905585683867
-44.3783843630376,-12.0671758933867
-44.3648843630376,-12.0437932183867
-44.3648843630376,-12.0905585683867
-44.3513843630376,-12.0671758933867
