-40.7223137611114,-10.2425611442966
-40.6953137611114,-10.2425611442966
-40.7088137611114,-10.2191784692966
-40.7358137611114,-10.2191784692966
-40.7493137611114,-10.2425611442966
-40.7358137611114,-10.2659438192966
-40.7088137611114,-10.2659438192966
-40.6683137611114,-10.2425611442966
-40.6953137611114,-10.1957957942966
-40.7493137611114,-10.1957957942966
-40.7763137611114,-10.2425611442966
-40.7493137611114,-10.2893264942966
-40.6953137611114,-10.2893264942966
-40.6818137611114,-10.2191784692966
-40.7223137611114,-10.1957957942966
-40.7628137611114,-10.2191784692966
-40.7628137611114,-10.2659438192966
-40.7223137611114,-10.2893264942966
-40.6818137611114,-10.2659438192966
-40.6413137611114,-10.2425611442966
-40.6818137611114,-10.1724131192966
-40.7628137611114,-10.1724131192966
-40.8033137611114,-10.2425611442966
-40.7628137611114,-10.3127091692966
-40.6818137611114,-10.3127091692966
-40.6548137611114,-10.2191784692966
-40.6683137611114,-10.1957957942966
-40.7088137611114,-10.1724131192966
-40.7358137611114,-10.1724131192966
-40.7763137611114,-10.1957957942966
-40.7898137611114,-10.2191784692966
-40.7898137611114,-10.2659438192966
-40.7763137611114,-10.2893264942966
-40.7358137611114,-10.3127091692966
-40.7088137611114,-10.3127091692966
-40.6683137611114,-10.2893264942966
-40.6548137611114,-10.2659438192966
-40.6143137611114,-10.2425611442966
-40.6683137611114,-10.1490304442966
-40.7763137611114,-10.1490304442966
-40.8303137611114,-10.2425611442966
-40.7763137611114,-10.3360918442966
-40.6683137611114,-10.3360918442966
-40.6278137611114,-10.2191784692966
-40.6413137611114,-10.1957957942966
-40.6548137611114,-10.1724131192966
-40.6953137611114,-10.1490304442966
-40.7223137611114,-10.1490304442966
-40.7493137611114,-10.1490304442966
-40.7898137611114,-10.1724131192966
-40.8033137611114,-10.1957957942966
-40.8168137611114,-10.2191784692966
-40.8168137611114,-10.2659438192966
-40.8033137611114,-10.2893264942966
-40.7898137611114,-10.3127091692966
-40.7493137611114,-10.3360918442966
-40.7223137611114,-10.3360918442966
-40.6953137611114,-10.3360918442966
-40.6548137611114,-10.3127091692966
-40.6413137611114,-10.2893264942966
-40.6278137611114,-10.2659438192966
-40.5873137611114,-10.2425611442966
-40.6548137611114,-10.1256477692966
-40.7898137611114,-10.1256477692966
-40.8573137611114,-10.2425611442966
-40.7898137611114,-10.3594745192966
-40.6548137611114,-10.3594745192966
-40.6008137611114,-10.2191784692966
-40.6143137611114,-10.1957957942966
-40.6278137611114,-10.1724131192966
-40.6413137611114,-10.1490304442966
-40.6818137611114,-10.1256477692966
-40.7088137611114,-10.1256477692966
-40.7358137611114,-10.1256477692966
-40.7628137611114,-10.1256477692966
-40.8033137611114,-10.1490304442966
-40.8168137611114,-10.1724131192966
-40.8303137611114,-10.1957957942966
-40.8438137611114,-10.2191784692966
-40.8438137611114,-10.2659438192966
-40.8303137611114,-10.2893264942966
-40.8168137611114,-10.3127091692966
-40.8033137611114,-10.3360918442966
-40.7628137611114,-10.3594745192966
-40.7358137611114,-10.3594745192966
-40.7088137611114,-10.3594745192966
-40.6818137611114,-10.3594745192966
-40.6413137611114,-10.3360918442966
-40.6278137611114,-10.3127091692966
-40.6143137611114,-10.2893264942966
-40.6008137611114,-10.2659438192966
-40.5603137611114,-10.2425611442966
-40.6413137611114,-10.1022650942966
-40.8033137611114,-10.1022650942966
-40.8843137611114,-10.2425611442966
-40.8033137611114,-10.3828571942966
-40.6413137611114,-10.3828571942966
-40.5738137611114,-10.2191784692966
-40.5873137611114,-10.1957957942966
-40.6008137611114,-10.1724131192966
-40.6143137611114,-10.1490304442966
-40.6278137611114,-10.1256477692966
-40.6683137611114,-10.1022650942966
-40.6953137611114,-10.1022650942966
-40.7223137611114,-10.1022650942966
-40.7493137611114,-10.1022650942966
-40.7763137611114,-10.1022650942966
-40.8168137611114,-10.1256477692966
-40.8303137611114,-10.1490304442966
-40.8438137611114,-10.1724131192966
-40.8573137611114,-10.1957957942966
-40.8708137611114,-10.2191784692966
-40.8708137611114,-10.2659438192966
-40.8573137611114,-10.2893264942966
-40.8438137611114,-10.3127091692966
-40.8303137611114,-10.3360918442966
-40.8168137611114,-10.3594745192966
-40.7763137611114,-10.3828571942966
-40.7493137611114,-10.3828571942966
-40.7223137611114,-10.3828571942966
-40.6953137611114,-10.3828571942966
-40.6683137611114,-10.3828571942966
-40.6278137611114,-10.3594745192966
-40.6143137611114,-10.3360918442966
-40.6008137611114,-10.3127091692966
-40.5873137611114,-10.2893264942966
-40.5738137611114,-10.2659438192966
-40.5333137611114,-10.2425611442966
-40.6278137611114,-10.0788824192966
-40.8168137611114,-10.0788824192966
-40.9113137611115,-10.2425611442966
-40.8168137611114,-10.4062398692966
-40.6278137611114,-10.4062398692966
-40.5468137611114,-10.2191784692966
-40.5603137611114,-10.1957957942966
-40.5738137611114,-10.1724131192966
-40.5873137611114,-10.1490304442966
-40.6008137611114,-10.1256477692966
-40.6143137611114,-10.1022650942966
-40.6548137611114,-10.0788824192966
-40.6818137611114,-10.0788824192966
-40.7088137611114,-10.0788824192966
-40.7358137611114,-10.0788824192966
-40.7628137611114,-10.0788824192966
-40.7898137611114,-10.0788824192966
-40.8303137611114,-10.1022650942966
-40.8438137611114,-10.1256477692966
-40.8573137611114,-10.1490304442966
-40.8708137611114,-10.1724131192966
-40.8843137611114,-10.1957957942966
-40.8978137611115,-10.2191784692966
-40.8978137611115,-10.2659438192966
-40.8843137611114,-10.2893264942966
-40.8708137611114,-10.3127091692966
-40.8573137611114,-10.3360918442966
-40.8438137611114,-10.3594745192966
-40.8303137611114,-10.3828571942966
-40.7898137611114,-10.4062398692966
-40.7628137611114,-10.4062398692966
-40.7358137611114,-10.4062398692966
-40.7088137611114,-10.4062398692966
-40.6818137611114,-10.4062398692966
-40.6548137611114,-10.4062398692966
-40.6143137611114,-10.3828571942966
-40.6008137611114,-10.3594745192966
-40.5873137611114,-10.3360918442966
-40.5738137611114,-10.3127091692966
-40.5603137611114,-10.2893264942966
-40.5468137611114,-10.2659438192966
-40.5063137611114,-10.2425611442966
-40.6143137611114,-10.0554997442966
-40.8303137611114,-10.0554997442966
-40.9383137611115,-10.2425611442966
-40.8303137611114,-10.4296225442966
-40.6143137611114,-10.4296225442966
-40.5198137611114,-10.2191784692966
-40.5333137611114,-10.1957957942966
-40.5468137611114,-10.1724131192966
-40.5603137611114,-10.1490304442966
-40.5738137611114,-10.1256477692966
-40.5873137611114,-10.1022650942966
-40.6008137611114,-10.0788824192966
-40.6413137611114,-10.0554997442966
-40.6683137611114,-10.0554997442966
-40.6953137611114,-10.0554997442966
-40.7223137611114,-10.0554997442966
-40.7493137611114,-10.0554997442966
-40.7763137611114,-10.0554997442966
-40.8033137611114,-10.0554997442966
-40.8438137611114,-10.0788824192966
-40.8573137611114,-10.1022650942966
-40.8708137611114,-10.1256477692966
-40.8843137611114,-10.1490304442966
-40.8978137611115,-10.1724131192966
-40.9113137611115,-10.1957957942966
-40.9248137611115,-10.2191784692966
-40.9248137611115,-10.2659438192966
-40.9113137611115,-10.2893264942966
-40.8978137611115,-10.3127091692966
-40.8843137611114,-10.3360918442966
-40.8708137611114,-10.3594745192966
-40.8573137611114,-10.3828571942966
-40.8438137611114,-10.4062398692966
-40.8033137611114,-10.4296225442966
-40.7763137611114,-10.4296225442966
-40.7493137611114,-10.4296225442966
-40.7223137611114,-10.4296225442966
-40.6953137611114,-10.4296225442966
-40.6683137611114,-10.4296225442966
-40.6413137611114,-10.4296225442966
-40.6008137611114,-10.4062398692966
-40.5873137611114,-10.3828571942966
-40.5738137611114,-10.3594745192966
-40.5603137611114,-10.3360918442966
-40.5468137611114,-10.3127091692966
-40.5333137611114,-10.2893264942966
-40.5198137611114,-10.2659438192966
-40.4793137611114,-10.2425611442966
-40.6008137611114,-10.0321170692966
-40.8438137611114,-10.0321170692966
-40.9653137611115,-10.2425611442966
-40.8438137611114,-10.4530052192966
-40.6008137611114,-10.4530052192966
-40.4928137611114,-10.2191784692966
-40.5063137611114,-10.1957957942966
-40.5198137611114,-10.1724131192966
-40.5333137611114,-10.1490304442966
-40.5468137611114,-10.1256477692966
-40.5603137611114,-10.1022650942966
-40.5738137611114,-10.0788824192966
-40.5873137611114,-10.0554997442966
-40.6278137611114,-10.0321170692966
-40.6548137611114,-10.0321170692966
-40.6818137611114,-10.0321170692966
-40.7088137611114,-10.0321170692966
-40.7358137611114,-10.0321170692966
-40.7628137611114,-10.0321170692966
-40.7898137611114,-10.0321170692966
-40.8168137611114,-10.0321170692966
-40.8573137611114,-10.0554997442966
-40.8708137611114,-10.0788824192966
-40.8843137611114,-10.1022650942966
-40.8978137611115,-10.1256477692966
-40.9113137611115,-10.1490304442966
-40.9248137611115,-10.1724131192966
-40.9383137611115,-10.1957957942966
-40.9518137611115,-10.2191784692966
-40.9518137611115,-10.2659438192966
-40.9383137611115,-10.2893264942966
-40.9248137611115,-10.3127091692966
-40.9113137611115,-10.3360918442966
-40.8978137611115,-10.3594745192966
-40.8843137611114,-10.3828571942966
-40.8708137611114,-10.4062398692966
-40.8573137611114,-10.4296225442966
-40.8168137611114,-10.4530052192966
-40.7898137611114,-10.4530052192966
-40.7628137611114,-10.4530052192966
-40.7358137611114,-10.4530052192966
-40.7088137611114,-10.4530052192966
-40.6818137611114,-10.4530052192966
-40.6548137611114,-10.4530052192966
-40.6278137611114,-10.4530052192966
-40.5873137611114,-10.4296225442966
-40.5738137611114,-10.4062398692966
-40.5603137611114,-10.3828571942966
-40.5468137611114,-10.3594745192966
-40.5333137611114,-10.3360918442966
-40.5198137611114,-10.3127091692966
-40.5063137611114,-10.2893264942966
-40.4928137611114,-10.2659438192966
-40.4523137611114,-10.2425611442966
-40.5873137611114,-10.0087343942966
-40.8573137611114,-10.0087343942966
-40.9923137611115,-10.2425611442966
-40.8573137611114,-10.4763878942966
-40.5873137611114,-10.4763878942966
-40.4658137611114,-10.2191784692966
-40.4793137611114,-10.1957957942966
-40.4928137611114,-10.1724131192966
-40.5063137611114,-10.1490304442966
-40.5198137611114,-10.1256477692966
-40.5333137611114,-10.1022650942966
-40.5468137611114,-10.0788824192966
-40.5603137611114,-10.0554997442966
-40.5738137611114,-10.0321170692966
-40.6143137611114,-10.0087343942966
-40.6413137611114,-10.0087343942966
-40.6683137611114,-10.0087343942966
-40.6953137611114,-10.0087343942966
-40.7223137611114,-10.0087343942966
-40.7493137611114,-10.0087343942966
-40.7763137611114,-10.0087343942966
-40.8033137611114,-10.0087343942966
-40.8303137611114,-10.0087343942966
-40.8708137611114,-10.0321170692966
-40.8843137611114,-10.0554997442966
-40.8978137611115,-10.0788824192966
-40.9113137611115,-10.1022650942966
-40.9248137611115,-10.1256477692966
-40.9383137611115,-10.1490304442966
-40.9518137611115,-10.1724131192966
-40.9653137611115,-10.1957957942966
-40.9788137611115,-10.2191784692966
-40.9788137611115,-10.2659438192966
-40.9653137611115,-10.2893264942966
-40.9518137611115,-10.3127091692966
-40.9383137611115,-10.3360918442966
-40.9248137611115,-10.3594745192966
-40.9113137611115,-10.3828571942966
-40.8978137611115,-10.4062398692966
-40.8843137611114,-10.4296225442966
-40.8708137611114,-10.4530052192966
-40.8303137611114,-10.4763878942966
-40.8033137611114,-10.4763878942966
-40.7763137611114,-10.4763878942966
-40.7493137611114,-10.4763878942966
-40.7223137611114,-10.4763878942966
-40.6953137611114,-10.4763878942966
-40.6683137611114,-10.4763878942966
-40.6413137611114,-10.4763878942966
-40.6143137611114,-10.4763878942966
-40.5738137611114,-10.4530052192966
-40.5603137611114,-10.4296225442966
-40.5468137611114,-10.4062398692966
-40.5333137611114,-10.3828571942966
-40.5198137611114,-10.3594745192966
-40.5063137611114,-10.3360918442966
-40.4928137611114,-10.3127091692966
-40.4793137611114,-10.2893264942966
-40.4658137611114,-10.2659438192966
-40.4253137611114,-10.2425611442966
-40.5738137611114,-9.9853517192966
-40.8708137611114,-9.9853517192966
-41.0193137611115,-10.2425611442966
-40.5738137611114,-10.4997705692966
-40.4388137611114,-10.2191784692966
-40.4523137611114,-10.1957957942966
-40.4658137611114,-10.1724131192966
-40.4793137611114,-10.1490304442966
-40.4928137611114,-10.1256477692966
-40.5063137611114,-10.1022650942966
-40.5198137611114,-10.0788824192966
-40.5333137611114,-10.0554997442966
-40.5468137611114,-10.0321170692966
-40.5603137611114,-10.0087343942966
-40.6008137611114,-9.9853517192966
-40.6278137611114,-9.9853517192966
-40.6548137611114,-9.9853517192966
-40.6818137611114,-9.9853517192966
-40.7088137611114,-9.9853517192966
-40.7358137611114,-9.9853517192966
-40.7628137611114,-9.9853517192966
-40.7898137611114,-9.9853517192966
-40.8168137611114,-9.9853517192966
-40.8438137611114,-9.9853517192966
-40.8843137611114,-10.0087343942966
-40.8978137611115,-10.0321170692966
-40.9113137611115,-10.0554997442966
-40.9248137611115,-10.0788824192966
-40.9383137611115,-10.1022650942966
-40.9518137611115,-10.1256477692966
-40.9653137611115,-10.1490304442966
-40.9788137611115,-10.1724131192966
-40.9923137611115,-10.1957957942966
-41.0058137611115,-10.2191784692966
-41.0058137611115,-10.2659438192966
-40.9923137611115,-10.2893264942966
-40.9788137611115,-10.3127091692966
-40.9653137611115,-10.3360918442966
-40.9518137611115,-10.3594745192966
-40.9383137611115,-10.3828571942966
-40.9248137611115,-10.4062398692966
-40.9113137611115,-10.4296225442966
-40.8978137611115,-10.4530052192966
-40.8843137611114,-10.4763878942966
-40.8438137611114,-10.4997705692966
-40.8168137611114,-10.4997705692966
-40.7898137611114,-10.4997705692966
-40.7628137611114,-10.4997705692966
-40.7358137611114,-10.4997705692966
-40.7088137611114,-10.4997705692966
-40.6818137611114,-10.4997705692966
-40.6548137611114,-10.4997705692966
-40.6278137611114,-10.4997705692966
-40.6008137611114,-10.4997705692966
-40.5603137611114,-10.4763878942966
-40.5468137611114,-10.4530052192966
-40.5333137611114,-10.4296225442966
-40.5198137611114,-10.4062398692966
-40.5063137611114,-10.3828571942966
-40.4928137611114,-10.3594745192966
-40.4793137611114,-10.3360918442966
-40.4658137611114,-10.3127091692966
-40.4523137611114,-10.2893264942966
-40.4388137611114,-10.2659438192966
-40.3983137611114,-10.2425611442966
-40.5603137611114,-9.9619690442966
-40.8843137611114,-9.9619690442966
-41.0463137611115,-10.2425611442966
-40.5603137611114,-10.5231532442966
-40.4118137611114,-10.2191784692966
-40.4253137611114,-10.1957957942966
-40.4388137611114,-10.1724131192966
-40.4523137611114,-10.1490304442966
-40.4658137611114,-10.1256477692966
-40.4793137611114,-10.1022650942966
-40.4928137611114,-10.0788824192966
-40.5063137611114,-10.0554997442966
-40.5198137611114,-10.0321170692966
-40.5333137611114,-10.0087343942966
-40.5468137611114,-9.9853517192966
-40.5873137611114,-9.9619690442966
-40.6143137611114,-9.9619690442966
-40.6413137611114,-9.9619690442966
-40.6683137611114,-9.9619690442966
-40.6953137611114,-9.9619690442966
-40.7223137611114,-9.9619690442966
-40.7493137611114,-9.9619690442966
-40.7763137611114,-9.9619690442966
-40.8033137611114,-9.9619690442966
-40.8303137611114,-9.9619690442966
-40.8573137611114,-9.9619690442966
-40.8978137611115,-9.9853517192966
-40.9113137611115,-10.0087343942966
-40.9248137611115,-10.0321170692966
-40.9383137611115,-10.0554997442966
-40.9518137611115,-10.0788824192966
-40.9653137611115,-10.1022650942966
-40.9788137611115,-10.1256477692966
-40.9923137611115,-10.1490304442966
-41.0058137611115,-10.1724131192966
-41.0193137611115,-10.1957957942966
-41.0328137611115,-10.2191784692966
-41.0328137611115,-10.2659438192966
-41.0193137611115,-10.2893264942966
-41.0058137611115,-10.3127091692966
-40.9923137611115,-10.3360918442966
-40.9788137611115,-10.3594745192966
-40.9653137611115,-10.3828571942966
-40.9518137611115,-10.4062398692966
-40.9383137611115,-10.4296225442966
-40.9248137611115,-10.4530052192966
-40.9113137611115,-10.4763878942966
-40.8978137611115,-10.4997705692966
-40.8573137611114,-10.5231532442966
-40.8303137611114,-10.5231532442966
-40.8033137611114,-10.5231532442966
-40.7763137611114,-10.5231532442966
-40.7493137611114,-10.5231532442966
-40.7223137611114,-10.5231532442966
-40.6953137611114,-10.5231532442966
-40.6683137611114,-10.5231532442966
-40.6413137611114,-10.5231532442966
-40.6143137611114,-10.5231532442966
-40.5873137611114,-10.5231532442966
-40.5468137611114,-10.4997705692966
-40.5333137611114,-10.4763878942966
-40.5198137611114,-10.4530052192966
-40.5063137611114,-10.4296225442966
-40.4928137611114,-10.4062398692966
-40.4793137611114,-10.3828571942966
-40.4658137611114,-10.3594745192966
-40.4523137611114,-10.3360918442966
-40.4388137611114,-10.3127091692966
-40.4253137611114,-10.2893264942966
-40.4118137611114,-10.2659438192966
-40.3713137611114,-10.2425611442966
-40.5468137611114,-9.9385863692966
-40.8978137611115,-9.9385863692966
-41.0733137611115,-10.2425611442966
-40.5468137611114,-10.5465359192966
-40.3848137611114,-10.2191784692966
-40.3983137611114,-10.1957957942966
-40.4118137611114,-10.1724131192966
-40.4253137611114,-10.1490304442966
-40.4388137611114,-10.1256477692966
-40.4523137611114,-10.1022650942966
-40.4658137611114,-10.0788824192966
-40.4793137611114,-10.0554997442966
-40.4928137611114,-10.0321170692966
-40.5063137611114,-10.0087343942966
-40.5198137611114,-9.9853517192966
-40.5333137611114,-9.9619690442966
-40.5738137611114,-9.9385863692966
-40.6008137611114,-9.9385863692966
-40.6278137611114,-9.9385863692966
-40.6548137611114,-9.9385863692966
-40.6818137611114,-9.9385863692966
-40.7088137611114,-9.9385863692966
-40.7358137611114,-9.9385863692966
-40.7628137611114,-9.9385863692966
-40.7898137611114,-9.9385863692966
-40.8168137611114,-9.9385863692966
-40.8438137611114,-9.9385863692966
-40.8708137611114,-9.9385863692966
-40.9113137611115,-9.9619690442966
-40.9248137611115,-9.9853517192966
-40.9383137611115,-10.0087343942966
-40.9518137611115,-10.0321170692966
-40.9653137611115,-10.0554997442966
-40.9788137611115,-10.0788824192966
-40.9923137611115,-10.1022650942966
-41.0058137611115,-10.1256477692966
-41.0193137611115,-10.1490304442966
-41.0328137611115,-10.1724131192966
-41.0463137611115,-10.1957957942966
-41.0598137611115,-10.2191784692966
-41.0598137611115,-10.2659438192966
-41.0463137611115,-10.2893264942966
-41.0328137611115,-10.3127091692966
-41.0193137611115,-10.3360918442966
-41.0058137611115,-10.3594745192966
-40.9923137611115,-10.3828571942966
-40.9788137611115,-10.4062398692966
-40.9653137611115,-10.4296225442966
-40.9518137611115,-10.4530052192966
-40.9383137611115,-10.4763878942966
-40.9248137611115,-10.4997705692966
-40.8708137611114,-10.5465359192966
-40.8438137611114,-10.5465359192966
-40.8168137611114,-10.5465359192966
-40.7898137611114,-10.5465359192966
-40.7628137611114,-10.5465359192966
-40.7358137611114,-10.5465359192966
-40.7088137611114,-10.5465359192966
-40.6818137611114,-10.5465359192966
-40.6548137611114,-10.5465359192966
-40.6278137611114,-10.5465359192966
-40.6008137611114,-10.5465359192966
-40.5738137611114,-10.5465359192966
-40.5333137611114,-10.5231532442966
-40.5198137611114,-10.4997705692966
-40.5063137611114,-10.4763878942966
-40.4928137611114,-10.4530052192966
-40.4793137611114,-10.4296225442966
-40.4658137611114,-10.4062398692966
-40.4523137611114,-10.3828571942966
-40.4388137611114,-10.3594745192966
-40.4253137611114,-10.3360918442966
-40.4118137611114,-10.3127091692966
-40.3983137611114,-10.2893264942966
-40.3848137611114,-10.2659438192966
-40.3443137611114,-10.2425611442966
-40.5333137611114,-9.9152036942966
-40.9113137611115,-9.9152036942966
-41.1003137611115,-10.2425611442966
-40.9113137611115,-10.5699185942966
-40.5333137611114,-10.5699185942966
-40.3578137611114,-10.2191784692966
-40.3713137611114,-10.1957957942966
-40.3848137611114,-10.1724131192966
-40.3983137611114,-10.1490304442966
-40.4118137611114,-10.1256477692966
-40.4253137611114,-10.1022650942966
-40.4388137611114,-10.0788824192966
-40.4523137611114,-10.0554997442966
-40.4658137611114,-10.0321170692966
-40.4793137611114,-10.0087343942966
-40.4928137611114,-9.9853517192966
-40.5063137611114,-9.9619690442966
-40.5198137611114,-9.9385863692966
-40.5603137611114,-9.9152036942966
-40.5873137611114,-9.9152036942966
-40.6143137611114,-9.9152036942966
-40.6413137611114,-9.9152036942966
-40.6683137611114,-9.9152036942966
-40.6953137611114,-9.9152036942966
-40.7223137611114,-9.9152036942966
-40.7493137611114,-9.9152036942966
-40.7763137611114,-9.9152036942966
-40.8033137611114,-9.9152036942966
-40.8303137611114,-9.9152036942966
-40.8573137611114,-9.9152036942966
-40.8843137611114,-9.9152036942966
-40.9248137611115,-9.9385863692966
-40.9383137611115,-9.9619690442966
-40.9518137611115,-9.9853517192966
-40.9653137611115,-10.0087343942966
-40.9788137611115,-10.0321170692966
-40.9923137611115,-10.0554997442966
-41.0058137611115,-10.0788824192966
-41.0193137611115,-10.1022650942966
-41.0328137611115,-10.1256477692966
-41.0463137611115,-10.1490304442966
-41.0598137611115,-10.1724131192966
-41.0733137611115,-10.1957957942966
-41.0868137611115,-10.2191784692966
-41.0868137611115,-10.2659438192966
-41.0733137611115,-10.2893264942966
-41.0598137611115,-10.3127091692966
-41.0463137611115,-10.3360918442966
-41.0328137611115,-10.3594745192966
-41.0193137611115,-10.3828571942966
-41.0058137611115,-10.4062398692966
-40.9923137611115,-10.4296225442966
-40.9788137611115,-10.4530052192966
-40.8843137611114,-10.5699185942966
-40.8573137611114,-10.5699185942966
-40.8303137611114,-10.5699185942966
-40.8033137611114,-10.5699185942966
-40.7763137611114,-10.5699185942966
-40.7493137611114,-10.5699185942966
-40.7223137611114,-10.5699185942966
-40.6953137611114,-10.5699185942966
-40.6683137611114,-10.5699185942966
-40.6413137611114,-10.5699185942966
-40.6143137611114,-10.5699185942966
-40.5873137611114,-10.5699185942966
-40.5603137611114,-10.5699185942966
-40.5198137611114,-10.5465359192966
-40.5063137611114,-10.5231532442966
-40.4928137611114,-10.4997705692966
-40.4793137611114,-10.4763878942966
-40.4658137611114,-10.4530052192966
-40.4523137611114,-10.4296225442966
-40.4388137611114,-10.4062398692966
-40.4253137611114,-10.3828571942966
-40.4118137611114,-10.3594745192966
-40.3983137611114,-10.3360918442966
-40.3848137611114,-10.3127091692966
-40.3713137611114,-10.2893264942966
-40.3578137611114,-10.2659438192966
-40.3173137611114,-10.2425611442966
-41.1273137611115,-10.2425611442966
-40.9248137611115,-10.5933012692966
-40.5198137611114,-10.5933012692966
-40.3308137611114,-10.2191784692966
-40.3443137611114,-10.1957957942966
-40.3578137611114,-10.1724131192966
-40.3713137611114,-10.1490304442966
-40.4118137611114,-10.0788824192966
-40.4253137611114,-10.0554997442966
-40.4388137611114,-10.0321170692966
-40.4523137611114,-10.0087343942966
-40.4658137611114,-9.9853517192966
-40.4793137611114,-9.9619690442966
-40.4928137611114,-9.9385863692966
-40.5063137611114,-9.9152036942966
-40.5468137611114,-9.8918210192966
-40.5738137611114,-9.8918210192966
-40.6008137611114,-9.8918210192966
-40.6278137611114,-9.8918210192966
-40.6548137611114,-9.8918210192966
-40.6818137611114,-9.8918210192966
-40.7088137611114,-9.8918210192966
-40.7358137611114,-9.8918210192966
-40.7628137611114,-9.8918210192966
-40.7898137611114,-9.8918210192966
-40.8168137611114,-9.8918210192966
-40.8438137611114,-9.8918210192966
-40.8708137611114,-9.8918210192966
-40.9383137611115,-9.9152036942966
-40.9518137611115,-9.9385863692966
-40.9653137611115,-9.9619690442966
-40.9788137611115,-9.9853517192966
-40.9923137611115,-10.0087343942966
-41.0058137611115,-10.0321170692966
-41.0193137611115,-10.0554997442966
-41.0328137611115,-10.0788824192966
-41.0463137611115,-10.1022650942966
-41.0598137611115,-10.1256477692966
-41.0733137611115,-10.1490304442966
-41.0868137611115,-10.1724131192966
-41.1003137611115,-10.1957957942966
-41.1138137611115,-10.2191784692966
-41.1138137611115,-10.2659438192966
-41.1003137611115,-10.2893264942966
-41.0868137611115,-10.3127091692966
-41.0733137611115,-10.3360918442966
-41.0598137611115,-10.3594745192966
-41.0463137611115,-10.3828571942966
-41.0328137611115,-10.4062398692966
-41.0193137611115,-10.4296225442966
-40.8978137611115,-10.5933012692966
-40.8708137611114,-10.5933012692966
-40.7898137611114,-10.5933012692966
-40.7358137611114,-10.5933012692966
-40.7088137611114,-10.5933012692966
-40.6818137611114,-10.5933012692966
-40.6548137611114,-10.5933012692966
-40.6278137611114,-10.5933012692966
-40.6008137611114,-10.5933012692966
-40.5738137611114,-10.5933012692966
-40.5468137611114,-10.5933012692966
-40.5063137611114,-10.5699185942966
-40.4928137611114,-10.5465359192966
-40.4793137611114,-10.5231532442966
-40.4658137611114,-10.4997705692966
-40.4523137611114,-10.4763878942966
-40.4388137611114,-10.4530052192966
-40.4253137611114,-10.4296225442966
-40.4118137611114,-10.4062398692966
-40.3983137611114,-10.3828571942966
-40.3848137611114,-10.3594745192966
-40.3713137611114,-10.3360918442966
-40.3578137611114,-10.3127091692966
-40.3443137611114,-10.2893264942966
-40.3308137611114,-10.2659438192966
-40.2903137611114,-10.2425611442966
-41.1543137611115,-10.2425611442966
-40.5063137611114,-10.6166839442966
-40.3038137611114,-10.2191784692966
-40.3173137611114,-10.1957957942966
-40.3308137611114,-10.1724131192966
-40.3443137611114,-10.1490304442966
-40.3578137611114,-10.1256477692966
-40.3983137611114,-10.0554997442966
-40.4118137611114,-10.0321170692966
-40.4253137611114,-10.0087343942966
-40.4388137611114,-9.9853517192966
-40.4523137611114,-9.9619690442966
-40.4658137611114,-9.9385863692966
-40.4793137611114,-9.9152036942966
-40.8303137611114,-9.8684383442966
-40.9518137611115,-9.8918210192966
-40.9653137611115,-9.9152036942966
-40.9788137611115,-9.9385863692966
-40.9923137611115,-9.9619690442966
-41.0058137611115,-9.9853517192966
-41.0193137611115,-10.0087343942966
-41.0328137611115,-10.0321170692966
-41.0463137611115,-10.0554997442966
-41.0598137611115,-10.0788824192966
-41.0733137611115,-10.1022650942966
-41.0868137611115,-10.1256477692966
-41.1003137611115,-10.1490304442966
-41.1138137611115,-10.1724131192966
-41.1273137611115,-10.1957957942966
-41.1408137611115,-10.2191784692966
-41.1408137611115,-10.2659438192966
-41.1273137611115,-10.2893264942966
-41.1138137611115,-10.3127091692966
-41.1003137611115,-10.3360918442966
-41.0868137611115,-10.3594745192966
-41.0733137611115,-10.3828571942966
-41.0598137611115,-10.4062398692966
-41.0463137611115,-10.4296225442966
-40.7493137611114,-10.6166839442966
-40.7223137611114,-10.6166839442966
-40.6953137611114,-10.6166839442966
-40.6683137611114,-10.6166839442966
-40.6413137611114,-10.6166839442966
-40.6143137611114,-10.6166839442966
-40.5873137611114,-10.6166839442966
-40.5603137611114,-10.6166839442966
-40.5333137611114,-10.6166839442966
-40.4928137611114,-10.5933012692966
-40.4793137611114,-10.5699185942966
-40.4658137611114,-10.5465359192966
-40.4523137611114,-10.5231532442966
-40.4388137611114,-10.4997705692966
-40.4253137611114,-10.4763878942966
-40.4118137611114,-10.4530052192966
-40.3983137611114,-10.4296225442966
-40.3848137611114,-10.4062398692966
-40.3713137611114,-10.3828571942966
-40.3578137611114,-10.3594745192966
-40.3443137611114,-10.3360918442966
-40.3308137611114,-10.3127091692966
-40.3173137611114,-10.2893264942966
-40.3038137611114,-10.2659438192966
-40.2633137611114,-10.2425611442966
-40.2768137611114,-10.2191784692966
-40.2903137611114,-10.1957957942966
-40.3038137611114,-10.1724131192966
-40.3173137611114,-10.1490304442966
-40.3308137611114,-10.1256477692966
-40.3848137611114,-10.0321170692966
-40.3983137611114,-10.0087343942966
-40.4118137611114,-9.9853517192966
-40.4253137611114,-9.9619690442966
-40.4388137611114,-9.9385863692966
-40.4523137611114,-9.9152036942966
-40.9788137611115,-9.8918210192966
-40.9923137611115,-9.9152036942966
-41.0058137611115,-9.9385863692966
-41.0193137611115,-9.9619690442966
-41.0328137611115,-9.9853517192966
-41.0463137611115,-10.0087343942966
-41.0598137611115,-10.0321170692966
-41.0733137611115,-10.0554997442966
-41.0868137611115,-10.0788824192966
-41.1003137611115,-10.1022650942966
-41.1138137611115,-10.1256477692966
-41.1273137611115,-10.1490304442966
-41.1408137611115,-10.1724131192966
-41.1543137611115,-10.1957957942966
-41.1678137611115,-10.2659438192966
-41.1543137611115,-10.2893264942966
-41.1408137611115,-10.3127091692966
-41.1273137611115,-10.3360918442966
-41.1138137611115,-10.3594745192966
-41.1003137611115,-10.3828571942966
-41.0868137611115,-10.4062398692966
-41.0733137611115,-10.4296225442966
-41.0598137611115,-10.4530052192966
-40.7088137611114,-10.6400666192966
-40.6818137611114,-10.6400666192966
-40.6548137611114,-10.6400666192966
-40.6278137611114,-10.6400666192966
-40.6008137611114,-10.6400666192966
-40.5738137611114,-10.6400666192966
-40.5468137611114,-10.6400666192966
-40.4523137611114,-10.5699185942966
-40.4388137611114,-10.5465359192966
-40.4253137611114,-10.5231532442966
-40.4118137611114,-10.4997705692966
-40.3983137611114,-10.4763878942966
-40.3848137611114,-10.4530052192966
-40.3713137611114,-10.4296225442966
-40.3578137611114,-10.4062398692966
-40.3443137611114,-10.3828571942966
-40.3308137611114,-10.3594745192966
-40.3173137611114,-10.3360918442966
-40.3038137611114,-10.3127091692966
-40.2903137611114,-10.2893264942966
-40.2768137611114,-10.2659438192966
-40.2498137611114,-10.2191784692966
-40.2633137611114,-10.1957957942966
-40.2768137611114,-10.1724131192966
-40.2903137611114,-10.1490304442966
-40.3578137611114,-10.0321170692966
-40.3713137611114,-10.0087343942966
-40.3848137611114,-9.9853517192966
-40.3983137611114,-9.9619690442966
-40.4118137611114,-9.9385863692966
-40.4253137611114,-9.9152036942966
-41.0193137611115,-9.9152036942966
-41.0328137611115,-9.9385863692966
-41.0463137611115,-9.9619690442966
-41.0598137611115,-9.9853517192966
-41.0733137611115,-10.0087343942966
-41.0868137611115,-10.0321170692966
-41.1003137611115,-10.0554997442966
-41.1138137611115,-10.0788824192966
-41.1273137611115,-10.1022650942966
-41.1408137611115,-10.1256477692966
-41.1543137611115,-10.1490304442966
-41.1813137611115,-10.2893264942966
-41.1678137611115,-10.3127091692966
-41.1543137611115,-10.3360918442966
-41.1408137611115,-10.3594745192966
-41.1273137611115,-10.3828571942966
-41.1138137611115,-10.4062398692966
-41.1003137611115,-10.4296225442966
-41.0868137611115,-10.4530052192966
-40.6413137611114,-10.6634492942966
-40.6143137611114,-10.6634492942966
-40.5873137611114,-10.6634492942966
-40.5603137611114,-10.6634492942966
-40.4118137611114,-10.5465359192966
-40.3983137611114,-10.5231532442966
-40.3848137611114,-10.4997705692966
-40.3713137611114,-10.4763878942966
-40.3578137611114,-10.4530052192966
-40.3443137611114,-10.4296225442966
-40.3308137611114,-10.4062398692966
-40.3173137611114,-10.3828571942966
-40.3038137611114,-10.3594745192966
-40.2903137611114,-10.3360918442966
-40.2768137611114,-10.3127091692966
-40.2633137611114,-10.2893264942966
-40.2498137611114,-10.2659438192966
-40.3443137611114,-10.0087343942966
-40.3578137611114,-9.9853517192966
-40.3713137611114,-9.9619690442966
-40.3848137611114,-9.9385863692966
-40.3983137611114,-9.9152036942966
-41.0598137611115,-9.9385863692966
-41.0733137611115,-9.9619690442966
-41.0868137611115,-9.9853517192966
-41.1003137611115,-10.0087343942966
-41.1138137611115,-10.0321170692966
-41.1273137611115,-10.0554997442966
-41.1408137611115,-10.0788824192966
-41.1543137611115,-10.1022650942966
-41.2083137611115,-10.2893264942966
-41.1948137611115,-10.3127091692966
-41.1813137611115,-10.3360918442966
-41.1678137611115,-10.3594745192966
-41.1543137611115,-10.3828571942966
-41.1408137611115,-10.4062398692966
-41.1273137611115,-10.4296225442966
-41.1138137611115,-10.4530052192966
-40.3713137611114,-10.5231532442966
-40.3578137611114,-10.4997705692966
-40.3443137611114,-10.4763878942966
-40.3308137611114,-10.4530052192966
-40.3173137611114,-10.4296225442966
-40.3038137611114,-10.4062398692966
-40.2903137611114,-10.3828571942966
-40.2768137611114,-10.3594745192966
-40.2633137611114,-10.3360918442966
-40.2498137611114,-10.3127091692966
-40.2363137611114,-10.2893264942966
-40.3308137611114,-9.9853517192966
-40.3443137611114,-9.9619690442966
-40.3578137611114,-9.9385863692966
-40.3713137611114,-9.9152036942966
-41.1003137611115,-9.9619690442966
-41.1138137611115,-9.9853517192966
-41.1273137611115,-10.0087343942966
-41.1408137611115,-10.0321170692966
-41.1543137611115,-10.0554997442966
-41.1678137611115,-10.0788824192966
-41.2218137611115,-10.3127091692966
-41.2083137611115,-10.3360918442966
-41.1948137611115,-10.3594745192966
-41.1813137611115,-10.3828571942966
-41.1678137611115,-10.4062398692966
-41.1543137611115,-10.4296225442966
-40.3443137611114,-10.5231532442966
-40.3308137611114,-10.4997705692966
-40.3173137611114,-10.4763878942966
-40.3038137611114,-10.4530052192966
-40.2903137611114,-10.4296225442966
-40.2768137611114,-10.4062398692966
-40.2633137611114,-10.3828571942966
-40.2498137611114,-10.3594745192966
-40.2363137611114,-10.3360918442966
-40.3308137611114,-9.9385863692966
-40.3443137611114,-9.9152036942966
-41.1138137611115,-9.9385863692966
-41.1273137611115,-9.9619690442966
-41.1408137611115,-9.9853517192966
-41.1543137611115,-10.0087343942966
-41.1678137611115,-10.0321170692966
-41.1813137611115,-10.0554997442966
-41.2353137611115,-10.3360918442966
-41.2218137611115,-10.3594745192966
-41.2083137611115,-10.3828571942966
-41.1948137611115,-10.4062398692966
-41.1813137611115,-10.4296225442966
-40.3173137611114,-10.5231532442966
-40.3038137611114,-10.4997705692966
-40.2903137611114,-10.4763878942966
-40.2768137611114,-10.4530052192966
-40.2633137611114,-10.4296225442966
-40.2498137611114,-10.4062398692966
-40.3173137611114,-9.9152036942966
-41.1408137611115,-9.9385863692966
-41.1543137611115,-9.9619690442966
-41.1678137611115,-9.9853517192966
-41.1813137611115,-10.0087343942966
-41.2623137611115,-10.3360918442966
-41.2488137611115,-10.3594745192966
-41.2353137611115,-10.3828571942966
-41.2218137611115,-10.4062398692966
-41.2083137611115,-10.4296225442966
-40.2903137611114,-10.5231532442966
-40.2768137611114,-10.4997705692966
-40.2633137611114,-10.4763878942966
-40.2498137611114,-10.4530052192966
-41.1813137611115,-9.9619690442966
-41.1948137611115,-9.9853517192966
-41.2488137611115,-10.4062398692966
-41.2353137611115,-10.4296225442966
-41.2218137611115,-10.4530052192966
-41.2083137611115,-9.9619690442966
-41.2218137611115,-9.9853517192966
-41.2218137611115,-9.9385863692966
-41.2353137611115,-9.9619690442966
