-40.2694712201389,-9.5400591674032
-40.2424712201389,-9.5400591674032
-40.2559712201389,-9.5166764924032
-40.2829712201389,-9.5166764924032
-40.2964712201389,-9.5400591674032
-40.2829712201389,-9.5634418424032
-40.2559712201389,-9.5634418424032
-40.2154712201389,-9.5400591674032
-40.2424712201389,-9.4932938174032
-40.2964712201389,-9.4932938174032
-40.3234712201389,-9.5400591674032
-40.2964712201389,-9.5868245174032
-40.2424712201389,-9.5868245174032
-40.2289712201389,-9.5166764924032
-40.2694712201389,-9.4932938174032
-40.3099712201389,-9.5166764924032
-40.3099712201389,-9.5634418424032
-40.2694712201389,-9.5868245174032
-40.2289712201389,-9.5634418424032
-40.1884712201389,-9.5400591674032
-40.2289712201389,-9.4699111424032
-40.3099712201389,-9.4699111424032
-40.3504712201389,-9.5400591674032
-40.3099712201389,-9.6102071924032
-40.2289712201389,-9.6102071924032
-40.2019712201389,-9.5166764924032
-40.2154712201389,-9.4932938174032
-40.2559712201389,-9.4699111424032
-40.2829712201389,-9.4699111424032
-40.3234712201389,-9.4932938174032
-40.3369712201389,-9.5166764924032
-40.3369712201389,-9.5634418424032
-40.3234712201389,-9.5868245174032
-40.2829712201389,-9.6102071924032
-40.2559712201389,-9.6102071924032
-40.2154712201389,-9.5868245174032
-40.2019712201389,-9.5634418424032
-40.1614712201389,-9.5400591674032
-40.2154712201389,-9.4465284674032
-40.3234712201389,-9.4465284674032
-40.3774712201389,-9.5400591674032
-40.3234712201389,-9.6335898674032
-40.2154712201389,-9.6335898674032
-40.1749712201389,-9.5166764924032
-40.1884712201389,-9.4932938174032
-40.2019712201389,-9.4699111424032
-40.2424712201389,-9.4465284674032
-40.2694712201389,-9.4465284674032
-40.2964712201389,-9.4465284674032
-40.3369712201389,-9.4699111424032
-40.3504712201389,-9.4932938174032
-40.3639712201389,-9.5166764924032
-40.3639712201389,-9.5634418424032
-40.3504712201389,-9.5868245174032
-40.3369712201389,-9.6102071924032
-40.2964712201389,-9.6335898674032
-40.2694712201389,-9.6335898674032
-40.2424712201389,-9.6335898674032
-40.2019712201389,-9.6102071924032
-40.1884712201389,-9.5868245174032
-40.1749712201389,-9.5634418424032
-40.1344712201389,-9.5400591674032
-40.2019712201389,-9.4231457924032
-40.3369712201389,-9.4231457924032
-40.4044712201389,-9.5400591674032
-40.3369712201389,-9.6569725424032
-40.2019712201389,-9.6569725424032
-40.1479712201389,-9.5166764924032
-40.1614712201389,-9.4932938174032
-40.1749712201389,-9.4699111424032
-40.1884712201389,-9.4465284674032
-40.2289712201389,-9.4231457924032
-40.2559712201389,-9.4231457924032
-40.2829712201389,-9.4231457924032
-40.3099712201389,-9.4231457924032
-40.3504712201389,-9.4465284674032
-40.3639712201389,-9.4699111424032
-40.3774712201389,-9.4932938174032
-40.3909712201389,-9.5166764924032
-40.3909712201389,-9.5634418424032
-40.3774712201389,-9.5868245174032
-40.3639712201389,-9.6102071924032
-40.3504712201389,-9.6335898674032
-40.3099712201389,-9.6569725424032
-40.2829712201389,-9.6569725424032
-40.2559712201389,-9.6569725424032
-40.2289712201389,-9.6569725424032
-40.1884712201389,-9.6335898674032
-40.1749712201389,-9.6102071924032
-40.1614712201389,-9.5868245174032
-40.1479712201389,-9.5634418424032
-40.1074712201389,-9.5400591674032
-40.1884712201389,-9.3997631174032
-40.3504712201389,-9.3997631174032
-40.4314712201389,-9.5400591674032
-40.3504712201389,-9.6803552174032
-40.1884712201389,-9.6803552174032
-40.1209712201389,-9.5166764924032
-40.1344712201389,-9.4932938174032
-40.1479712201389,-9.4699111424032
-40.1614712201389,-9.4465284674032
-40.1749712201389,-9.4231457924032
-40.2154712201389,-9.3997631174032
-40.2424712201389,-9.3997631174032
-40.2694712201389,-9.3997631174032
-40.2964712201389,-9.3997631174032
-40.3234712201389,-9.3997631174032
-40.3639712201389,-9.4231457924032
-40.3774712201389,-9.4465284674032
-40.3909712201389,-9.4699111424032
-40.4044712201389,-9.4932938174032
-40.4179712201389,-9.5166764924032
-40.4179712201389,-9.5634418424032
-40.4044712201389,-9.5868245174032
-40.3909712201389,-9.6102071924032
-40.3774712201389,-9.6335898674032
-40.3639712201389,-9.6569725424032
-40.3234712201389,-9.6803552174032
-40.2964712201389,-9.6803552174032
-40.2694712201389,-9.6803552174032
-40.2424712201389,-9.6803552174032
-40.2154712201389,-9.6803552174032
-40.1749712201389,-9.6569725424032
-40.1614712201389,-9.6335898674032
-40.1479712201389,-9.6102071924032
-40.1344712201389,-9.5868245174032
-40.1209712201389,-9.5634418424032
-40.0804712201389,-9.5400591674032
-40.1749712201389,-9.3763804424032
-40.3639712201389,-9.3763804424032
-40.4584712201389,-9.5400591674032
-40.3639712201389,-9.7037378924032
-40.1749712201389,-9.7037378924032
-40.0939712201389,-9.5166764924032
-40.1074712201389,-9.4932938174032
-40.1209712201389,-9.4699111424032
-40.1344712201389,-9.4465284674032
-40.1479712201389,-9.4231457924032
-40.1614712201389,-9.3997631174032
-40.2019712201389,-9.3763804424032
-40.2289712201389,-9.3763804424032
-40.2559712201389,-9.3763804424032
-40.2829712201389,-9.3763804424032
-40.3099712201389,-9.3763804424032
-40.3369712201389,-9.3763804424032
-40.3774712201389,-9.3997631174032
-40.3909712201389,-9.4231457924032
-40.4044712201389,-9.4465284674032
-40.4179712201389,-9.4699111424032
-40.4314712201389,-9.4932938174032
-40.4449712201389,-9.5166764924032
-40.4449712201389,-9.5634418424032
-40.4314712201389,-9.5868245174032
-40.4179712201389,-9.6102071924032
-40.4044712201389,-9.6335898674032
-40.3909712201389,-9.6569725424032
-40.3774712201389,-9.6803552174032
-40.3369712201389,-9.7037378924032
-40.3099712201389,-9.7037378924032
-40.2829712201389,-9.7037378924032
-40.2559712201389,-9.7037378924032
-40.2289712201389,-9.7037378924032
-40.2019712201389,-9.7037378924032
-40.1614712201389,-9.6803552174032
-40.1479712201389,-9.6569725424032
-40.1344712201389,-9.6335898674032
-40.1209712201389,-9.6102071924032
-40.1074712201389,-9.5868245174032
-40.0939712201389,-9.5634418424032
-40.0534712201389,-9.5400591674032
-40.1614712201389,-9.3529977674032
-40.4854712201389,-9.5400591674032
-40.3774712201389,-9.7271205674032
-40.1614712201389,-9.7271205674032
-40.0669712201389,-9.5166764924032
-40.0804712201389,-9.4932938174032
-40.0939712201389,-9.4699111424032
-40.1074712201389,-9.4465284674032
-40.1209712201389,-9.4231457924032
-40.1344712201389,-9.3997631174032
-40.1479712201389,-9.3763804424032
-40.1884712201389,-9.3529977674032
-40.2154712201389,-9.3529977674032
-40.2424712201389,-9.3529977674032
-40.2694712201389,-9.3529977674032
-40.2964712201389,-9.3529977674032
-40.3234712201389,-9.3529977674032
-40.3909712201389,-9.3763804424032
-40.4044712201389,-9.3997631174032
-40.4179712201389,-9.4231457924032
-40.4314712201389,-9.4465284674032
-40.4449712201389,-9.4699111424032
-40.4584712201389,-9.4932938174032
-40.4719712201389,-9.5166764924032
-40.4719712201389,-9.5634418424032
-40.4584712201389,-9.5868245174032
-40.4449712201389,-9.6102071924032
-40.4314712201389,-9.6335898674032
-40.4179712201389,-9.6569725424032
-40.4044712201389,-9.6803552174032
-40.3909712201389,-9.7037378924032
-40.3504712201389,-9.7271205674032
-40.3234712201389,-9.7271205674032
-40.2964712201389,-9.7271205674032
-40.2694712201389,-9.7271205674032
-40.2424712201389,-9.7271205674032
-40.2154712201389,-9.7271205674032
-40.1884712201389,-9.7271205674032
-40.1479712201389,-9.7037378924032
-40.1344712201389,-9.6803552174032
-40.1209712201389,-9.6569725424032
-40.1074712201389,-9.6335898674032
-40.0939712201389,-9.6102071924032
-40.0804712201389,-9.5868245174032
-40.0669712201389,-9.5634418424032
-40.0264712201389,-9.5400591674032
-40.1479712201389,-9.3296150924032
-40.5124712201389,-9.5400591674032
-40.3909712201389,-9.7505032424032
-40.1479712201389,-9.7505032424032
-40.0399712201389,-9.5166764924032
-40.0534712201389,-9.4932938174032
-40.0669712201389,-9.4699111424032
-40.0804712201389,-9.4465284674032
-40.0939712201389,-9.4231457924032
-40.1074712201389,-9.3997631174032
-40.1209712201389,-9.3763804424032
-40.1344712201389,-9.3529977674032
-40.1749712201389,-9.3296150924032
-40.2019712201389,-9.3296150924032
-40.2289712201389,-9.3296150924032
-40.2559712201389,-9.3296150924032
-40.2829712201389,-9.3296150924032
-40.3099712201389,-9.3296150924032
-40.4179712201389,-9.3763804424032
-40.4314712201389,-9.3997631174032
-40.4449712201389,-9.4231457924032
-40.4584712201389,-9.4465284674032
-40.4719712201389,-9.4699111424032
-40.4854712201389,-9.4932938174032
-40.4989712201389,-9.5166764924032
-40.4989712201389,-9.5634418424032
-40.4854712201389,-9.5868245174032
-40.4719712201389,-9.6102071924032
-40.4584712201389,-9.6335898674032
-40.4449712201389,-9.6569725424032
-40.4314712201389,-9.6803552174032
-40.4179712201389,-9.7037378924032
-40.4044712201389,-9.7271205674032
-40.3639712201389,-9.7505032424032
-40.3369712201389,-9.7505032424032
-40.3099712201389,-9.7505032424032
-40.2829712201389,-9.7505032424032
-40.2559712201389,-9.7505032424032
-40.2289712201389,-9.7505032424032
-40.2019712201389,-9.7505032424032
-40.1749712201389,-9.7505032424032
-40.1344712201389,-9.7271205674032
-40.1209712201389,-9.7037378924032
-40.1074712201389,-9.6803552174032
-40.0939712201389,-9.6569725424032
-40.0804712201389,-9.6335898674032
-40.0669712201389,-9.6102071924032
-40.0534712201389,-9.5868245174032
-40.0399712201389,-9.5634418424032
-39.9994712201389,-9.5400591674032
-40.1344712201389,-9.3062324174032
-40.5394712201389,-9.5400591674032
-40.4044712201389,-9.7738859174032
-40.1344712201389,-9.7738859174032
-40.0129712201389,-9.5166764924032
-40.0264712201389,-9.4932938174032
-40.0399712201389,-9.4699111424032
-40.0534712201389,-9.4465284674032
-40.0669712201389,-9.4231457924032
-40.0804712201389,-9.3997631174032
-40.0939712201389,-9.3763804424032
-40.1074712201389,-9.3529977674032
-40.1209712201389,-9.3296150924032
-40.1614712201389,-9.3062324174032
-40.1884712201389,-9.3062324174032
-40.2154712201389,-9.3062324174032
-40.2424712201389,-9.3062324174032
-40.2694712201389,-9.3062324174032
-40.2964712201389,-9.3062324174032
-40.3234712201389,-9.3062324174032
-40.4449712201389,-9.3763804424032
-40.4719712201389,-9.4231457924032
-40.4854712201389,-9.4465284674032
-40.4989712201389,-9.4699111424032
-40.5124712201389,-9.4932938174032
-40.5259712201389,-9.5166764924032
-40.5259712201389,-9.5634418424032
-40.5124712201389,-9.5868245174032
-40.4989712201389,-9.6102071924032
-40.4854712201389,-9.6335898674032
-40.4719712201389,-9.6569725424032
-40.4584712201389,-9.6803552174032
-40.4449712201389,-9.7037378924032
-40.4314712201389,-9.7271205674032
-40.4179712201389,-9.7505032424032
-40.3774712201389,-9.7738859174032
-40.3504712201389,-9.7738859174032
-40.3234712201389,-9.7738859174032
-40.2964712201389,-9.7738859174032
-40.2694712201389,-9.7738859174032
-40.2424712201389,-9.7738859174032
-40.2154712201389,-9.7738859174032
-40.1884712201389,-9.7738859174032
-40.1614712201389,-9.7738859174032
-40.1209712201389,-9.7505032424032
-40.1074712201389,-9.7271205674032
-40.0939712201389,-9.7037378924032
-40.0804712201389,-9.6803552174032
-40.0669712201389,-9.6569725424032
-40.0534712201389,-9.6335898674032
-40.0399712201389,-9.6102071924032
-40.0264712201389,-9.5868245174032
-40.0129712201389,-9.5634418424032
-39.9724712201389,-9.5400591674032
-40.1209712201389,-9.2828497424032
-40.5664712201389,-9.5400591674032
-40.4179712201389,-9.7972685924032
-40.1209712201389,-9.7972685924032
-39.9859712201389,-9.5166764924032
-39.9994712201389,-9.4932938174032
-40.0129712201389,-9.4699111424032
-40.0264712201389,-9.4465284674032
-40.0399712201389,-9.4231457924032
-40.0534712201389,-9.3997631174032
-40.0669712201389,-9.3763804424032
-40.0804712201389,-9.3529977674032
-40.0939712201389,-9.3296150924032
-40.1074712201389,-9.3062324174032
-40.1479712201389,-9.2828497424032
-40.1749712201389,-9.2828497424032
-40.2019712201389,-9.2828497424032
-40.2289712201389,-9.2828497424032
-40.2559712201389,-9.2828497424032
-40.2829712201389,-9.2828497424032
-40.3099712201389,-9.2828497424032
-40.4989712201389,-9.4231457924032
-40.5124712201389,-9.4465284674032
-40.5259712201389,-9.4699111424032
-40.5394712201389,-9.4932938174032
-40.5529712201389,-9.5166764924032
-40.5529712201389,-9.5634418424032
-40.5394712201389,-9.5868245174032
-40.5259712201389,-9.6102071924032
-40.5124712201389,-9.6335898674032
-40.4989712201389,-9.6569725424032
-40.4854712201389,-9.6803552174032
-40.4719712201389,-9.7037378924032
-40.4584712201389,-9.7271205674032
-40.4449712201389,-9.7505032424032
-40.4314712201389,-9.7738859174032
-40.3909712201389,-9.7972685924032
-40.3639712201389,-9.7972685924032
-40.3369712201389,-9.7972685924032
-40.3099712201389,-9.7972685924032
-40.2829712201389,-9.7972685924032
-40.2559712201389,-9.7972685924032
-40.2289712201389,-9.7972685924032
-40.2019712201389,-9.7972685924032
-40.1749712201389,-9.7972685924032
-40.1479712201389,-9.7972685924032
-40.1074712201389,-9.7738859174032
-40.0939712201389,-9.7505032424032
-40.0804712201389,-9.7271205674032
-40.0669712201389,-9.7037378924032
-40.0534712201389,-9.6803552174032
-40.0399712201389,-9.6569725424032
-40.0264712201389,-9.6335898674032
-40.0129712201389,-9.6102071924032
-39.9994712201389,-9.5868245174032
-39.9859712201389,-9.5634418424032
-39.9454712201389,-9.5400591674032
-40.1074712201389,-9.2594670674032
-40.5934712201389,-9.5400591674032
-40.4314712201389,-9.8206512674032
-40.1074712201389,-9.8206512674032
-39.9589712201389,-9.5166764924032
-39.9724712201389,-9.4932938174032
-39.9859712201389,-9.4699111424032
-39.9994712201389,-9.4465284674032
-40.0129712201389,-9.4231457924032
-40.0264712201389,-9.3997631174032
-40.0399712201389,-9.3763804424032
-40.0534712201389,-9.3529977674032
-40.0669712201389,-9.3296150924032
-40.0804712201389,-9.3062324174032
-40.0939712201389,-9.2828497424032
-40.1344712201389,-9.2594670674032
-40.1614712201389,-9.2594670674032
-40.1884712201389,-9.2594670674032
-40.2154712201389,-9.2594670674032
-40.2424712201389,-9.2594670674032
-40.2694712201389,-9.2594670674032
-40.2964712201389,-9.2594670674032
-40.5259712201389,-9.4231457924032
-40.5394712201389,-9.4465284674032
-40.5529712201389,-9.4699111424032
-40.5664712201389,-9.4932938174032
-40.5799712201389,-9.5166764924032
-40.5799712201389,-9.5634418424032
-40.5664712201389,-9.5868245174032
-40.5529712201389,-9.6102071924032
-40.5394712201389,-9.6335898674032
-40.5259712201389,-9.6569725424032
-40.5124712201389,-9.6803552174032
-40.4989712201389,-9.7037378924032
-40.4854712201389,-9.7271205674032
-40.4719712201389,-9.7505032424032
-40.4584712201389,-9.7738859174032
-40.4449712201389,-9.7972685924032
-40.4044712201389,-9.8206512674032
-40.3774712201389,-9.8206512674032
-40.3504712201389,-9.8206512674032
-40.3234712201389,-9.8206512674032
-40.2964712201389,-9.8206512674032
-40.2694712201389,-9.8206512674032
-40.2424712201389,-9.8206512674032
-40.2154712201389,-9.8206512674032
-40.1884712201389,-9.8206512674032
-40.1614712201389,-9.8206512674032
-40.1344712201389,-9.8206512674032
-40.0939712201389,-9.7972685924032
-40.0804712201389,-9.7738859174032
-40.0669712201389,-9.7505032424032
-40.0534712201389,-9.7271205674032
-40.0399712201389,-9.7037378924032
-40.0264712201389,-9.6803552174032
-40.0129712201389,-9.6569725424032
-39.9994712201389,-9.6335898674032
-39.9859712201389,-9.6102071924032
-39.9724712201389,-9.5868245174032
-39.9589712201389,-9.5634418424032
-39.9184712201389,-9.5400591674032
-40.0939712201389,-9.2360843924032
-40.6204712201389,-9.5400591674032
-40.4449712201389,-9.8440339424032
-39.9319712201389,-9.5166764924032
-39.9454712201389,-9.4932938174032
-39.9589712201389,-9.4699111424032
-39.9724712201389,-9.4465284674032
-39.9859712201389,-9.4231457924032
-39.9994712201389,-9.3997631174032
-40.0129712201389,-9.3763804424032
-40.0264712201389,-9.3529977674032
-40.0399712201389,-9.3296150924032
-40.0534712201389,-9.3062324174032
-40.0669712201389,-9.2828497424032
-40.0804712201389,-9.2594670674032
-40.1209712201389,-9.2360843924032
-40.1479712201389,-9.2360843924032
-40.1749712201389,-9.2360843924032
-40.2019712201389,-9.2360843924032
-40.2289712201389,-9.2360843924032
-40.2559712201389,-9.2360843924032
-40.2829712201389,-9.2360843924032
-40.5799712201389,-9.4699111424032
-40.5934712201389,-9.4932938174032
-40.6069712201389,-9.5166764924032
-40.6069712201389,-9.5634418424032
-40.5934712201389,-9.5868245174032
-40.5799712201389,-9.6102071924032
-40.5664712201389,-9.6335898674032
-40.5529712201389,-9.6569725424032
-40.5394712201389,-9.6803552174032
-40.5259712201389,-9.7037378924032
-40.5124712201389,-9.7271205674032
-40.4989712201389,-9.7505032424032
-40.4854712201389,-9.7738859174032
-40.4719712201389,-9.7972685924032
-40.4584712201389,-9.8206512674032
-40.4179712201389,-9.8440339424032
-40.3909712201389,-9.8440339424032
-40.3639712201389,-9.8440339424032
-40.3369712201389,-9.8440339424032
-40.3099712201389,-9.8440339424032
-40.2829712201389,-9.8440339424032
-40.2559712201389,-9.8440339424032
-40.2289712201389,-9.8440339424032
-40.2019712201389,-9.8440339424032
-40.1749712201389,-9.8440339424032
-40.1479712201389,-9.8440339424032
-40.0804712201389,-9.8206512674032
-40.0669712201389,-9.7972685924032
-40.0534712201389,-9.7738859174032
-40.0399712201389,-9.7505032424032
-40.0264712201389,-9.7271205674032
-40.0129712201389,-9.7037378924032
-39.9994712201389,-9.6803552174032
-39.9859712201389,-9.6569725424032
-39.9724712201389,-9.6335898674032
-39.9589712201389,-9.6102071924032
-39.9454712201389,-9.5868245174032
-39.9319712201389,-9.5634418424032
-39.8914712201389,-9.5400591674032
-40.0804712201389,-9.2127017174032
-40.6474712201389,-9.5400591674032
-40.4584712201389,-9.8674166174032
-39.9049712201389,-9.5166764924032
-39.9184712201389,-9.4932938174032
-39.9319712201389,-9.4699111424032
-39.9454712201389,-9.4465284674032
-39.9589712201389,-9.4231457924032
-39.9724712201389,-9.3997631174032
-39.9859712201389,-9.3763804424032
-39.9994712201389,-9.3529977674032
-40.0129712201389,-9.3296150924032
-40.0264712201389,-9.3062324174032
-40.0399712201389,-9.2828497424032
-40.0534712201389,-9.2594670674032
-40.0669712201389,-9.2360843924032
-40.1074712201389,-9.2127017174032
-40.1344712201389,-9.2127017174032
-40.1614712201389,-9.2127017174032
-40.1884712201389,-9.2127017174032
-40.2154712201389,-9.2127017174032
-40.2424712201389,-9.2127017174032
-40.2694712201389,-9.2127017174032
-40.2964712201389,-9.2127017174032
-40.6204712201389,-9.4932938174032
-40.6339712201389,-9.5166764924032
-40.6339712201389,-9.5634418424032
-40.6204712201389,-9.5868245174032
-40.6069712201389,-9.6102071924032
-40.5934712201389,-9.6335898674032
-40.5799712201389,-9.6569725424032
-40.5664712201389,-9.6803552174032
-40.5529712201389,-9.7037378924032
-40.5394712201389,-9.7271205674032
-40.5259712201389,-9.7505032424032
-40.5124712201389,-9.7738859174032
-40.4989712201389,-9.7972685924032
-40.4854712201389,-9.8206512674032
-40.4719712201389,-9.8440339424032
-40.4314712201389,-9.8674166174032
-40.4044712201389,-9.8674166174032
-40.3774712201389,-9.8674166174032
-40.3504712201389,-9.8674166174032
-40.3234712201389,-9.8674166174032
-40.2964712201389,-9.8674166174032
-40.2694712201389,-9.8674166174032
-40.2424712201389,-9.8674166174032
-40.2154712201389,-9.8674166174032
-40.0534712201389,-9.8206512674032
-40.0399712201389,-9.7972685924032
-40.0264712201389,-9.7738859174032
-40.0129712201389,-9.7505032424032
-39.9994712201389,-9.7271205674032
-39.9859712201389,-9.7037378924032
-39.9724712201389,-9.6803552174032
-39.9589712201389,-9.6569725424032
-39.9454712201389,-9.6335898674032
-39.9319712201389,-9.6102071924032
-39.9184712201389,-9.5868245174032
-39.9049712201389,-9.5634418424032
-40.0669712201389,-9.1893190424032
-40.6744712201389,-9.5400591674032
-40.4719712201389,-9.8907992924032
-39.8779712201389,-9.5166764924032
-39.8914712201389,-9.4932938174032
-39.9049712201389,-9.4699111424032
-39.9184712201389,-9.4465284674032
-39.9319712201389,-9.4231457924032
-39.9454712201389,-9.3997631174032
-39.9589712201389,-9.3763804424032
-39.9724712201389,-9.3529977674032
-39.9859712201389,-9.3296150924032
-39.9994712201389,-9.3062324174032
-40.0129712201389,-9.2828497424032
-40.0264712201389,-9.2594670674032
-40.0399712201389,-9.2360843924032
-40.0534712201389,-9.2127017174032
-40.0939712201389,-9.1893190424032
-40.1209712201389,-9.1893190424032
-40.1479712201389,-9.1893190424032
-40.1749712201389,-9.1893190424032
-40.2019712201389,-9.1893190424032
-40.2289712201389,-9.1893190424032
-40.2559712201389,-9.1893190424032
-40.2829712201389,-9.1893190424032
-40.6474712201389,-9.4932938174032
-40.6609712201389,-9.5166764924032
-40.6609712201389,-9.5634418424032
-40.6474712201389,-9.5868245174032
-40.6339712201389,-9.6102071924032
-40.6204712201389,-9.6335898674032
-40.6069712201389,-9.6569725424032
-40.5934712201389,-9.6803552174032
-40.5799712201389,-9.7037378924032
-40.5664712201389,-9.7271205674032
-40.5529712201389,-9.7505032424032
-40.5394712201389,-9.7738859174032
-40.5259712201389,-9.7972685924032
-40.5124712201389,-9.8206512674032
-40.4989712201389,-9.8440339424032
-40.4854712201389,-9.8674166174032
-40.4449712201389,-9.8907992924032
-40.4179712201389,-9.8907992924032
-40.3909712201389,-9.8907992924032
-40.3639712201389,-9.8907992924032
-40.3369712201389,-9.8907992924032
-40.3099712201389,-9.8907992924032
-40.2829712201389,-9.8907992924032
-40.0129712201389,-9.7972685924032
-39.9994712201389,-9.7738859174032
-39.9859712201389,-9.7505032424032
-39.9724712201389,-9.7271205674032
-39.9589712201389,-9.7037378924032
-39.9454712201389,-9.6803552174032
-39.9319712201389,-9.6569725424032
-39.9184712201389,-9.6335898674032
-39.9049712201389,-9.6102071924032
-39.8914712201389,-9.5868245174032
-40.0534712201389,-9.1659363674032
-40.7014712201389,-9.5400591674032
-39.8779712201389,-9.4699111424032
-39.8914712201389,-9.4465284674032
-39.9049712201389,-9.4231457924032
-39.9184712201389,-9.3997631174032
-39.9319712201389,-9.3763804424032
-39.9454712201389,-9.3529977674032
-39.9589712201389,-9.3296150924032
-39.9724712201389,-9.3062324174032
-39.9859712201389,-9.2828497424032
-39.9994712201389,-9.2594670674032
-40.0129712201389,-9.2360843924032
-40.0264712201389,-9.2127017174032
-40.0399712201389,-9.1893190424032
-40.0804712201389,-9.1659363674032
-40.1074712201389,-9.1659363674032
-40.1344712201389,-9.1659363674032
-40.1614712201389,-9.1659363674032
-40.1884712201389,-9.1659363674032
-40.2154712201389,-9.1659363674032
-40.2424712201389,-9.1659363674032
-40.2694712201389,-9.1659363674032
-40.6744712201389,-9.4932938174032
-40.6879712201389,-9.5166764924032
-40.6879712201389,-9.5634418424032
-40.6744712201389,-9.5868245174032
-40.6609712201389,-9.6102071924032
-40.6474712201389,-9.6335898674032
-40.6339712201389,-9.6569725424032
-40.6204712201389,-9.6803552174032
-40.6069712201389,-9.7037378924032
-40.5934712201389,-9.7271205674032
-40.5799712201389,-9.7505032424032
-40.5664712201389,-9.7738859174032
-40.5529712201389,-9.7972685924032
-40.5394712201389,-9.8206512674032
-40.5259712201389,-9.8440339424032
-40.5124712201389,-9.8674166174032
-40.4989712201389,-9.8907992924032
-39.9859712201389,-9.7972685924032
-39.9724712201389,-9.7738859174032
-39.9589712201389,-9.7505032424032
-39.9454712201389,-9.7271205674032
-39.9319712201389,-9.7037378924032
-39.9184712201389,-9.6803552174032
-39.9049712201389,-9.6569725424032
-40.0399712201389,-9.1425536924032
-40.7284712201389,-9.5400591674032
-39.8779712201389,-9.4231457924032
-39.8914712201389,-9.3997631174032
-39.9049712201389,-9.3763804424032
-39.9184712201389,-9.3529977674032
-39.9319712201389,-9.3296150924032
-39.9454712201389,-9.3062324174032
-39.9589712201389,-9.2828497424032
-39.9724712201389,-9.2594670674032
-39.9859712201389,-9.2360843924032
-39.9994712201389,-9.2127017174032
-40.0129712201389,-9.1893190424032
-40.0264712201389,-9.1659363674032
-40.0669712201389,-9.1425536924032
-40.0939712201389,-9.1425536924032
-40.1209712201389,-9.1425536924032
-40.1479712201389,-9.1425536924032
-40.1749712201389,-9.1425536924032
-40.2019712201389,-9.1425536924032
-40.2289712201389,-9.1425536924032
-40.2559712201389,-9.1425536924032
-40.2829712201389,-9.1425536924032
-40.6879712201389,-9.4699111424032
-40.7014712201389,-9.4932938174032
-40.7149712201389,-9.5166764924032
-40.7149712201389,-9.5634418424032
-40.7014712201389,-9.5868245174032
-40.6879712201389,-9.6102071924032
-40.6744712201389,-9.6335898674032
-40.6609712201389,-9.6569725424032
-40.6474712201389,-9.6803552174032
-40.6339712201389,-9.7037378924032
-40.6204712201389,-9.7271205674032
-40.6069712201389,-9.7505032424032
-40.5934712201389,-9.7738859174032
-40.5799712201389,-9.7972685924032
-40.5664712201389,-9.8206512674032
-40.5529712201389,-9.8440339424032
-40.5394712201389,-9.8674166174032
-40.5259712201389,-9.8907992924032
-39.9589712201389,-9.7972685924032
-39.9454712201389,-9.7738859174032
-39.9319712201389,-9.7505032424032
-39.9184712201389,-9.7271205674032
-39.9049712201389,-9.7037378924032
-40.0264712201389,-9.1191710174032
-39.8779712201389,-9.3763804424032
-39.8914712201389,-9.3529977674032
-39.9049712201389,-9.3296150924032
-39.9184712201389,-9.3062324174032
-39.9319712201389,-9.2828497424032
-39.9454712201389,-9.2594670674032
-39.9589712201389,-9.2360843924032
-39.9724712201389,-9.2127017174032
-39.9859712201389,-9.1893190424032
-39.9994712201389,-9.1659363674032
-40.0129712201389,-9.1425536924032
-40.0534712201389,-9.1191710174032
-40.0804712201389,-9.1191710174032
-40.1074712201389,-9.1191710174032
-40.1344712201389,-9.1191710174032
-40.1614712201389,-9.1191710174032
-40.1884712201389,-9.1191710174032
-40.2154712201389,-9.1191710174032
-40.2424712201389,-9.1191710174032
-40.2694712201389,-9.1191710174032
-40.7149712201389,-9.4699111424032
-40.7284712201389,-9.4932938174032
-40.7419712201389,-9.5166764924032
-40.7419712201389,-9.5634418424032
-40.7284712201389,-9.5868245174032
-40.7149712201389,-9.6102071924032
-40.7014712201389,-9.6335898674032
-40.6879712201389,-9.6569725424032
-40.6744712201389,-9.6803552174032
-40.6609712201389,-9.7037378924032
-40.6474712201389,-9.7271205674032
-40.6339712201389,-9.7505032424032
-40.6204712201389,-9.7738859174032
-40.6069712201389,-9.7972685924032
-40.5934712201389,-9.8206512674032
-40.5799712201389,-9.8440339424032
-40.5664712201389,-9.8674166174032
-39.9319712201389,-9.7972685924032
-39.9184712201389,-9.7738859174032
-39.9049712201389,-9.7505032424032
-40.0129712201389,-9.0957883424032
-39.8914712201389,-9.3062324174032
-39.9049712201389,-9.2828497424032
-39.9184712201389,-9.2594670674032
-39.9319712201389,-9.2360843924032
-39.9454712201389,-9.2127017174032
-39.9589712201389,-9.1893190424032
-39.9724712201389,-9.1659363674032
-39.9859712201389,-9.1425536924032
-39.9994712201389,-9.1191710174032
-40.0399712201389,-9.0957883424032
-40.0669712201389,-9.0957883424032
-40.0939712201389,-9.0957883424032
-40.1749712201389,-9.0957883424032
-40.2019712201389,-9.0957883424032
-40.2289712201389,-9.0957883424032
-40.2559712201389,-9.0957883424032
-40.7554712201389,-9.5868245174032
-40.7419712201389,-9.6102071924032
-40.7284712201389,-9.6335898674032
-40.7149712201389,-9.6569725424032
-40.7014712201389,-9.6803552174032
-40.6879712201389,-9.7037378924032
-40.6744712201389,-9.7271205674032
-40.6609712201389,-9.7505032424032
-40.6474712201389,-9.7738859174032
-40.6339712201389,-9.7972685924032
-40.6204712201389,-9.8206512674032
-40.6069712201389,-9.8440339424032
-40.5934712201389,-9.8674166174032
-39.9994712201389,-9.0724056674032
-39.8779712201389,-9.2828497424032
-39.8914712201389,-9.2594670674032
-39.9049712201389,-9.2360843924032
-39.9184712201389,-9.2127017174032
-39.9319712201389,-9.1893190424032
-39.9454712201389,-9.1659363674032
-39.9589712201389,-9.1425536924032
-39.9724712201389,-9.1191710174032
-39.9859712201389,-9.0957883424032
-40.0264712201389,-9.0724056674032
-40.0534712201389,-9.0724056674032
-40.2154712201389,-9.0724056674032
-40.2424712201389,-9.0724056674032
-40.7554712201389,-9.6335898674032
-40.7419712201389,-9.6569725424032
-40.7284712201389,-9.6803552174032
-40.7149712201389,-9.7037378924032
-40.7014712201389,-9.7271205674032
-40.6879712201389,-9.7505032424032
-40.6744712201389,-9.7738859174032
-40.6609712201389,-9.7972685924032
-40.6474712201389,-9.8206512674032
-40.6339712201389,-9.8440339424032
-40.6204712201389,-9.8674166174032
-39.8779712201389,-9.2360843924032
-39.8914712201389,-9.2127017174032
-39.9049712201389,-9.1893190424032
-39.9184712201389,-9.1659363674032
-39.9319712201389,-9.1425536924032
-39.9454712201389,-9.1191710174032
-40.7554712201389,-9.6803552174032
-40.7419712201389,-9.7037378924032
-40.7284712201389,-9.7271205674032
-40.7149712201389,-9.7505032424032
-40.7014712201389,-9.7738859174032
-40.6879712201389,-9.7972685924032
-40.6744712201389,-9.8206512674032
-40.6609712201389,-9.8440339424032
-40.6474712201389,-9.8674166174032
-39.8644712201389,-9.2127017174032
-39.9049712201389,-9.1425536924032
-39.9184712201389,-9.1191710174032
-40.7419712201389,-9.7505032424032
-40.7284712201389,-9.7738859174032
-40.7149712201389,-9.7972685924032
-40.7014712201389,-9.8206512674032
-40.6879712201389,-9.8440339424032
-40.6744712201389,-9.8674166174032
-40.7554712201389,-9.7738859174032
-40.7419712201389,-9.7972685924032
-40.7284712201389,-9.8206512674032
-40.7149712201389,-9.8440339424032
-40.7014712201389,-9.8674166174032
-40.7554712201389,-9.8206512674032
-40.7419712201389,-9.8440339424032
-40.7284712201389,-9.8674166174032
-40.7689712201389,-9.8440339424032
-40.7554712201389,-9.8674166174032
-40.7824712201389,-9.8674166174032
