-40.1181845710504,-11.3917835362532
-40.0911845710504,-11.3917835362532
-40.1046845710504,-11.3684008612532
-40.1316845710504,-11.3684008612532
-40.1451845710504,-11.3917835362532
-40.1316845710504,-11.4151662112532
-40.1046845710504,-11.4151662112532
-40.0911845710504,-11.3450181862532
-40.1451845710504,-11.3450181862532
-40.1721845710504,-11.3917835362532
-40.1451845710504,-11.4385488862532
-40.0911845710504,-11.4385488862532
-40.0776845710504,-11.3684008612532
-40.1181845710504,-11.3450181862532
-40.1586845710504,-11.3684008612532
-40.1586845710504,-11.4151662112532
-40.1181845710504,-11.4385488862532
-40.0776845710504,-11.4151662112532
-40.0776845710504,-11.3216355112532
-40.1991845710504,-11.3917835362532
-40.1586845710504,-11.4619315612532
-40.1046845710504,-11.3216355112532
-40.1316845710504,-11.3216355112532
-40.1721845710504,-11.3450181862532
-40.1856845710504,-11.3684008612532
-40.1856845710504,-11.4151662112532
-40.1721845710504,-11.4385488862532
-40.1316845710504,-11.4619315612532
-40.1046845710504,-11.4619315612532
-40.0641845710504,-11.2982528362532
-40.1721845710504,-11.4853142362532
-40.0506845710504,-11.3216355112532
-40.0911845710504,-11.2982528362532
-40.1856845710504,-11.4619315612532
-40.1451845710504,-11.4853142362532
-40.1181845710504,-11.4853142362532
-40.0911845710504,-11.4853142362532
-40.0506845710504,-11.2748701612532
-40.0776845710504,-11.2748701612532
-40.1586845710504,-11.5086969112532
-40.1316845710504,-11.5086969112532
-40.1046845710504,-11.5086969112532
-40.0371845710504,-11.2514874862532
-40.0236845710504,-11.2748701612532
-40.0641845710504,-11.2514874862532
-40.0911845710504,-11.5320795862532
-40.0506845710504,-11.2281048112532
