-44.5590333976443,-11.0084989927663
-44.5320333976443,-11.0084989927663
-44.5455333976443,-10.9851163177663
-44.5725333976443,-10.9851163177663
-44.5860333976443,-11.0084989927663
-44.5725333976443,-11.0318816677663
-44.5455333976443,-11.0318816677663
-44.5050333976443,-11.0084989927663
-44.5320333976443,-10.9617336427663
-44.5860333976443,-10.9617336427663
-44.6130333976443,-11.0084989927663
-44.5860333976443,-11.0552643427663
-44.5320333976443,-11.0552643427663
-44.5185333976443,-10.9851163177663
-44.5590333976443,-10.9617336427663
-44.5995333976443,-10.9851163177663
-44.5995333976443,-11.0318816677663
-44.5590333976443,-11.0552643427663
-44.5185333976443,-11.0318816677663
-44.4780333976443,-11.0084989927663
-44.5185333976443,-10.9383509677663
-44.5995333976443,-10.9383509677663
-44.6400333976443,-11.0084989927663
-44.5995333976443,-11.0786470177663
-44.5185333976443,-11.0786470177663
-44.4915333976443,-10.9851163177663
-44.5050333976443,-10.9617336427663
-44.5455333976443,-10.9383509677663
-44.5725333976443,-10.9383509677663
-44.6130333976443,-10.9617336427663
-44.6265333976443,-10.9851163177663
-44.6265333976443,-11.0318816677663
-44.6130333976443,-11.0552643427663
-44.5725333976443,-11.0786470177663
-44.5455333976443,-11.0786470177663
-44.5050333976443,-11.0552643427663
-44.4915333976443,-11.0318816677663
-44.4510333976443,-11.0084989927663
-44.5050333976443,-10.9149682927663
-44.6130333976443,-10.9149682927663
-44.6670333976443,-11.0084989927663
-44.6130333976443,-11.1020296927663
-44.5050333976443,-11.1020296927663
-44.4645333976443,-10.9851163177663
-44.4780333976443,-10.9617336427663
-44.4915333976443,-10.9383509677663
-44.5320333976443,-10.9149682927663
-44.5590333976443,-10.9149682927663
-44.5860333976443,-10.9149682927663
-44.6265333976443,-10.9383509677663
-44.6400333976443,-10.9617336427663
-44.6535333976443,-10.9851163177663
-44.6535333976443,-11.0318816677663
-44.6400333976443,-11.0552643427663
-44.6265333976443,-11.0786470177663
-44.5860333976443,-11.1020296927663
-44.5590333976443,-11.1020296927663
-44.5320333976443,-11.1020296927663
-44.4915333976443,-11.0786470177663
-44.4780333976443,-11.0552643427663
-44.4645333976443,-11.0318816677663
-44.4240333976443,-11.0084989927663
-44.4915333976443,-10.8915856177663
-44.6265333976443,-10.8915856177663
-44.6940333976443,-11.0084989927663
-44.6265333976443,-11.1254123677663
-44.4915333976443,-11.1254123677663
-44.4375333976443,-10.9851163177663
-44.4510333976443,-10.9617336427663
-44.4645333976443,-10.9383509677663
-44.4780333976443,-10.9149682927663
-44.5185333976443,-10.8915856177663
-44.5455333976443,-10.8915856177663
-44.5725333976443,-10.8915856177663
-44.5995333976443,-10.8915856177663
-44.6400333976443,-10.9149682927663
-44.6535333976443,-10.9383509677663
-44.6670333976443,-10.9617336427663
-44.6805333976443,-10.9851163177663
-44.6805333976443,-11.0318816677663
-44.6670333976443,-11.0552643427663
-44.6535333976443,-11.0786470177663
-44.6400333976443,-11.1020296927663
-44.5995333976443,-11.1254123677663
-44.5725333976443,-11.1254123677663
-44.5455333976443,-11.1254123677663
-44.5185333976443,-11.1254123677663
-44.4780333976443,-11.1020296927663
-44.4645333976443,-11.0786470177663
-44.4510333976443,-11.0552643427663
-44.4375333976443,-11.0318816677663
-44.3970333976443,-11.0084989927663
-44.4780333976443,-10.8682029427663
-44.6400333976443,-10.8682029427663
-44.7210333976443,-11.0084989927663
-44.6400333976443,-11.1487950427663
-44.4780333976443,-11.1487950427663
-44.4105333976443,-10.9851163177663
-44.4240333976443,-10.9617336427663
-44.4375333976443,-10.9383509677663
-44.4510333976443,-10.9149682927663
-44.4645333976443,-10.8915856177663
-44.5050333976443,-10.8682029427663
-44.5320333976443,-10.8682029427663
-44.5590333976443,-10.8682029427663
-44.5860333976443,-10.8682029427663
-44.6130333976443,-10.8682029427663
-44.6535333976443,-10.8915856177663
-44.6670333976443,-10.9149682927663
-44.6805333976443,-10.9383509677663
-44.6940333976443,-10.9617336427663
-44.7075333976443,-10.9851163177663
-44.7075333976443,-11.0318816677663
-44.6940333976443,-11.0552643427663
-44.6805333976443,-11.0786470177663
-44.6670333976443,-11.1020296927663
-44.6535333976443,-11.1254123677663
-44.6130333976443,-11.1487950427663
-44.5860333976443,-11.1487950427663
-44.5590333976443,-11.1487950427663
-44.5320333976443,-11.1487950427663
-44.5050333976443,-11.1487950427663
-44.4645333976443,-11.1254123677663
-44.4510333976443,-11.1020296927663
-44.4375333976443,-11.0786470177663
-44.4240333976443,-11.0552643427663
-44.4105333976443,-11.0318816677663
-44.3700333976443,-11.0084989927663
-44.4645333976443,-10.8448202677663
-44.6535333976443,-10.8448202677663
-44.7480333976443,-11.0084989927663
-44.6535333976443,-11.1721777177663
-44.4645333976443,-11.1721777177663
-44.3835333976443,-10.9851163177663
-44.3970333976443,-10.9617336427663
-44.4105333976443,-10.9383509677663
-44.4240333976443,-10.9149682927663
-44.4375333976443,-10.8915856177663
-44.4510333976443,-10.8682029427663
-44.4915333976443,-10.8448202677663
-44.5185333976443,-10.8448202677663
-44.5455333976443,-10.8448202677663
-44.5725333976443,-10.8448202677663
-44.5995333976443,-10.8448202677663
-44.6265333976443,-10.8448202677663
-44.6670333976443,-10.8682029427663
-44.6805333976443,-10.8915856177663
-44.6940333976443,-10.9149682927663
-44.7075333976443,-10.9383509677663
-44.7210333976443,-10.9617336427663
-44.7345333976443,-10.9851163177663
-44.7345333976443,-11.0318816677663
-44.7210333976443,-11.0552643427663
-44.7075333976443,-11.0786470177663
-44.6940333976443,-11.1020296927663
-44.6805333976443,-11.1254123677663
-44.6670333976443,-11.1487950427663
-44.6265333976443,-11.1721777177663
-44.5995333976443,-11.1721777177663
-44.5725333976443,-11.1721777177663
-44.5455333976443,-11.1721777177663
-44.5185333976443,-11.1721777177663
-44.4915333976443,-11.1721777177663
-44.4510333976443,-11.1487950427663
-44.4375333976443,-11.1254123677663
-44.4240333976443,-11.1020296927663
-44.4105333976443,-11.0786470177663
-44.3970333976443,-11.0552643427663
-44.3835333976443,-11.0318816677663
-44.3430333976443,-11.0084989927663
-44.4510333976443,-10.8214375927663
-44.6670333976443,-10.8214375927663
-44.7750333976443,-11.0084989927663
-44.6670333976443,-11.1955603927663
-44.4510333976443,-11.1955603927663
-44.3565333976443,-10.9851163177663
-44.3700333976443,-10.9617336427663
-44.3835333976443,-10.9383509677663
-44.3970333976443,-10.9149682927663
-44.4105333976443,-10.8915856177663
-44.4240333976443,-10.8682029427663
-44.4375333976443,-10.8448202677663
-44.4780333976443,-10.8214375927663
-44.5050333976443,-10.8214375927663
-44.5320333976443,-10.8214375927663
-44.5590333976443,-10.8214375927663
-44.5860333976443,-10.8214375927663
-44.6130333976443,-10.8214375927663
-44.6400333976443,-10.8214375927663
-44.6805333976443,-10.8448202677663
-44.6940333976443,-10.8682029427663
-44.7075333976443,-10.8915856177663
-44.7210333976443,-10.9149682927663
-44.7345333976443,-10.9383509677663
-44.7480333976443,-10.9617336427663
-44.7615333976443,-10.9851163177663
-44.7615333976443,-11.0318816677663
-44.7480333976443,-11.0552643427663
-44.7345333976443,-11.0786470177663
-44.7210333976443,-11.1020296927663
-44.7075333976443,-11.1254123677663
-44.6940333976443,-11.1487950427663
-44.6805333976443,-11.1721777177663
-44.6400333976443,-11.1955603927663
-44.6130333976443,-11.1955603927663
-44.5860333976443,-11.1955603927663
-44.5590333976443,-11.1955603927663
-44.5320333976443,-11.1955603927663
-44.5050333976443,-11.1955603927663
-44.4780333976443,-11.1955603927663
-44.4375333976443,-11.1721777177663
-44.4240333976443,-11.1487950427663
-44.4105333976443,-11.1254123677663
-44.3970333976443,-11.1020296927663
-44.3835333976443,-11.0786470177663
-44.3700333976443,-11.0552643427663
-44.3565333976443,-11.0318816677663
-44.3160333976443,-11.0084989927663
-44.4375333976443,-10.7980549177663
-44.6805333976443,-10.7980549177663
-44.8020333976443,-11.0084989927663
-44.6805333976443,-11.2189430677663
-44.4375333976443,-11.2189430677663
-44.3295333976443,-10.9851163177663
-44.3430333976443,-10.9617336427663
-44.3565333976443,-10.9383509677663
-44.3700333976443,-10.9149682927663
-44.3835333976443,-10.8915856177663
-44.3970333976443,-10.8682029427663
-44.4105333976443,-10.8448202677663
-44.4240333976443,-10.8214375927663
-44.4645333976443,-10.7980549177663
-44.4915333976443,-10.7980549177663
-44.5185333976443,-10.7980549177663
-44.5455333976443,-10.7980549177663
-44.5725333976443,-10.7980549177663
-44.5995333976443,-10.7980549177663
-44.6265333976443,-10.7980549177663
-44.6535333976443,-10.7980549177663
-44.6940333976443,-10.8214375927663
-44.7075333976443,-10.8448202677663
-44.7210333976443,-10.8682029427663
-44.7345333976443,-10.8915856177663
-44.7480333976443,-10.9149682927663
-44.7615333976443,-10.9383509677663
-44.7750333976443,-10.9617336427663
-44.7885333976443,-10.9851163177663
-44.7885333976443,-11.0318816677663
-44.7750333976443,-11.0552643427663
-44.7615333976443,-11.0786470177663
-44.7480333976443,-11.1020296927663
-44.7345333976443,-11.1254123677663
-44.7210333976443,-11.1487950427663
-44.7075333976443,-11.1721777177663
-44.6940333976443,-11.1955603927663
-44.6535333976443,-11.2189430677663
-44.6265333976443,-11.2189430677663
-44.5995333976443,-11.2189430677663
-44.5725333976443,-11.2189430677663
-44.5455333976443,-11.2189430677663
-44.5185333976443,-11.2189430677663
-44.4915333976443,-11.2189430677663
-44.4645333976443,-11.2189430677663
-44.4240333976443,-11.1955603927663
-44.4105333976443,-11.1721777177663
-44.3970333976443,-11.1487950427663
-44.3835333976443,-11.1254123677663
-44.3700333976443,-11.1020296927663
-44.3565333976443,-11.0786470177663
-44.3430333976443,-11.0552643427663
-44.3295333976443,-11.0318816677663
-44.2890333976443,-11.0084989927663
-44.4240333976443,-10.7746722427663
-44.6940333976443,-10.7746722427663
-44.8290333976443,-11.0084989927663
-44.6940333976443,-11.2423257427663
-44.4240333976443,-11.2423257427663
-44.3025333976443,-10.9851163177663
-44.3160333976443,-10.9617336427663
-44.3295333976443,-10.9383509677663
-44.3430333976443,-10.9149682927663
-44.3565333976443,-10.8915856177663
-44.3700333976443,-10.8682029427663
-44.3835333976443,-10.8448202677663
-44.3970333976443,-10.8214375927663
-44.4105333976443,-10.7980549177663
-44.4510333976443,-10.7746722427663
-44.4780333976443,-10.7746722427663
-44.5050333976443,-10.7746722427663
-44.5320333976443,-10.7746722427663
-44.5590333976443,-10.7746722427663
-44.5860333976443,-10.7746722427663
-44.6130333976443,-10.7746722427663
-44.6400333976443,-10.7746722427663
-44.6670333976443,-10.7746722427663
-44.7075333976443,-10.7980549177663
-44.7210333976443,-10.8214375927663
-44.7345333976443,-10.8448202677663
-44.7480333976443,-10.8682029427663
-44.7615333976443,-10.8915856177663
-44.7750333976443,-10.9149682927663
-44.7885333976443,-10.9383509677663
-44.8020333976443,-10.9617336427663
-44.8155333976443,-10.9851163177663
-44.8155333976443,-11.0318816677663
-44.8020333976443,-11.0552643427663
-44.7885333976443,-11.0786470177663
-44.7750333976443,-11.1020296927663
-44.7615333976443,-11.1254123677663
-44.7480333976443,-11.1487950427663
-44.7345333976443,-11.1721777177663
-44.7210333976443,-11.1955603927663
-44.7075333976443,-11.2189430677663
-44.6670333976443,-11.2423257427663
-44.6400333976443,-11.2423257427663
-44.6130333976443,-11.2423257427663
-44.5860333976443,-11.2423257427663
-44.5590333976443,-11.2423257427663
-44.5320333976443,-11.2423257427663
-44.5050333976443,-11.2423257427663
-44.4780333976443,-11.2423257427663
-44.4510333976443,-11.2423257427663
-44.4105333976443,-11.2189430677663
-44.3970333976443,-11.1955603927663
-44.3835333976443,-11.1721777177663
-44.3700333976443,-11.1487950427663
-44.3565333976443,-11.1254123677663
-44.3430333976443,-11.1020296927663
-44.3295333976443,-11.0786470177663
-44.3160333976443,-11.0552643427663
-44.3025333976443,-11.0318816677663
-44.2620333976443,-11.0084989927663
-44.4105333976443,-10.7512895677663
-44.8560333976443,-11.0084989927663
-44.7075333976443,-11.2657084177663
-44.4105333976443,-11.2657084177663
-44.2755333976443,-10.9851163177663
-44.2890333976443,-10.9617336427663
-44.3025333976443,-10.9383509677663
-44.3160333976443,-10.9149682927663
-44.3295333976443,-10.8915856177663
-44.3430333976443,-10.8682029427663
-44.3565333976443,-10.8448202677663
-44.3700333976443,-10.8214375927663
-44.3835333976443,-10.7980549177663
-44.3970333976443,-10.7746722427663
-44.4375333976443,-10.7512895677663
-44.4645333976443,-10.7512895677663
-44.4915333976443,-10.7512895677663
-44.5185333976443,-10.7512895677663
-44.5455333976443,-10.7512895677663
-44.5725333976443,-10.7512895677663
-44.5995333976443,-10.7512895677663
-44.6265333976443,-10.7512895677663
-44.6535333976443,-10.7512895677663
-44.7210333976443,-10.7746722427663
-44.7345333976443,-10.7980549177663
-44.7480333976443,-10.8214375927663
-44.7615333976443,-10.8448202677663
-44.7750333976443,-10.8682029427663
-44.7885333976443,-10.8915856177663
-44.8020333976443,-10.9149682927663
-44.8155333976443,-10.9383509677663
-44.8290333976443,-10.9617336427663
-44.8425333976443,-10.9851163177663
-44.8425333976443,-11.0318816677663
-44.8290333976443,-11.0552643427663
-44.8155333976443,-11.0786470177663
-44.8020333976443,-11.1020296927663
-44.7885333976443,-11.1254123677663
-44.7750333976443,-11.1487950427663
-44.7615333976443,-11.1721777177663
-44.7480333976443,-11.1955603927663
-44.7345333976443,-11.2189430677663
-44.7210333976443,-11.2423257427663
-44.6805333976443,-11.2657084177663
-44.6535333976443,-11.2657084177663
-44.6265333976443,-11.2657084177663
-44.5995333976443,-11.2657084177663
-44.5725333976443,-11.2657084177663
-44.5455333976443,-11.2657084177663
-44.5185333976443,-11.2657084177663
-44.4915333976443,-11.2657084177663
-44.4645333976443,-11.2657084177663
-44.4375333976443,-11.2657084177663
-44.3970333976443,-11.2423257427663
-44.3835333976443,-11.2189430677663
-44.3700333976443,-11.1955603927663
-44.3565333976443,-11.1721777177663
-44.3430333976443,-11.1487950427663
-44.3295333976443,-11.1254123677663
-44.3160333976443,-11.1020296927663
-44.3025333976443,-11.0786470177663
-44.2890333976443,-11.0552643427663
-44.2755333976443,-11.0318816677663
-44.2350333976443,-11.0084989927663
-44.3970333976443,-10.7279068927663
-44.8830333976443,-11.0084989927663
-44.7210333976443,-11.2890910927663
-44.2485333976443,-10.9851163177663
-44.2620333976443,-10.9617336427663
-44.2755333976443,-10.9383509677663
-44.2890333976443,-10.9149682927663
-44.3025333976443,-10.8915856177663
-44.3160333976443,-10.8682029427663
-44.3295333976443,-10.8448202677663
-44.3430333976443,-10.8214375927663
-44.3565333976443,-10.7980549177663
-44.3700333976443,-10.7746722427663
-44.3835333976443,-10.7512895677663
-44.4240333976443,-10.7279068927663
-44.4510333976443,-10.7279068927663
-44.4780333976443,-10.7279068927663
-44.5050333976443,-10.7279068927663
-44.5320333976443,-10.7279068927663
-44.5590333976443,-10.7279068927663
-44.5860333976443,-10.7279068927663
-44.6130333976443,-10.7279068927663
-44.6400333976443,-10.7279068927663
-44.7615333976443,-10.7980549177663
-44.7750333976443,-10.8214375927663
-44.7885333976443,-10.8448202677663
-44.8020333976443,-10.8682029427663
-44.8155333976443,-10.8915856177663
-44.8290333976443,-10.9149682927663
-44.8425333976443,-10.9383509677663
-44.8560333976443,-10.9617336427663
-44.8695333976443,-10.9851163177663
-44.8695333976443,-11.0318816677663
-44.8560333976443,-11.0552643427663
-44.8425333976443,-11.0786470177663
-44.8290333976443,-11.1020296927663
-44.8155333976443,-11.1254123677663
-44.8020333976443,-11.1487950427663
-44.7885333976443,-11.1721777177663
-44.7750333976443,-11.1955603927663
-44.7615333976443,-11.2189430677663
-44.7480333976443,-11.2423257427663
-44.7345333976443,-11.2657084177663
-44.6940333976443,-11.2890910927663
-44.6670333976443,-11.2890910927663
-44.6400333976443,-11.2890910927663
-44.6130333976443,-11.2890910927663
-44.5860333976443,-11.2890910927663
-44.5590333976443,-11.2890910927663
-44.5320333976443,-11.2890910927663
-44.5050333976443,-11.2890910927663
-44.4780333976443,-11.2890910927663
-44.4510333976443,-11.2890910927663
-44.4240333976443,-11.2890910927663
-44.3835333976443,-11.2657084177663
-44.3700333976443,-11.2423257427663
-44.3565333976443,-11.2189430677663
-44.3430333976443,-11.1955603927663
-44.3295333976443,-11.1721777177663
-44.3160333976443,-11.1487950427663
-44.3025333976443,-11.1254123677663
-44.2890333976443,-11.1020296927663
-44.2755333976443,-11.0786470177663
-44.2620333976443,-11.0552643427663
-44.2485333976443,-11.0318816677663
-44.2080333976443,-11.0084989927663
-44.3835333976443,-10.7045242177663
-44.9100333976443,-11.0084989927663
-44.7345333976443,-11.3124737677663
-44.2215333976443,-10.9851163177663
-44.2350333976443,-10.9617336427663
-44.2485333976443,-10.9383509677663
-44.2620333976443,-10.9149682927663
-44.2755333976443,-10.8915856177663
-44.2890333976443,-10.8682029427663
-44.3025333976443,-10.8448202677663
-44.3160333976443,-10.8214375927663
-44.3295333976443,-10.7980549177663
-44.3430333976443,-10.7746722427663
-44.3565333976443,-10.7512895677663
-44.3700333976443,-10.7279068927663
-44.4105333976443,-10.7045242177663
-44.4375333976443,-10.7045242177663
-44.4645333976443,-10.7045242177663
-44.4915333976443,-10.7045242177663
-44.5185333976443,-10.7045242177663
-44.5455333976443,-10.7045242177663
-44.5725333976443,-10.7045242177663
-44.5995333976443,-10.7045242177663
-44.6265333976443,-10.7045242177663
-44.6535333976443,-10.7045242177663
-44.8560333976443,-10.9149682927663
-44.8695333976443,-10.9383509677663
-44.8830333976443,-10.9617336427663
-44.8965333976443,-10.9851163177663
-44.8965333976443,-11.0318816677663
-44.8830333976443,-11.0552643427663
-44.8695333976443,-11.0786470177663
-44.8560333976443,-11.1020296927663
-44.8425333976443,-11.1254123677663
-44.8290333976443,-11.1487950427663
-44.8155333976443,-11.1721777177663
-44.8020333976443,-11.1955603927663
-44.7885333976443,-11.2189430677663
-44.7750333976443,-11.2423257427663
-44.7615333976443,-11.2657084177663
-44.7480333976443,-11.2890910927663
-44.7075333976443,-11.3124737677663
-44.6805333976443,-11.3124737677663
-44.6535333976443,-11.3124737677663
-44.6265333976443,-11.3124737677663
-44.5995333976443,-11.3124737677663
-44.5725333976443,-11.3124737677663
-44.5455333976443,-11.3124737677663
-44.5185333976443,-11.3124737677663
-44.4915333976443,-11.3124737677663
-44.4645333976443,-11.3124737677663
-44.4375333976443,-11.3124737677663
-44.3160333976443,-11.1955603927663
-44.3025333976443,-11.1721777177663
-44.2890333976443,-11.1487950427663
-44.2755333976443,-11.1254123677663
-44.2620333976443,-11.1020296927663
-44.2485333976443,-11.0786470177663
-44.2350333976443,-11.0552643427663
-44.2215333976443,-11.0318816677663
-44.3700333976443,-10.6811415427663
-44.9370333976443,-11.0084989927663
-44.7480333976443,-11.3358564427663
-44.1945333976443,-10.9851163177663
-44.2080333976443,-10.9617336427663
-44.2215333976443,-10.9383509677663
-44.2350333976443,-10.9149682927663
-44.2485333976443,-10.8915856177663
-44.2620333976443,-10.8682029427663
-44.2755333976443,-10.8448202677663
-44.2890333976443,-10.8214375927663
-44.3025333976443,-10.7980549177663
-44.3160333976443,-10.7746722427663
-44.3295333976443,-10.7512895677663
-44.3430333976443,-10.7279068927663
-44.3565333976443,-10.7045242177663
-44.3970333976443,-10.6811415427663
-44.4240333976443,-10.6811415427663
-44.4510333976443,-10.6811415427663
-44.4780333976443,-10.6811415427663
-44.5050333976443,-10.6811415427663
-44.5320333976443,-10.6811415427663
-44.5590333976443,-10.6811415427663
-44.5860333976443,-10.6811415427663
-44.6130333976443,-10.6811415427663
-44.6400333976443,-10.6811415427663
-44.8695333976443,-10.8915856177663
-44.8830333976443,-10.9149682927663
-44.8965333976443,-10.9383509677663
-44.9100333976443,-10.9617336427663
-44.9235333976443,-10.9851163177663
-44.9235333976443,-11.0318816677663
-44.9100333976443,-11.0552643427663
-44.8965333976443,-11.0786470177663
-44.8830333976443,-11.1020296927663
-44.8695333976443,-11.1254123677663
-44.8560333976443,-11.1487950427663
-44.8425333976443,-11.1721777177663
-44.8290333976443,-11.1955603927663
-44.8155333976443,-11.2189430677663
-44.8020333976443,-11.2423257427663
-44.7885333976443,-11.2657084177663
-44.7750333976443,-11.2890910927663
-44.7615333976443,-11.3124737677663
-44.7210333976443,-11.3358564427663
-44.6940333976443,-11.3358564427663
-44.6670333976443,-11.3358564427663
-44.6400333976443,-11.3358564427663
-44.6130333976443,-11.3358564427663
-44.5860333976443,-11.3358564427663
-44.5590333976443,-11.3358564427663
-44.5320333976443,-11.3358564427663
-44.5050333976443,-11.3358564427663
-44.4780333976443,-11.3358564427663
-44.4510333976443,-11.3358564427663
-44.2620333976443,-11.1487950427663
-44.2485333976443,-11.1254123677663
-44.2350333976443,-11.1020296927663
-44.3565333976443,-10.6577588677663
-44.9640333976443,-11.0084989927663
-44.7615333976443,-11.3592391177663
-44.1810333976443,-10.9617336427663
-44.1945333976443,-10.9383509677663
-44.2080333976443,-10.9149682927663
-44.2215333976443,-10.8915856177663
-44.2350333976443,-10.8682029427663
-44.2485333976443,-10.8448202677663
-44.2620333976443,-10.8214375927663
-44.2755333976443,-10.7980549177663
-44.2890333976443,-10.7746722427663
-44.3025333976443,-10.7512895677663
-44.3160333976443,-10.7279068927663
-44.3295333976443,-10.7045242177663
-44.3430333976443,-10.6811415427663
-44.3835333976443,-10.6577588677663
-44.4105333976443,-10.6577588677663
-44.4375333976443,-10.6577588677663
-44.4645333976443,-10.6577588677663
-44.4915333976443,-10.6577588677663
-44.5185333976443,-10.6577588677663
-44.5455333976443,-10.6577588677663
-44.5725333976443,-10.6577588677663
-44.5995333976443,-10.6577588677663
-44.9100333976443,-10.9149682927663
-44.9235333976443,-10.9383509677663
-44.9370333976443,-10.9617336427663
-44.9505333976443,-10.9851163177663
-44.9505333976443,-11.0318816677663
-44.9370333976443,-11.0552643427663
-44.9235333976443,-11.0786470177663
-44.9100333976443,-11.1020296927663
-44.8965333976443,-11.1254123677663
-44.8830333976443,-11.1487950427663
-44.8695333976443,-11.1721777177663
-44.8560333976443,-11.1955603927663
-44.8425333976443,-11.2189430677663
-44.8290333976443,-11.2423257427663
-44.8155333976443,-11.2657084177663
-44.8020333976443,-11.2890910927663
-44.7885333976443,-11.3124737677663
-44.7750333976443,-11.3358564427663
-44.7345333976443,-11.3592391177663
-44.7075333976443,-11.3592391177663
-44.6805333976443,-11.3592391177663
-44.6535333976443,-11.3592391177663
-44.6265333976443,-11.3592391177663
-44.5995333976443,-11.3592391177663
-44.5725333976443,-11.3592391177663
-44.5455333976443,-11.3592391177663
-44.5185333976443,-11.3592391177663
-44.4915333976443,-11.3592391177663
-44.4645333976443,-11.3592391177663
-44.3430333976443,-10.6343761927663
-44.7750333976443,-11.3826217927663
-44.1675333976443,-10.9383509677663
-44.1810333976443,-10.9149682927663
-44.1945333976443,-10.8915856177663
-44.2080333976443,-10.8682029427663
-44.2215333976443,-10.8448202677663
-44.2350333976443,-10.8214375927663
-44.2485333976443,-10.7980549177663
-44.2620333976443,-10.7746722427663
-44.2755333976443,-10.7512895677663
-44.2890333976443,-10.7279068927663
-44.3025333976443,-10.7045242177663
-44.3160333976443,-10.6811415427663
-44.3295333976443,-10.6577588677663
-44.3700333976443,-10.6343761927663
-44.3970333976443,-10.6343761927663
-44.4240333976443,-10.6343761927663
-44.4510333976443,-10.6343761927663
-44.4780333976443,-10.6343761927663
-44.5590333976443,-10.6343761927663
-44.5860333976443,-10.6343761927663
-44.9505333976443,-10.9383509677663
-44.9640333976443,-10.9617336427663
-44.9775333976443,-11.0318816677663
-44.9640333976443,-11.0552643427663
-44.9505333976443,-11.0786470177663
-44.9370333976443,-11.1020296927663
-44.9235333976443,-11.1254123677663
-44.9100333976443,-11.1487950427663
-44.8965333976443,-11.1721777177663
-44.8830333976443,-11.1955603927663
-44.8695333976443,-11.2189430677663
-44.8560333976443,-11.2423257427663
-44.8425333976443,-11.2657084177663
-44.8290333976443,-11.2890910927663
-44.8155333976443,-11.3124737677663
-44.8020333976443,-11.3358564427663
-44.7885333976443,-11.3592391177663
-44.7480333976443,-11.3826217927663
-44.7210333976443,-11.3826217927663
-44.6940333976443,-11.3826217927663
-44.6670333976443,-11.3826217927663
-44.6400333976443,-11.3826217927663
-44.6130333976443,-11.3826217927663
-44.5860333976443,-11.3826217927663
-44.5590333976443,-11.3826217927663
-44.5320333976443,-11.3826217927663
-44.5050333976443,-11.3826217927663
-44.3295333976443,-10.6109935177663
-44.7885333976443,-11.4060044677663
-44.1540333976443,-10.9149682927663
-44.1675333976443,-10.8915856177663
-44.1810333976443,-10.8682029427663
-44.1945333976443,-10.8448202677663
-44.2080333976443,-10.8214375927663
-44.2215333976443,-10.7980549177663
-44.2350333976443,-10.7746722427663
-44.2485333976443,-10.7512895677663
-44.2620333976443,-10.7279068927663
-44.2755333976443,-10.7045242177663
-44.2890333976443,-10.6811415427663
-44.3025333976443,-10.6577588677663
-44.3160333976443,-10.6343761927663
-44.3565333976443,-10.6109935177663
-44.3835333976443,-10.6109935177663
-44.4375333976443,-10.6109935177663
-44.9640333976443,-10.9149682927663
-44.9640333976443,-11.1020296927663
-44.9505333976443,-11.1254123677663
-44.9370333976443,-11.1487950427663
-44.9235333976443,-11.1721777177663
-44.9100333976443,-11.1955603927663
-44.8965333976443,-11.2189430677663
-44.8830333976443,-11.2423257427663
-44.8695333976443,-11.2657084177663
-44.8560333976443,-11.2890910927663
-44.8425333976443,-11.3124737677663
-44.8290333976443,-11.3358564427663
-44.8155333976443,-11.3592391177663
-44.8020333976443,-11.3826217927663
-44.7615333976443,-11.4060044677663
-44.7345333976443,-11.4060044677663
-44.6535333976443,-11.4060044677663
-44.5455333976443,-11.4060044677663
-44.5185333976443,-11.4060044677663
-44.3160333976443,-10.5876108427663
-44.1540333976443,-10.8682029427663
-44.1675333976443,-10.8448202677663
-44.1810333976443,-10.8214375927663
-44.1945333976443,-10.7980549177663
-44.2080333976443,-10.7746722427663
-44.2215333976443,-10.7512895677663
-44.2350333976443,-10.7279068927663
-44.2485333976443,-10.7045242177663
-44.2620333976443,-10.6811415427663
-44.2755333976443,-10.6577588677663
-44.2890333976443,-10.6343761927663
-44.3025333976443,-10.6109935177663
-44.3430333976443,-10.5876108427663
-44.3700333976443,-10.5876108427663
-44.9775333976443,-11.1254123677663
-44.9640333976443,-11.1487950427663
-44.9505333976443,-11.1721777177663
-44.9370333976443,-11.1955603927663
-44.9235333976443,-11.2189430677663
-44.9100333976443,-11.2423257427663
-44.8965333976443,-11.2657084177663
-44.8830333976443,-11.2890910927663
-44.8695333976443,-11.3124737677663
-44.8560333976443,-11.3358564427663
-44.8425333976443,-11.3592391177663
-44.8290333976443,-11.3826217927663
-44.1405333976443,-10.8448202677663
-44.1540333976443,-10.8214375927663
-44.1675333976443,-10.7980549177663
-44.1810333976443,-10.7746722427663
-44.1945333976443,-10.7512895677663
-44.2080333976443,-10.7279068927663
-44.2215333976443,-10.7045242177663
-44.2350333976443,-10.6811415427663
-44.2485333976443,-10.6577588677663
-44.2620333976443,-10.6343761927663
-44.3295333976443,-10.5642281677663
-44.3565333976443,-10.5642281677663
-45.0045333976443,-11.1254123677663
-44.9775333976443,-11.1721777177663
-44.9640333976443,-11.1955603927663
-44.9505333976443,-11.2189430677663
-44.9370333976443,-11.2423257427663
-44.9235333976443,-11.2657084177663
-44.9100333976443,-11.2890910927663
-44.8965333976443,-11.3124737677663
-44.8830333976443,-11.3358564427663
-44.1270333976443,-10.8214375927663
-44.1405333976443,-10.7980549177663
-44.1540333976443,-10.7746722427663
-44.1675333976443,-10.7512895677663
-44.1810333976443,-10.7279068927663
-44.1945333976443,-10.7045242177663
-44.2080333976443,-10.6811415427663
-44.2215333976443,-10.6577588677663
-44.2350333976443,-10.6343761927663
-44.9775333976443,-11.2189430677663
-44.9640333976443,-11.2423257427663
-44.9505333976443,-11.2657084177663
-44.9370333976443,-11.2890910927663
-44.9235333976443,-11.3124737677663
-44.9100333976443,-11.3358564427663
-44.1135333976443,-10.7980549177663
-44.1270333976443,-10.7746722427663
-44.1405333976443,-10.7512895677663
-44.1540333976443,-10.7279068927663
-44.1675333976443,-10.7045242177663
-44.1810333976443,-10.6811415427663
-44.1945333976443,-10.6577588677663
-44.2080333976443,-10.6343761927663
-44.9775333976443,-11.2657084177663
-44.9640333976443,-11.2890910927663
-44.9505333976443,-11.3124737677663
-44.9370333976443,-11.3358564427663
-44.1540333976443,-10.6811415427663
-44.1675333976443,-10.6577588677663
-44.1810333976443,-10.6343761927663
-44.9775333976443,-11.3124737677663
-44.9640333976443,-11.3358564427663
