-43.1128317590677,-10.0097621538394
-43.0858317590677,-10.0097621538394
-43.0993317590677,-9.9863794788394
-43.1263317590677,-9.9863794788394
-43.1398317590677,-10.0097621538394
-43.1263317590677,-10.0331448288394
-43.0993317590677,-10.0331448288394
-43.0588317590677,-10.0097621538394
-43.0858317590677,-9.9629968038394
-43.1398317590677,-9.9629968038394
-43.1668317590677,-10.0097621538394
-43.1398317590677,-10.0565275038394
-43.0858317590677,-10.0565275038394
-43.0723317590677,-9.9863794788394
-43.1128317590677,-9.9629968038394
-43.1533317590677,-9.9863794788394
-43.1533317590677,-10.0331448288394
-43.1128317590677,-10.0565275038394
-43.0723317590677,-10.0331448288394
-43.0318317590677,-10.0097621538394
-43.0723317590677,-9.9396141288394
-43.1533317590677,-9.9396141288394
-43.1938317590677,-10.0097621538394
-43.1533317590677,-10.0799101788394
-43.0723317590677,-10.0799101788394
-43.0453317590677,-9.9863794788394
-43.0588317590677,-9.9629968038394
-43.0993317590677,-9.9396141288394
-43.1263317590677,-9.9396141288394
-43.1668317590677,-9.9629968038394
-43.1803317590677,-9.9863794788394
-43.1803317590677,-10.0331448288394
-43.1668317590677,-10.0565275038394
-43.1263317590677,-10.0799101788394
-43.0993317590677,-10.0799101788394
-43.0588317590677,-10.0565275038394
-43.0453317590677,-10.0331448288394
-43.0048317590677,-10.0097621538394
-43.0588317590677,-9.9162314538394
-43.1668317590677,-9.9162314538394
-43.2208317590677,-10.0097621538394
-43.1668317590677,-10.1032928538394
-43.0588317590677,-10.1032928538394
-43.0183317590677,-9.9863794788394
-43.0318317590677,-9.9629968038394
-43.0453317590677,-9.9396141288394
-43.0858317590677,-9.9162314538394
-43.1128317590677,-9.9162314538394
-43.1398317590677,-9.9162314538394
-43.1803317590677,-9.9396141288394
-43.1938317590677,-9.9629968038394
-43.2073317590677,-9.9863794788394
-43.2073317590677,-10.0331448288394
-43.1938317590677,-10.0565275038394
-43.1803317590677,-10.0799101788394
-43.1398317590677,-10.1032928538394
-43.1128317590677,-10.1032928538394
-43.0858317590677,-10.1032928538394
-43.0453317590677,-10.0799101788394
-43.0318317590677,-10.0565275038394
-43.0183317590677,-10.0331448288394
-42.9778317590677,-10.0097621538394
-43.0453317590677,-9.8928487788394
-43.1803317590677,-9.8928487788394
-43.2478317590677,-10.0097621538394
-43.1803317590677,-10.1266755288394
-43.0453317590677,-10.1266755288394
-42.9913317590677,-9.9863794788394
-43.0048317590677,-9.9629968038394
-43.0183317590677,-9.9396141288394
-43.0318317590677,-9.9162314538394
-43.0723317590677,-9.8928487788394
-43.0993317590677,-9.8928487788394
-43.1263317590677,-9.8928487788394
-43.1533317590677,-9.8928487788394
-43.1938317590677,-9.9162314538394
-43.2073317590677,-9.9396141288394
-43.2208317590677,-9.9629968038394
-43.2343317590677,-9.9863794788394
-43.2343317590677,-10.0331448288394
-43.2208317590677,-10.0565275038394
-43.2073317590677,-10.0799101788394
-43.1938317590677,-10.1032928538394
-43.1533317590677,-10.1266755288394
-43.1263317590677,-10.1266755288394
-43.0993317590677,-10.1266755288394
-43.0723317590677,-10.1266755288394
-43.0318317590677,-10.1032928538394
-43.0183317590677,-10.0799101788394
-43.0048317590677,-10.0565275038394
-42.9913317590677,-10.0331448288394
-42.9508317590677,-10.0097621538394
-43.0318317590677,-9.8694661038394
-43.1938317590677,-9.8694661038394
-43.2748317590677,-10.0097621538394
-43.1938317590677,-10.1500582038394
-43.0318317590677,-10.1500582038394
-42.9643317590677,-9.9863794788394
-42.9778317590677,-9.9629968038394
-42.9913317590677,-9.9396141288394
-43.0048317590677,-9.9162314538394
-43.0183317590677,-9.8928487788394
-43.0588317590677,-9.8694661038394
-43.0858317590677,-9.8694661038394
-43.1128317590677,-9.8694661038394
-43.1398317590677,-9.8694661038394
-43.1668317590677,-9.8694661038394
-43.2073317590677,-9.8928487788394
-43.2208317590677,-9.9162314538394
-43.2343317590677,-9.9396141288394
-43.2478317590677,-9.9629968038394
-43.2613317590677,-9.9863794788394
-43.2613317590677,-10.0331448288394
-43.2478317590677,-10.0565275038394
-43.2343317590677,-10.0799101788394
-43.2208317590677,-10.1032928538394
-43.2073317590677,-10.1266755288394
-43.1668317590677,-10.1500582038394
-43.1398317590677,-10.1500582038394
-43.1128317590677,-10.1500582038394
-43.0858317590677,-10.1500582038394
-43.0588317590677,-10.1500582038394
-43.0183317590677,-10.1266755288394
-43.0048317590677,-10.1032928538394
-42.9913317590677,-10.0799101788394
-42.9778317590677,-10.0565275038394
-42.9643317590677,-10.0331448288394
-42.9238317590677,-10.0097621538394
-43.0183317590677,-9.8460834288394
-43.2073317590677,-9.8460834288394
-43.3018317590677,-10.0097621538394
-43.2073317590677,-10.1734408788394
-43.0183317590677,-10.1734408788394
-42.9373317590677,-9.9863794788394
-42.9508317590677,-9.9629968038394
-42.9643317590677,-9.9396141288394
-42.9778317590677,-9.9162314538394
-42.9913317590677,-9.8928487788394
-43.0048317590677,-9.8694661038394
-43.0453317590677,-9.8460834288394
-43.0723317590677,-9.8460834288394
-43.0993317590677,-9.8460834288394
-43.1263317590677,-9.8460834288394
-43.1533317590677,-9.8460834288394
-43.1803317590677,-9.8460834288394
-43.2208317590677,-9.8694661038394
-43.2343317590677,-9.8928487788394
-43.2478317590677,-9.9162314538394
-43.2613317590677,-9.9396141288394
-43.2748317590677,-9.9629968038394
-43.2883317590677,-9.9863794788394
-43.2883317590677,-10.0331448288394
-43.2748317590677,-10.0565275038394
-43.2613317590677,-10.0799101788394
-43.2478317590677,-10.1032928538394
-43.2343317590677,-10.1266755288394
-43.2208317590677,-10.1500582038394
-43.1803317590677,-10.1734408788394
-43.1533317590677,-10.1734408788394
-43.1263317590677,-10.1734408788394
-43.0993317590677,-10.1734408788394
-43.0723317590677,-10.1734408788394
-43.0453317590677,-10.1734408788394
-43.0048317590677,-10.1500582038394
-42.9913317590677,-10.1266755288394
-42.9778317590677,-10.1032928538394
-42.9643317590677,-10.0799101788394
-42.9508317590677,-10.0565275038394
-42.9373317590677,-10.0331448288394
-42.8968317590677,-10.0097621538394
-43.0048317590677,-9.8227007538394
-43.2208317590677,-9.8227007538394
-43.3288317590677,-10.0097621538394
-43.2208317590677,-10.1968235538394
-43.0048317590677,-10.1968235538394
-42.9103317590677,-9.9863794788394
-42.9238317590677,-9.9629968038394
-42.9373317590677,-9.9396141288394
-42.9508317590677,-9.9162314538394
-42.9643317590677,-9.8928487788394
-42.9778317590677,-9.8694661038394
-42.9913317590677,-9.8460834288394
-43.0318317590677,-9.8227007538394
-43.0588317590677,-9.8227007538394
-43.0858317590677,-9.8227007538394
-43.1128317590677,-9.8227007538394
-43.1398317590677,-9.8227007538394
-43.1668317590677,-9.8227007538394
-43.1938317590677,-9.8227007538394
-43.2343317590677,-9.8460834288394
-43.2478317590677,-9.8694661038394
-43.2613317590677,-9.8928487788394
-43.2748317590677,-9.9162314538394
-43.2883317590677,-9.9396141288394
-43.3018317590677,-9.9629968038394
-43.3153317590677,-9.9863794788394
-43.3153317590677,-10.0331448288394
-43.3018317590677,-10.0565275038394
-43.2883317590677,-10.0799101788394
-43.2748317590677,-10.1032928538394
-43.2613317590677,-10.1266755288394
-43.2478317590677,-10.1500582038394
-43.2343317590677,-10.1734408788394
-43.1938317590677,-10.1968235538394
-43.1668317590677,-10.1968235538394
-43.1398317590677,-10.1968235538394
-43.1128317590677,-10.1968235538394
-43.0858317590677,-10.1968235538394
-43.0588317590677,-10.1968235538394
-43.0318317590677,-10.1968235538394
-42.9913317590677,-10.1734408788394
-42.9778317590677,-10.1500582038394
-42.9643317590677,-10.1266755288394
-42.9508317590677,-10.1032928538394
-42.9373317590677,-10.0799101788394
-42.9238317590677,-10.0565275038394
-42.9103317590677,-10.0331448288394
-42.8698317590677,-10.0097621538394
-42.9913317590677,-9.7993180788394
-43.2343317590677,-9.7993180788394
-43.3558317590677,-10.0097621538394
-43.2343317590677,-10.2202062288394
-42.9913317590677,-10.2202062288394
-42.8833317590677,-9.9863794788394
-42.8968317590677,-9.9629968038394
-42.9103317590677,-9.9396141288394
-42.9238317590677,-9.9162314538394
-42.9373317590677,-9.8928487788394
-42.9508317590677,-9.8694661038394
-42.9643317590677,-9.8460834288394
-42.9778317590677,-9.8227007538394
-43.0183317590677,-9.7993180788394
-43.0453317590677,-9.7993180788394
-43.0723317590677,-9.7993180788394
-43.0993317590677,-9.7993180788394
-43.1263317590677,-9.7993180788394
-43.1533317590677,-9.7993180788394
-43.1803317590677,-9.7993180788394
-43.2073317590677,-9.7993180788394
-43.2478317590677,-9.8227007538394
-43.2613317590677,-9.8460834288394
-43.2748317590677,-9.8694661038394
-43.2883317590677,-9.8928487788394
-43.3018317590677,-9.9162314538394
-43.3153317590677,-9.9396141288394
-43.3288317590677,-9.9629968038394
-43.3423317590677,-9.9863794788394
-43.3423317590677,-10.0331448288394
-43.3288317590677,-10.0565275038394
-43.3153317590677,-10.0799101788394
-43.3018317590677,-10.1032928538394
-43.2883317590677,-10.1266755288394
-43.2748317590677,-10.1500582038394
-43.2613317590677,-10.1734408788394
-43.2478317590677,-10.1968235538394
-43.2073317590677,-10.2202062288394
-43.1803317590677,-10.2202062288394
-43.1533317590677,-10.2202062288394
-43.1263317590677,-10.2202062288394
-43.0993317590677,-10.2202062288394
-43.0723317590677,-10.2202062288394
-43.0453317590677,-10.2202062288394
-43.0183317590677,-10.2202062288394
-42.9778317590677,-10.1968235538394
-42.9643317590677,-10.1734408788394
-42.9508317590677,-10.1500582038394
-42.9373317590677,-10.1266755288394
-42.9238317590677,-10.1032928538394
-42.9103317590677,-10.0799101788394
-42.8968317590677,-10.0565275038394
-42.8833317590677,-10.0331448288394
-42.8428317590677,-10.0097621538394
-42.9778317590677,-9.7759354038394
-43.2478317590677,-9.7759354038394
-43.3828317590677,-10.0097621538394
-42.9778317590677,-10.2435889038394
-42.8563317590677,-9.9863794788394
-42.8698317590677,-9.9629968038394
-42.8833317590677,-9.9396141288394
-42.8968317590677,-9.9162314538394
-42.9103317590677,-9.8928487788394
-42.9238317590677,-9.8694661038394
-42.9373317590677,-9.8460834288394
-42.9508317590677,-9.8227007538394
-42.9643317590677,-9.7993180788394
-43.0048317590677,-9.7759354038394
-43.0318317590677,-9.7759354038394
-43.0588317590677,-9.7759354038394
-43.0858317590677,-9.7759354038394
-43.1128317590677,-9.7759354038394
-43.1398317590677,-9.7759354038394
-43.1668317590677,-9.7759354038394
-43.1938317590677,-9.7759354038394
-43.2208317590677,-9.7759354038394
-43.2613317590677,-9.7993180788394
-43.2748317590677,-9.8227007538394
-43.2883317590677,-9.8460834288394
-43.3018317590677,-9.8694661038394
-43.3153317590677,-9.8928487788394
-43.3288317590677,-9.9162314538394
-43.3423317590677,-9.9396141288394
-43.3558317590677,-9.9629968038394
-43.3693317590677,-9.9863794788394
-43.3693317590677,-10.0331448288394
-43.3558317590677,-10.0565275038394
-43.3423317590677,-10.0799101788394
-43.3288317590677,-10.1032928538394
-43.3153317590677,-10.1266755288394
-43.3018317590677,-10.1500582038394
-43.2883317590677,-10.1734408788394
-43.2748317590677,-10.1968235538394
-43.2613317590677,-10.2202062288394
-43.2208317590677,-10.2435889038394
-43.1938317590677,-10.2435889038394
-43.1668317590677,-10.2435889038394
-43.1398317590677,-10.2435889038394
-43.1128317590677,-10.2435889038394
-43.0858317590677,-10.2435889038394
-43.0588317590677,-10.2435889038394
-43.0318317590677,-10.2435889038394
-43.0048317590677,-10.2435889038394
-42.9643317590677,-10.2202062288394
-42.9508317590677,-10.1968235538394
-42.9373317590677,-10.1734408788394
-42.9238317590677,-10.1500582038394
-42.9103317590677,-10.1266755288394
-42.8968317590677,-10.1032928538394
-42.8833317590677,-10.0799101788394
-42.8698317590677,-10.0565275038394
-42.8563317590677,-10.0331448288394
-42.8158317590677,-10.0097621538394
-42.9643317590677,-9.7525527288394
-43.2613317590677,-9.7525527288394
-43.4098317590677,-10.0097621538394
-42.9643317590677,-10.2669715788394
-42.8293317590677,-9.9863794788394
-42.8428317590677,-9.9629968038394
-42.8563317590677,-9.9396141288394
-42.8698317590677,-9.9162314538394
-42.8833317590677,-9.8928487788394
-42.8968317590677,-9.8694661038394
-42.9103317590677,-9.8460834288394
-42.9238317590677,-9.8227007538394
-42.9373317590677,-9.7993180788394
-42.9508317590677,-9.7759354038394
-42.9913317590677,-9.7525527288394
-43.0183317590677,-9.7525527288394
-43.0453317590677,-9.7525527288394
-43.0723317590677,-9.7525527288394
-43.0993317590677,-9.7525527288394
-43.1263317590677,-9.7525527288394
-43.1533317590677,-9.7525527288394
-43.1803317590677,-9.7525527288394
-43.2073317590677,-9.7525527288394
-43.2343317590677,-9.7525527288394
-43.2748317590677,-9.7759354038394
-43.2883317590677,-9.7993180788394
-43.3018317590677,-9.8227007538394
-43.3153317590677,-9.8460834288394
-43.3288317590677,-9.8694661038394
-43.3423317590677,-9.8928487788394
-43.3558317590677,-9.9162314538394
-43.3693317590677,-9.9396141288394
-43.3828317590677,-9.9629968038394
-43.3963317590677,-9.9863794788394
-43.3963317590677,-10.0331448288394
-43.3828317590677,-10.0565275038394
-43.3693317590677,-10.0799101788394
-43.3558317590677,-10.1032928538394
-43.3423317590677,-10.1266755288394
-43.3288317590677,-10.1500582038394
-43.3153317590677,-10.1734408788394
-43.3018317590677,-10.1968235538394
-43.2883317590677,-10.2202062288394
-43.1803317590677,-10.2669715788394
-43.1533317590677,-10.2669715788394
-43.1263317590677,-10.2669715788394
-43.0993317590677,-10.2669715788394
-43.0723317590677,-10.2669715788394
-43.0453317590677,-10.2669715788394
-43.0183317590677,-10.2669715788394
-42.9913317590677,-10.2669715788394
-42.9508317590677,-10.2435889038394
-42.9373317590677,-10.2202062288394
-42.9238317590677,-10.1968235538394
-42.9103317590677,-10.1734408788394
-42.8968317590677,-10.1500582038394
-42.8833317590677,-10.1266755288394
-42.8698317590677,-10.1032928538394
-42.8563317590677,-10.0799101788394
-42.8428317590677,-10.0565275038394
-42.8293317590677,-10.0331448288394
-42.7888317590677,-10.0097621538394
-43.2748317590677,-9.7291700538394
-43.4368317590677,-10.0097621538394
-42.9508317590677,-10.2903542538394
-42.8023317590677,-9.9863794788394
-42.8158317590677,-9.9629968038394
-42.8293317590677,-9.9396141288394
-42.8428317590677,-9.9162314538394
-42.8563317590677,-9.8928487788394
-42.8698317590677,-9.8694661038394
-42.8833317590677,-9.8460834288394
-42.8968317590677,-9.8227007538394
-42.9103317590677,-9.7993180788394
-42.9238317590677,-9.7759354038394
-42.9373317590677,-9.7525527288394
-43.1668317590677,-9.7291700538394
-43.1938317590677,-9.7291700538394
-43.2208317590677,-9.7291700538394
-43.2478317590677,-9.7291700538394
-43.2883317590677,-9.7525527288394
-43.3018317590677,-9.7759354038394
-43.3153317590677,-9.7993180788394
-43.3288317590677,-9.8227007538394
-43.3423317590677,-9.8460834288394
-43.3558317590677,-9.8694661038394
-43.3693317590677,-9.8928487788394
-43.3828317590677,-9.9162314538394
-43.3963317590677,-9.9396141288394
-43.4098317590677,-9.9629968038394
-43.4233317590677,-9.9863794788394
-43.4233317590677,-10.0331448288394
-43.4098317590677,-10.0565275038394
-43.3963317590677,-10.0799101788394
-43.3828317590677,-10.1032928538394
-43.3693317590677,-10.1266755288394
-43.3558317590677,-10.1500582038394
-43.3423317590677,-10.1734408788394
-43.3288317590677,-10.1968235538394
-43.3153317590677,-10.2202062288394
-43.1398317590677,-10.2903542538394
-43.1128317590677,-10.2903542538394
-43.0858317590677,-10.2903542538394
-43.0588317590677,-10.2903542538394
-43.0318317590677,-10.2903542538394
-43.0048317590677,-10.2903542538394
-42.9778317590677,-10.2903542538394
-42.9373317590677,-10.2669715788394
-42.9238317590677,-10.2435889038394
-42.9103317590677,-10.2202062288394
-42.8968317590677,-10.1968235538394
-42.8833317590677,-10.1734408788394
-42.8698317590677,-10.1500582038394
-42.8563317590677,-10.1266755288394
-42.8428317590677,-10.1032928538394
-42.8293317590677,-10.0799101788394
-42.8158317590677,-10.0565275038394
-42.8023317590677,-10.0331448288394
-42.7618317590677,-10.0097621538394
-43.4638317590677,-10.0097621538394
-42.9373317590677,-10.3137369288394
-42.7753317590677,-9.9863794788394
-42.7888317590677,-9.9629968038394
-42.8023317590677,-9.9396141288394
-42.8158317590677,-9.9162314538394
-42.8293317590677,-9.8928487788394
-42.8428317590677,-9.8694661038394
-42.8563317590677,-9.8460834288394
-42.8698317590677,-9.8227007538394
-42.8833317590677,-9.7993180788394
-42.8968317590677,-9.7759354038394
-42.9103317590677,-9.7525527288394
-43.3018317590677,-9.7291700538394
-43.3153317590677,-9.7525527288394
-43.3288317590677,-9.7759354038394
-43.3423317590677,-9.7993180788394
-43.3558317590677,-9.8227007538394
-43.3693317590677,-9.8460834288394
-43.3828317590677,-9.8694661038394
-43.3963317590677,-9.8928487788394
-43.4098317590677,-9.9162314538394
-43.4233317590677,-9.9396141288394
-43.4368317590677,-9.9629968038394
-43.4503317590677,-9.9863794788394
-43.4503317590677,-10.0331448288394
-43.4368317590677,-10.0565275038394
-43.4233317590677,-10.0799101788394
-43.4098317590677,-10.1032928538394
-43.3963317590677,-10.1266755288394
-43.3828317590677,-10.1500582038394
-43.3693317590677,-10.1734408788394
-43.3558317590677,-10.1968235538394
-43.3423317590677,-10.2202062288394
-43.0993317590677,-10.3137369288394
-43.0723317590677,-10.3137369288394
-43.0453317590677,-10.3137369288394
-43.0183317590677,-10.3137369288394
-42.9913317590677,-10.3137369288394
-42.9643317590677,-10.3137369288394
-42.9238317590677,-10.2903542538394
-42.9103317590677,-10.2669715788394
-42.8968317590677,-10.2435889038394
-42.8833317590677,-10.2202062288394
-42.8698317590677,-10.1968235538394
-42.8563317590677,-10.1734408788394
-42.8428317590677,-10.1500582038394
-42.8293317590677,-10.1266755288394
-42.8158317590677,-10.1032928538394
-42.8023317590677,-10.0799101788394
-42.7888317590677,-10.0565275038394
-42.7753317590677,-10.0331448288394
-42.7348317590677,-10.0097621538394
-43.4908317590677,-10.0097621538394
-42.9238317590677,-10.3371196038394
-42.7483317590677,-9.9863794788394
-42.7618317590677,-9.9629968038394
-42.7753317590677,-9.9396141288394
-42.7888317590677,-9.9162314538394
-42.8023317590677,-9.8928487788394
-42.8158317590677,-9.8694661038394
-42.8293317590677,-9.8460834288394
-42.8428317590677,-9.8227007538394
-42.8563317590677,-9.7993180788394
-42.8698317590677,-9.7759354038394
-42.8833317590677,-9.7525527288394
-43.3288317590677,-9.7291700538394
-43.3423317590677,-9.7525527288394
-43.3558317590677,-9.7759354038394
-43.3693317590677,-9.7993180788394
-43.3828317590677,-9.8227007538394
-43.3963317590677,-9.8460834288394
-43.4098317590677,-9.8694661038394
-43.4233317590677,-9.8928487788394
-43.4368317590677,-9.9162314538394
-43.4503317590677,-9.9396141288394
-43.4638317590677,-9.9629968038394
-43.4773317590677,-9.9863794788394
-43.4773317590677,-10.0331448288394
-43.4638317590677,-10.0565275038394
-43.4503317590677,-10.0799101788394
-43.4368317590677,-10.1032928538394
-43.4233317590677,-10.1266755288394
-43.4098317590677,-10.1500582038394
-43.3963317590677,-10.1734408788394
-43.3828317590677,-10.1968235538394
-43.3693317590677,-10.2202062288394
-43.0588317590677,-10.3371196038394
-43.0318317590677,-10.3371196038394
-43.0048317590677,-10.3371196038394
-42.9778317590677,-10.3371196038394
-42.9508317590677,-10.3371196038394
-42.9103317590677,-10.3137369288394
-42.8968317590677,-10.2903542538394
-42.8833317590677,-10.2669715788394
-42.8698317590677,-10.2435889038394
-42.8563317590677,-10.2202062288394
-42.8428317590677,-10.1968235538394
-42.8293317590677,-10.1734408788394
-42.8158317590677,-10.1500582038394
-42.8023317590677,-10.1266755288394
-42.7888317590677,-10.1032928538394
-42.7753317590677,-10.0799101788394
-42.7618317590677,-10.0565275038394
-42.7483317590677,-10.0331448288394
-42.7078317590677,-10.0097621538394
-43.5178317590677,-10.0097621538394
-42.9103317590677,-10.3605022788394
-42.7213317590677,-9.9863794788394
-42.7348317590677,-9.9629968038394
-42.7483317590677,-9.9396141288394
-42.7618317590677,-9.9162314538394
-42.7753317590677,-9.8928487788394
-42.7888317590677,-9.8694661038394
-42.8023317590677,-9.8460834288394
-42.8158317590677,-9.8227007538394
-42.8293317590677,-9.7993180788394
-42.8428317590677,-9.7759354038394
-42.8563317590677,-9.7525527288394
-43.3558317590677,-9.7291700538394
-43.3693317590677,-9.7525527288394
-43.3828317590677,-9.7759354038394
-43.3963317590677,-9.7993180788394
-43.4098317590677,-9.8227007538394
-43.4233317590677,-9.8460834288394
-43.4368317590677,-9.8694661038394
-43.4503317590677,-9.8928487788394
-43.4638317590677,-9.9162314538394
-43.4773317590677,-9.9396141288394
-43.4908317590677,-9.9629968038394
-43.5043317590677,-9.9863794788394
-43.5043317590677,-10.0331448288394
-43.4908317590677,-10.0565275038394
-43.4773317590677,-10.0799101788394
-43.4638317590677,-10.1032928538394
-43.4503317590677,-10.1266755288394
-43.4368317590677,-10.1500582038394
-43.4233317590677,-10.1734408788394
-43.4098317590677,-10.1968235538394
-43.3963317590677,-10.2202062288394
-43.0183317590677,-10.3605022788394
-42.9913317590677,-10.3605022788394
-42.9643317590677,-10.3605022788394
-42.9373317590677,-10.3605022788394
-42.8968317590677,-10.3371196038394
-42.8833317590677,-10.3137369288394
-42.8698317590677,-10.2903542538394
-42.8563317590677,-10.2669715788394
-42.8428317590677,-10.2435889038394
-42.8293317590677,-10.2202062288394
-42.8158317590677,-10.1968235538394
-42.8023317590677,-10.1734408788394
-42.7888317590677,-10.1500582038394
-42.7753317590677,-10.1266755288394
-42.7618317590677,-10.1032928538394
-42.7483317590677,-10.0799101788394
-42.7348317590677,-10.0565275038394
-42.7213317590677,-10.0331448288394
-42.6808317590677,-10.0097621538394
-43.5448317590677,-10.0097621538394
-42.8968317590677,-10.3838849538394
-42.6943317590677,-9.9863794788394
-42.7078317590677,-9.9629968038394
-42.7213317590677,-9.9396141288394
-42.7348317590677,-9.9162314538394
-42.7483317590677,-9.8928487788394
-42.7618317590677,-9.8694661038394
-42.7753317590677,-9.8460834288394
-42.7888317590677,-9.8227007538394
-42.8023317590677,-9.7993180788394
-42.8158317590677,-9.7759354038394
-42.8293317590677,-9.7525527288394
-43.3828317590677,-9.7291700538394
-43.3963317590677,-9.7525527288394
-43.4098317590677,-9.7759354038394
-43.4233317590677,-9.7993180788394
-43.4368317590677,-9.8227007538394
-43.4503317590677,-9.8460834288394
-43.4638317590677,-9.8694661038394
-43.4773317590677,-9.8928487788394
-43.4908317590677,-9.9162314538394
-43.5043317590677,-9.9396141288394
-43.5178317590677,-9.9629968038394
-43.5313317590677,-9.9863794788394
-43.5313317590677,-10.0331448288394
-43.5178317590677,-10.0565275038394
-43.5043317590677,-10.0799101788394
-43.4908317590677,-10.1032928538394
-43.4773317590677,-10.1266755288394
-43.4638317590677,-10.1500582038394
-43.4503317590677,-10.1734408788394
-43.4368317590677,-10.1968235538394
-43.4233317590677,-10.2202062288394
-42.9778317590677,-10.3838849538394
-42.9508317590677,-10.3838849538394
-42.9238317590677,-10.3838849538394
-42.8833317590677,-10.3605022788394
-42.8698317590677,-10.3371196038394
-42.8563317590677,-10.3137369288394
-42.8428317590677,-10.2903542538394
-42.8293317590677,-10.2669715788394
-42.8158317590677,-10.2435889038394
-42.8023317590677,-10.2202062288394
-42.7888317590677,-10.1968235538394
-42.7753317590677,-10.1734408788394
-42.7618317590677,-10.1500582038394
-42.7483317590677,-10.1266755288394
-42.7348317590677,-10.1032928538394
-42.7213317590677,-10.0799101788394
-42.7078317590677,-10.0565275038394
-42.6943317590677,-10.0331448288394
-42.6538317590676,-10.0097621538394
-43.5718317590677,-10.0097621538394
-42.8833317590677,-10.4072676288394
-42.6673317590677,-9.9863794788394
-42.6808317590677,-9.9629968038394
-42.6943317590677,-9.9396141288394
-42.7078317590677,-9.9162314538394
-42.7213317590677,-9.8928487788394
-42.7348317590677,-9.8694661038394
-42.7483317590677,-9.8460834288394
-42.7618317590677,-9.8227007538394
-42.7753317590677,-9.7993180788394
-42.7888317590677,-9.7759354038394
-42.8023317590677,-9.7525527288394
-43.3963317590677,-9.7057873788394
-43.4098317590677,-9.7291700538394
-43.4233317590677,-9.7525527288394
-43.4368317590677,-9.7759354038394
-43.4503317590677,-9.7993180788394
-43.4638317590677,-9.8227007538394
-43.4773317590677,-9.8460834288394
-43.4908317590677,-9.8694661038394
-43.5043317590677,-9.8928487788394
-43.5178317590677,-9.9162314538394
-43.5313317590677,-9.9396141288394
-43.5448317590677,-9.9629968038394
-43.5583317590677,-9.9863794788394
-43.5583317590677,-10.0331448288394
-43.5448317590677,-10.0565275038394
-43.5313317590677,-10.0799101788394
-43.5178317590677,-10.1032928538394
-43.5043317590677,-10.1266755288394
-43.4908317590677,-10.1500582038394
-43.4773317590677,-10.1734408788394
-43.4638317590677,-10.1968235538394
-43.4503317590677,-10.2202062288394
-42.9373317590677,-10.4072676288394
-42.9103317590677,-10.4072676288394
-42.8698317590677,-10.3838849538394
-42.8563317590677,-10.3605022788394
-42.8428317590677,-10.3371196038394
-42.8293317590677,-10.3137369288394
-42.8158317590677,-10.2903542538394
-42.8023317590677,-10.2669715788394
-42.7888317590677,-10.2435889038394
-42.7753317590677,-10.2202062288394
-42.7618317590677,-10.1968235538394
-42.7483317590677,-10.1734408788394
-42.7348317590677,-10.1500582038394
-42.7213317590677,-10.1266755288394
-42.7078317590677,-10.1032928538394
-42.6943317590677,-10.0799101788394
-42.6808317590677,-10.0565275038394
-42.6673317590677,-10.0331448288394
-42.6268317590676,-10.0097621538394
-43.5988317590677,-10.0097621538394
-42.8698317590677,-10.4306503038394
-42.6403317590676,-9.9863794788394
-42.6538317590676,-9.9629968038394
-42.6673317590677,-9.9396141288394
-42.6808317590677,-9.9162314538394
-42.6943317590677,-9.8928487788394
-42.7078317590677,-9.8694661038394
-42.7213317590677,-9.8460834288394
-42.7348317590677,-9.8227007538394
-42.7483317590677,-9.7993180788394
-42.7618317590677,-9.7759354038394
-42.7753317590677,-9.7525527288394
-43.4098317590677,-9.6824047038394
-43.4233317590677,-9.7057873788394
-43.4368317590677,-9.7291700538394
-43.4503317590677,-9.7525527288394
-43.4638317590677,-9.7759354038394
-43.4773317590677,-9.7993180788394
-43.4908317590677,-9.8227007538394
-43.5043317590677,-9.8460834288394
-43.5178317590677,-9.8694661038394
-43.5313317590677,-9.8928487788394
-43.5448317590677,-9.9162314538394
-43.5583317590677,-9.9396141288394
-43.5718317590677,-9.9629968038394
-43.5853317590677,-9.9863794788394
-43.5853317590677,-10.0331448288394
-43.5718317590677,-10.0565275038394
-43.5583317590677,-10.0799101788394
-43.5448317590677,-10.1032928538394
-43.5313317590677,-10.1266755288394
-43.5178317590677,-10.1500582038394
-43.5043317590677,-10.1734408788394
-43.4908317590677,-10.1968235538394
-43.4773317590677,-10.2202062288394
-43.4638317590677,-10.2435889038394
-42.8968317590677,-10.4306503038394
-42.8563317590677,-10.4072676288394
-42.8428317590677,-10.3838849538394
-42.8293317590677,-10.3605022788394
-42.8158317590677,-10.3371196038394
-42.8023317590677,-10.3137369288394
-42.7888317590677,-10.2903542538394
-42.7753317590677,-10.2669715788394
-42.7618317590677,-10.2435889038394
-42.7483317590677,-10.2202062288394
-42.7348317590677,-10.1968235538394
-42.7213317590677,-10.1734408788394
-42.7078317590677,-10.1500582038394
-42.6943317590677,-10.1266755288394
-42.6808317590677,-10.1032928538394
-42.6673317590677,-10.0799101788394
-42.6538317590676,-10.0565275038394
-42.6403317590676,-10.0331448288394
-42.5998317590676,-10.0097621538394
-43.6258317590677,-10.0097621538394
-42.8563317590677,-10.4540329788394
-42.6133317590676,-9.9863794788394
-42.6268317590676,-9.9629968038394
-42.6403317590676,-9.9396141288394
-42.6538317590676,-9.9162314538394
-42.6673317590677,-9.8928487788394
-42.6808317590677,-9.8694661038394
-42.6943317590677,-9.8460834288394
-42.7078317590677,-9.8227007538394
-42.7213317590677,-9.7993180788394
-42.7348317590677,-9.7759354038394
-42.7483317590677,-9.7525527288394
-43.4233317590677,-9.6590220288394
-43.4368317590677,-9.6824047038394
-43.4503317590677,-9.7057873788394
-43.4638317590677,-9.7291700538394
-43.4773317590677,-9.7525527288394
-43.4908317590677,-9.7759354038394
-43.5043317590677,-9.7993180788394
-43.5178317590677,-9.8227007538394
-43.5313317590677,-9.8460834288394
-43.5448317590677,-9.8694661038394
-43.5583317590677,-9.8928487788394
-43.5718317590677,-9.9162314538394
-43.5853317590677,-9.9396141288394
-43.5988317590677,-9.9629968038394
-43.6123317590677,-9.9863794788394
-43.6123317590677,-10.0331448288394
-43.5988317590677,-10.0565275038394
-43.5853317590677,-10.0799101788394
-43.5718317590677,-10.1032928538394
-43.5583317590677,-10.1266755288394
-43.5448317590677,-10.1500582038394
-43.5313317590677,-10.1734408788394
-43.5178317590677,-10.1968235538394
-43.5043317590677,-10.2202062288394
-43.4908317590677,-10.2435889038394
-43.4773317590677,-10.2669715788394
-42.8428317590677,-10.4306503038394
-42.8293317590677,-10.4072676288394
-42.8158317590677,-10.3838849538394
-42.8023317590677,-10.3605022788394
-42.7888317590677,-10.3371196038394
-42.7753317590677,-10.3137369288394
-42.7618317590677,-10.2903542538394
-42.7483317590677,-10.2669715788394
-42.7348317590677,-10.2435889038394
-42.7213317590677,-10.2202062288394
-42.7078317590677,-10.1968235538394
-42.6943317590677,-10.1734408788394
-42.6808317590677,-10.1500582038394
-42.6673317590677,-10.1266755288394
-42.6538317590676,-10.1032928538394
-42.6403317590676,-10.0799101788394
-42.6268317590676,-10.0565275038394
-42.6133317590676,-10.0331448288394
-42.5728317590676,-10.0097621538394
-43.6528317590677,-10.0097621538394
-42.5863317590676,-9.9863794788394
-42.5998317590676,-9.9629968038394
-42.6133317590676,-9.9396141288394
-42.6268317590676,-9.9162314538394
-42.6403317590676,-9.8928487788394
-42.6538317590676,-9.8694661038394
-42.6673317590677,-9.8460834288394
-42.6808317590677,-9.8227007538394
-42.6943317590677,-9.7993180788394
-42.7078317590677,-9.7759354038394
-42.7213317590677,-9.7525527288394
-43.4368317590677,-9.6356393538394
-43.4503317590677,-9.6590220288394
-43.4638317590677,-9.6824047038394
-43.4773317590677,-9.7057873788394
-43.4908317590677,-9.7291700538394
-43.5043317590677,-9.7525527288394
-43.5178317590677,-9.7759354038394
-43.5313317590677,-9.7993180788394
-43.5448317590677,-9.8227007538394
-43.5583317590677,-9.8460834288394
-43.5718317590677,-9.8694661038394
-43.5853317590677,-9.8928487788394
-43.5988317590677,-9.9162314538394
-43.6123317590677,-9.9396141288394
-43.6258317590677,-9.9629968038394
-43.6393317590677,-9.9863794788394
-43.6393317590677,-10.0331448288394
-43.6258317590677,-10.0565275038394
-43.6123317590677,-10.0799101788394
-43.5988317590677,-10.1032928538394
-43.5853317590677,-10.1266755288394
-43.5718317590677,-10.1500582038394
-43.5583317590677,-10.1734408788394
-43.5448317590677,-10.1968235538394
-43.5313317590677,-10.2202062288394
-43.5178317590677,-10.2435889038394
-43.5043317590677,-10.2669715788394
-42.8293317590677,-10.4540329788394
-42.8158317590677,-10.4306503038394
-42.8023317590677,-10.4072676288394
-42.7888317590677,-10.3838849538394
-42.7753317590677,-10.3605022788394
-42.7618317590677,-10.3371196038394
-42.7483317590677,-10.3137369288394
-42.7348317590677,-10.2903542538394
-42.7213317590677,-10.2669715788394
-42.7078317590677,-10.2435889038394
-42.6943317590677,-10.2202062288394
-42.6808317590677,-10.1968235538394
-42.6673317590677,-10.1734408788394
-42.6538317590676,-10.1500582038394
-42.6403317590676,-10.1266755288394
-42.6268317590676,-10.1032928538394
-42.6133317590676,-10.0799101788394
-42.5998317590676,-10.0565275038394
-42.5863317590676,-10.0331448288394
-42.5458317590676,-10.0097621538394
-42.5593317590676,-9.9863794788394
-42.5728317590676,-9.9629968038394
-42.5863317590676,-9.9396141288394
-42.5998317590676,-9.9162314538394
-42.6133317590676,-9.8928487788394
-42.6268317590676,-9.8694661038394
-42.6403317590676,-9.8460834288394
-42.6538317590676,-9.8227007538394
-42.6673317590677,-9.7993180788394
-42.6808317590677,-9.7759354038394
-42.6943317590677,-9.7525527288394
-43.4503317590677,-9.6122566788394
-43.4638317590677,-9.6356393538394
-43.4773317590677,-9.6590220288394
-43.4908317590677,-9.6824047038394
-43.5043317590677,-9.7057873788394
-43.5178317590677,-9.7291700538394
-43.5313317590677,-9.7525527288394
-43.5448317590677,-9.7759354038394
-43.5583317590677,-9.7993180788394
-43.5718317590677,-9.8227007538394
-43.5853317590677,-9.8460834288394
-43.5988317590677,-9.8694661038394
-43.6123317590677,-9.8928487788394
-43.6258317590677,-9.9162314538394
-43.6393317590677,-9.9396141288394
-43.6528317590677,-9.9629968038394
-43.6663317590677,-9.9863794788394
-43.6663317590677,-10.0331448288394
-43.6528317590677,-10.0565275038394
-43.6393317590677,-10.0799101788394
-43.6258317590677,-10.1032928538394
-43.6123317590677,-10.1266755288394
-43.5988317590677,-10.1500582038394
-43.5853317590677,-10.1734408788394
-43.5718317590677,-10.1968235538394
-43.5583317590677,-10.2202062288394
-43.5448317590677,-10.2435889038394
-43.5313317590677,-10.2669715788394
-43.5178317590677,-10.2903542538394
-42.8158317590677,-10.4774156538394
-42.8023317590677,-10.4540329788394
-42.7888317590677,-10.4306503038394
-42.7753317590677,-10.4072676288394
-42.7618317590677,-10.3838849538394
-42.7483317590677,-10.3605022788394
-42.7348317590677,-10.3371196038394
-42.7213317590677,-10.3137369288394
-42.7078317590677,-10.2903542538394
-42.6943317590677,-10.2669715788394
-42.6808317590677,-10.2435889038394
-42.6673317590677,-10.2202062288394
-42.6538317590676,-10.1968235538394
-42.6403317590676,-10.1734408788394
-42.6268317590676,-10.1500582038394
-42.6133317590676,-10.1266755288394
-42.5998317590676,-10.1032928538394
-42.5863317590676,-10.0799101788394
-42.5728317590676,-10.0565275038394
-42.5593317590676,-10.0331448288394
-42.5188317590676,-10.0097621538394
-42.5323317590676,-9.9863794788394
-42.5458317590676,-9.9629968038394
-42.5593317590676,-9.9396141288394
-42.5728317590676,-9.9162314538394
-42.5863317590676,-9.8928487788394
-42.5998317590676,-9.8694661038394
-42.6133317590676,-9.8460834288394
-42.6268317590676,-9.8227007538394
-42.6403317590676,-9.7993180788394
-42.6538317590676,-9.7759354038394
-42.6673317590677,-9.7525527288394
-43.4773317590677,-9.6122566788394
-43.4908317590677,-9.6356393538394
-43.5043317590677,-9.6590220288394
-43.5178317590677,-9.6824047038394
-43.5313317590677,-9.7057873788394
-43.5448317590677,-9.7291700538394
-43.5583317590677,-9.7525527288394
-43.5718317590677,-9.7759354038394
-43.5853317590677,-9.7993180788394
-43.5988317590677,-9.8227007538394
-43.6123317590677,-9.8460834288394
-43.6258317590677,-9.8694661038394
-43.6393317590677,-9.8928487788394
-43.6528317590677,-9.9162314538394
-43.6663317590677,-9.9396141288394
-43.6798317590677,-9.9629968038394
-43.6798317590677,-10.0565275038394
-43.6663317590677,-10.0799101788394
-43.6528317590677,-10.1032928538394
-43.6393317590677,-10.1266755288394
-43.6258317590677,-10.1500582038394
-43.6123317590677,-10.1734408788394
-43.5988317590677,-10.1968235538394
-43.5853317590677,-10.2202062288394
-43.5718317590677,-10.2435889038394
-43.5583317590677,-10.2669715788394
-43.5448317590677,-10.2903542538394
-42.7888317590677,-10.4774156538394
-42.7753317590677,-10.4540329788394
-42.7618317590677,-10.4306503038394
-42.7483317590677,-10.4072676288394
-42.7348317590677,-10.3838849538394
-42.7213317590677,-10.3605022788394
-42.7078317590677,-10.3371196038394
-42.6943317590677,-10.3137369288394
-42.6808317590677,-10.2903542538394
-42.6673317590677,-10.2669715788394
-42.6538317590676,-10.2435889038394
-42.6403317590676,-10.2202062288394
-42.6268317590676,-10.1968235538394
-42.6133317590676,-10.1734408788394
-42.5998317590676,-10.1500582038394
-42.5863317590676,-10.1266755288394
-42.5728317590676,-10.1032928538394
-42.5593317590676,-10.0799101788394
-42.5458317590676,-10.0565275038394
-42.5323317590676,-10.0331448288394
-42.4918317590676,-10.0097621538394
-42.5053317590676,-9.9863794788394
-42.5188317590676,-9.9629968038394
-42.5323317590676,-9.9396141288394
-42.5458317590676,-9.9162314538394
-42.5593317590676,-9.8928487788394
-42.5728317590676,-9.8694661038394
-42.5863317590676,-9.8460834288394
-42.5998317590676,-9.8227007538394
-42.6133317590676,-9.7993180788394
-42.6268317590676,-9.7759354038394
-42.6403317590676,-9.7525527288394
-43.4908317590677,-9.5888740038394
-43.5043317590677,-9.6122566788394
-43.5178317590677,-9.6356393538394
-43.5313317590677,-9.6590220288394
-43.5448317590677,-9.6824047038394
-43.5583317590677,-9.7057873788394
-43.5718317590677,-9.7291700538394
-43.5853317590677,-9.7525527288394
-43.5988317590677,-9.7759354038394
-43.6123317590677,-9.7993180788394
-43.6258317590677,-9.8227007538394
-43.6393317590677,-9.8460834288394
-43.6528317590677,-9.8694661038394
-43.6663317590677,-9.8928487788394
-43.6798317590677,-9.9162314538394
-43.6933317590677,-10.0799101788394
-43.6798317590677,-10.1032928538394
-43.6663317590677,-10.1266755288394
-43.6528317590677,-10.1500582038394
-43.6393317590677,-10.1734408788394
-43.6258317590677,-10.1968235538394
-43.6123317590677,-10.2202062288394
-43.5988317590677,-10.2435889038394
-43.5853317590677,-10.2669715788394
-42.7753317590677,-10.5007983288394
-42.7618317590677,-10.4774156538394
-42.7483317590677,-10.4540329788394
-42.7348317590677,-10.4306503038394
-42.7213317590677,-10.4072676288394
-42.7078317590677,-10.3838849538394
-42.6943317590677,-10.3605022788394
-42.6808317590677,-10.3371196038394
-42.6673317590677,-10.3137369288394
-42.6538317590676,-10.2903542538394
-42.6403317590676,-10.2669715788394
-42.6268317590676,-10.2435889038394
-42.6133317590676,-10.2202062288394
-42.5998317590676,-10.1968235538394
-42.5863317590676,-10.1734408788394
-42.5728317590676,-10.1500582038394
-42.5593317590676,-10.1266755288394
-42.5458317590676,-10.1032928538394
-42.5323317590676,-10.0799101788394
-42.5188317590676,-10.0565275038394
-42.5053317590676,-10.0331448288394
-42.4648317590676,-10.0097621538394
-42.4783317590676,-9.9863794788394
-42.4918317590676,-9.9629968038394
-42.5053317590676,-9.9396141288394
-42.5188317590676,-9.9162314538394
-42.5323317590676,-9.8928487788394
-42.5458317590676,-9.8694661038394
-42.5593317590676,-9.8460834288394
-42.5728317590676,-9.8227007538394
-42.5863317590676,-9.7993180788394
-42.5998317590676,-9.7759354038394
-42.6133317590676,-9.7525527288394
-43.5043317590677,-9.5654913288394
-43.5178317590677,-9.5888740038394
-43.5313317590677,-9.6122566788394
-43.5448317590677,-9.6356393538394
-43.5583317590677,-9.6590220288394
-43.5718317590677,-9.6824047038394
-43.5853317590677,-9.7057873788394
-43.5988317590677,-9.7291700538394
-43.6123317590677,-9.7525527288394
-43.6258317590677,-9.7759354038394
-43.6393317590677,-9.7993180788394
-43.6528317590677,-9.8227007538394
-43.6933317590677,-9.8928487788394
-43.7068317590677,-9.9162314538394
-43.7203317590677,-10.0799101788394
-43.7068317590677,-10.1032928538394
-43.6933317590677,-10.1266755288394
-43.6798317590677,-10.1500582038394
-43.6663317590677,-10.1734408788394
-43.6528317590677,-10.1968235538394
-43.6393317590677,-10.2202062288394
-43.6258317590677,-10.2435889038394
-43.6123317590677,-10.2669715788394
-43.5988317590677,-10.2903542538394
-42.7483317590677,-10.5007983288394
-42.7348317590677,-10.4774156538394
-42.7213317590677,-10.4540329788394
-42.7078317590677,-10.4306503038394
-42.6943317590677,-10.4072676288394
-42.6808317590677,-10.3838849538394
-42.6673317590677,-10.3605022788394
-42.6538317590676,-10.3371196038394
-42.6403317590676,-10.3137369288394
-42.6268317590676,-10.2903542538394
-42.6133317590676,-10.2669715788394
-42.5998317590676,-10.2435889038394
-42.5863317590676,-10.2202062288394
-42.5728317590676,-10.1968235538394
-42.5593317590676,-10.1734408788394
-42.5458317590676,-10.1500582038394
-42.5323317590676,-10.1266755288394
-42.5188317590676,-10.1032928538394
-42.5053317590676,-10.0799101788394
-42.4918317590676,-10.0565275038394
-42.4783317590676,-10.0331448288394
-42.4378317590676,-10.0097621538394
-42.4513317590676,-9.9863794788394
-42.4648317590676,-9.9629968038394
-42.4783317590676,-9.9396141288394
-42.4918317590676,-9.9162314538394
-42.5053317590676,-9.8928487788394
-42.5188317590676,-9.8694661038394
-42.5323317590676,-9.8460834288394
-42.5458317590676,-9.8227007538394
-42.5593317590676,-9.7993180788394
-43.5178317590677,-9.5421086538393
-43.5313317590677,-9.5654913288394
-43.5448317590677,-9.5888740038394
-43.5583317590677,-9.6122566788394
-43.5718317590677,-9.6356393538394
-43.5853317590677,-9.6590220288394
-43.5988317590677,-9.6824047038394
-43.6123317590677,-9.7057873788394
-43.6258317590677,-9.7291700538394
-43.6393317590677,-9.7525527288394
-43.6528317590677,-9.7759354038394
-43.6663317590677,-9.7993180788394
-43.7473317590677,-10.0799101788394
-43.7338317590677,-10.1032928538394
-43.7203317590677,-10.1266755288394
-43.7068317590677,-10.1500582038394
-43.6933317590677,-10.1734408788394
-43.6798317590677,-10.1968235538394
-43.6663317590677,-10.2202062288394
-43.6528317590677,-10.2435889038394
-43.6393317590677,-10.2669715788394
-43.6258317590677,-10.2903542538394
-43.6123317590677,-10.3137369288394
-42.7348317590677,-10.5241810038394
-42.7213317590677,-10.5007983288394
-42.7078317590677,-10.4774156538394
-42.6943317590677,-10.4540329788394
-42.6808317590677,-10.4306503038394
-42.6673317590677,-10.4072676288394
-42.6538317590676,-10.3838849538394
-42.6403317590676,-10.3605022788394
-42.6268317590676,-10.3371196038394
-42.6133317590676,-10.3137369288394
-42.5998317590676,-10.2903542538394
-42.5863317590676,-10.2669715788394
-42.5728317590676,-10.2435889038394
-42.5593317590676,-10.2202062288394
-42.5458317590676,-10.1968235538394
-42.5323317590676,-10.1734408788394
-42.5188317590676,-10.1500582038394
-42.5053317590676,-10.1266755288394
-42.4918317590676,-10.1032928538394
-42.4783317590676,-10.0799101788394
-42.4648317590676,-10.0565275038394
-42.4513317590676,-10.0331448288394
-42.4108317590676,-10.0097621538394
-42.4243317590676,-9.9863794788394
-42.4378317590676,-9.9629968038394
-42.4513317590676,-9.9396141288394
-42.4648317590676,-9.9162314538394
-42.4783317590676,-9.8928487788394
-42.4918317590676,-9.8694661038394
-42.5053317590676,-9.8460834288394
-42.5188317590676,-9.8227007538394
-43.5313317590677,-9.5187259788393
-43.5448317590677,-9.5421086538393
-43.5583317590677,-9.5654913288394
-43.5718317590677,-9.5888740038394
-43.5853317590677,-9.6122566788394
-43.5988317590677,-9.6356393538394
-43.6123317590677,-9.6590220288394
-43.6258317590677,-9.6824047038394
-43.6393317590677,-9.7057873788394
-43.6528317590677,-9.7291700538394
-43.6663317590677,-9.7525527288394
-43.6798317590677,-9.7759354038394
-43.6933317590677,-9.7993180788394
-43.7608317590677,-10.1032928538394
-43.7473317590677,-10.1266755288394
-43.7338317590677,-10.1500582038394
-43.7203317590677,-10.1734408788394
-43.7068317590677,-10.1968235538394
-43.6933317590677,-10.2202062288394
-43.6798317590677,-10.2435889038394
-43.6663317590677,-10.2669715788394
-43.6528317590677,-10.2903542538394
-43.6393317590677,-10.3137369288394
-42.7078317590677,-10.5241810038394
-42.6943317590677,-10.5007983288394
-42.6808317590677,-10.4774156538394
-42.6673317590677,-10.4540329788394
-42.6538317590676,-10.4306503038394
-42.6403317590676,-10.4072676288394
-42.6268317590676,-10.3838849538394
-42.6133317590676,-10.3605022788394
-42.5998317590676,-10.3371196038394
-42.5863317590676,-10.3137369288394
-42.5728317590676,-10.2903542538394
-42.5593317590676,-10.2669715788394
-42.5458317590676,-10.2435889038394
-42.5323317590676,-10.2202062288394
-42.5188317590676,-10.1968235538394
-42.5053317590676,-10.1734408788394
-42.4918317590676,-10.1500582038394
-42.4783317590676,-10.1266755288394
-42.4648317590676,-10.1032928538394
-42.4513317590676,-10.0799101788394
-42.4378317590676,-10.0565275038394
-42.4243317590676,-10.0331448288394
-42.3838317590676,-10.0097621538394
-42.3973317590676,-9.9863794788394
-42.4108317590676,-9.9629968038394
-42.4243317590676,-9.9396141288394
-42.4378317590676,-9.9162314538394
-42.4513317590676,-9.8928487788394
-42.4648317590676,-9.8694661038394
-43.5448317590677,-9.4953433038393
-43.5583317590677,-9.5187259788393
-43.5718317590677,-9.5421086538393
-43.5853317590677,-9.5654913288394
-43.5988317590677,-9.5888740038394
-43.6123317590677,-9.6122566788394
-43.6258317590677,-9.6356393538394
-43.6393317590677,-9.6590220288394
-43.6528317590677,-9.6824047038394
-43.6663317590677,-9.7057873788394
-43.6798317590677,-9.7291700538394
-43.6933317590677,-9.7525527288394
-43.7068317590677,-9.7759354038394
-43.7608317590677,-10.1500582038394
-43.7473317590677,-10.1734408788394
-43.7338317590677,-10.1968235538394
-43.7203317590677,-10.2202062288394
-43.7068317590677,-10.2435889038394
-43.6933317590677,-10.2669715788394
-43.6798317590677,-10.2903542538394
-43.6663317590677,-10.3137369288394
-43.6528317590677,-10.3371196038394
-42.6943317590677,-10.5475636788394
-42.6808317590677,-10.5241810038394
-42.6673317590677,-10.5007983288394
-42.6538317590676,-10.4774156538394
-42.6403317590676,-10.4540329788394
-42.6268317590676,-10.4306503038394
-42.6133317590676,-10.4072676288394
-42.5998317590676,-10.3838849538394
-42.5863317590676,-10.3605022788394
-42.5728317590676,-10.3371196038394
-42.5593317590676,-10.3137369288394
-42.5458317590676,-10.2903542538394
-42.5323317590676,-10.2669715788394
-42.5188317590676,-10.2435889038394
-42.5053317590676,-10.2202062288394
-42.4918317590676,-10.1968235538394
-42.4783317590676,-10.1734408788394
-42.4648317590676,-10.1500582038394
-42.4513317590676,-10.1266755288394
-42.4243317590676,-10.0799101788394
-42.4108317590676,-10.0565275038394
-42.3973317590676,-10.0331448288394
-42.3568317590676,-10.0097621538394
-42.3703317590676,-9.9863794788394
-42.3838317590676,-9.9629968038394
-42.3973317590676,-9.9396141288394
-42.4108317590676,-9.9162314538394
-42.4243317590676,-9.8928487788394
-43.5448317590677,-9.4485779538393
-43.5583317590677,-9.4719606288393
-43.5718317590677,-9.4953433038393
-43.5853317590677,-9.5187259788393
-43.5988317590677,-9.5421086538393
-43.6123317590677,-9.5654913288394
-43.6258317590677,-9.5888740038394
-43.6393317590677,-9.6122566788394
-43.6528317590677,-9.6356393538394
-43.6663317590677,-9.6590220288394
-43.6798317590677,-9.6824047038394
-43.6933317590677,-9.7057873788394
-43.7068317590677,-9.7291700538394
-43.7203317590677,-9.7525527288394
-43.7338317590677,-9.7759354038394
-43.7743317590677,-10.1734408788394
-43.7608317590677,-10.1968235538394
-43.7473317590677,-10.2202062288394
-43.7338317590677,-10.2435889038394
-43.7203317590677,-10.2669715788394
-43.7068317590677,-10.2903542538394
-43.6933317590677,-10.3137369288394
-43.6798317590677,-10.3371196038394
-42.6673317590677,-10.5475636788394
-42.6538317590676,-10.5241810038394
-42.6403317590676,-10.5007983288394
-42.6268317590676,-10.4774156538394
-42.6133317590676,-10.4540329788394
-42.5998317590676,-10.4306503038394
-42.5863317590676,-10.4072676288394
-42.5728317590676,-10.3838849538394
-42.5593317590676,-10.3605022788394
-42.5458317590676,-10.3371196038394
-42.5323317590676,-10.3137369288394
-42.5188317590676,-10.2903542538394
-42.5053317590676,-10.2669715788394
-42.4918317590676,-10.2435889038394
-42.4783317590676,-10.2202062288394
-42.4648317590676,-10.1968235538394
-42.4513317590676,-10.1734408788394
-42.4378317590676,-10.1500582038394
-42.3703317590676,-10.0331448288394
-42.3298317590676,-10.0097621538394
-42.3433317590676,-9.9863794788394
-42.3568317590676,-9.9629968038394
-42.3703317590676,-9.9396141288394
-43.5448317590677,-9.4018126038393
-43.5583317590677,-9.4251952788393
-43.5718317590677,-9.4485779538393
-43.5853317590677,-9.4719606288393
-43.5988317590677,-9.4953433038393
-43.6123317590677,-9.5187259788393
-43.6258317590677,-9.5421086538393
-43.6393317590677,-9.5654913288394
-43.6528317590677,-9.5888740038394
-43.6663317590677,-9.6122566788394
-43.6798317590677,-9.6356393538394
-43.6933317590677,-9.6590220288394
-43.7068317590677,-9.6824047038394
-43.7203317590677,-9.7057873788394
-43.7338317590677,-9.7291700538394
-43.7473317590677,-9.7525527288394
-43.7608317590677,-9.7759354038394
-43.7878317590677,-10.1968235538394
-43.7743317590677,-10.2202062288394
-43.7608317590677,-10.2435889038394
-43.7473317590677,-10.2669715788394
-43.7338317590677,-10.2903542538394
-43.7203317590677,-10.3137369288394
-43.7068317590677,-10.3371196038394
-42.6538317590676,-10.5709463538394
-42.6403317590676,-10.5475636788394
-42.6268317590676,-10.5241810038394
-42.6133317590676,-10.5007983288394
-42.5998317590676,-10.4774156538394
-42.5863317590676,-10.4540329788394
-42.5728317590676,-10.4306503038394
-42.5593317590676,-10.4072676288394
-42.5458317590676,-10.3838849538394
-42.5323317590676,-10.3605022788394
-42.5188317590676,-10.3371196038394
-42.5053317590676,-10.3137369288394
-42.4918317590676,-10.2903542538394
-42.4783317590676,-10.2669715788394
-42.4648317590676,-10.2435889038394
-42.4513317590676,-10.2202062288394
-42.4378317590676,-10.1968235538394
-42.4243317590676,-10.1734408788394
-42.3433317590676,-10.0331448288394
-42.3028317590676,-10.0097621538394
-42.3163317590676,-9.9863794788394
-42.3298317590676,-9.9629968038394
-43.5448317590677,-9.3550472538393
-43.5583317590677,-9.3784299288393
-43.5718317590677,-9.4018126038393
-43.5853317590677,-9.4251952788393
-43.5988317590677,-9.4485779538393
-43.6123317590677,-9.4719606288393
-43.6258317590677,-9.4953433038393
-43.6393317590677,-9.5187259788393
-43.6528317590677,-9.5421086538393
-43.6663317590677,-9.5654913288394
-43.6798317590677,-9.5888740038394
-43.6933317590677,-9.6122566788394
-43.7068317590677,-9.6356393538394
-43.7203317590677,-9.6590220288394
-43.7338317590677,-9.6824047038394
-43.7473317590677,-9.7057873788394
-43.7608317590677,-9.7291700538394
-43.7743317590677,-9.7525527288394
-43.8013317590677,-10.2202062288394
-43.7878317590677,-10.2435889038394
-43.7743317590677,-10.2669715788394
-43.7608317590677,-10.2903542538394
-43.7473317590677,-10.3137369288394
-43.7338317590677,-10.3371196038394
-42.6268317590676,-10.5709463538394
-42.6133317590676,-10.5475636788394
-42.5998317590676,-10.5241810038394
-42.5863317590676,-10.5007983288394
-42.5593317590676,-10.4540329788394
-42.5458317590676,-10.4306503038394
-42.5323317590676,-10.4072676288394
-42.5188317590676,-10.3838849538394
-42.5053317590676,-10.3605022788394
-42.4918317590676,-10.3371196038394
-42.4783317590676,-10.3137369288394
-42.4648317590676,-10.2903542538394
-42.4513317590676,-10.2669715788394
-42.4378317590676,-10.2435889038394
-42.4243317590676,-10.2202062288394
-42.4108317590676,-10.1968235538394
-42.3163317590676,-10.0331448288394
-42.2758317590676,-10.0097621538394
-43.5583317590677,-9.3316645788393
-43.5718317590677,-9.3550472538393
-43.5853317590677,-9.3784299288393
-43.5988317590677,-9.4018126038393
-43.6123317590677,-9.4251952788393
-43.6258317590677,-9.4485779538393
-43.6393317590677,-9.4719606288393
-43.6528317590677,-9.4953433038393
-43.6663317590677,-9.5187259788393
-43.6798317590677,-9.5421086538393
-43.6933317590677,-9.5654913288394
-43.7068317590677,-9.5888740038394
-43.7203317590677,-9.6122566788394
-43.7338317590677,-9.6356393538394
-43.7473317590677,-9.6590220288394
-43.7608317590677,-9.6824047038394
-43.7743317590677,-9.7057873788394
-43.7878317590677,-9.7291700538394
-43.8148317590677,-10.2435889038394
-43.8013317590677,-10.2669715788394
-43.7878317590677,-10.2903542538394
-43.7743317590677,-10.3137369288394
-43.7608317590677,-10.3371196038394
-42.5053317590676,-10.4072676288394
-42.4918317590676,-10.3838849538394
-42.4783317590676,-10.3605022788394
-42.4648317590676,-10.3371196038394
-42.4108317590676,-10.2435889038394
-42.2893317590676,-10.0331448288394
-43.5853317590677,-9.3316645788393
-43.5988317590677,-9.3550472538393
-43.6123317590677,-9.3784299288393
-43.6258317590677,-9.4018126038393
-43.6393317590677,-9.4251952788393
-43.6528317590677,-9.4485779538393
-43.6663317590677,-9.4719606288393
-43.6798317590677,-9.4953433038393
-43.6933317590677,-9.5187259788393
-43.7068317590677,-9.5421086538393
-43.7203317590677,-9.5654913288394
-43.7338317590677,-9.5888740038394
-43.7473317590677,-9.6122566788394
-43.7608317590677,-9.6356393538394
-43.7743317590677,-9.6590220288394
-43.7878317590677,-9.6824047038394
-43.8283317590677,-10.2669715788394
-43.8148317590677,-10.2903542538394
-43.8013317590677,-10.3137369288394
-43.7878317590677,-10.3371196038394
-42.2623317590676,-10.0331448288394
-43.6528317590677,-9.4018126038393
-43.6663317590677,-9.4251952788393
-43.6798317590677,-9.4485779538393
-43.6933317590677,-9.4719606288393
-43.7068317590677,-9.4953433038393
-43.7203317590677,-9.5187259788393
-43.7338317590677,-9.5421086538393
-43.7473317590677,-9.5654913288394
-43.7608317590677,-9.5888740038394
-43.7743317590677,-9.6122566788394
-43.7878317590677,-9.6356393538394
-43.8013317590677,-9.6590220288394
-43.8283317590677,-10.3137369288394
-43.8148317590677,-10.3371196038394
-43.6933317590677,-9.4251952788393
-43.7068317590677,-9.4485779538393
-43.7203317590677,-9.4719606288393
-43.7338317590677,-9.4953433038393
-43.7473317590677,-9.5187259788393
-43.7608317590677,-9.5421086538393
-43.7743317590677,-9.5654913288394
-43.7878317590677,-9.5888740038394
-43.8013317590677,-9.6122566788394
-43.8148317590677,-9.6356393538394
-43.8418317590677,-10.3371196038394
-43.7338317590677,-9.4485779538393
-43.7473317590677,-9.4719606288393
-43.7608317590677,-9.4953433038393
-43.7743317590677,-9.5187259788393
-43.7878317590677,-9.5421086538393
-43.8013317590677,-9.5654913288394
-43.8148317590677,-9.5888740038394
-43.8283317590677,-9.6122566788394
-43.8418317590677,-9.6356393538394
-43.8688317590677,-10.3371196038394
-43.7608317590677,-9.4485779538393
-43.7743317590677,-9.4719606288393
-43.7878317590677,-9.4953433038393
-43.8013317590677,-9.5187259788393
-43.8148317590677,-9.5421086538393
-43.8283317590677,-9.5654913288394
-43.8148317590677,-9.4953433038393
-43.8283317590677,-9.5187259788393
-43.8418317590677,-9.5421086538393
