-35.7623066276807,-8.8340518375341
-35.7353066276807,-8.8340518375341
-35.7488066276807,-8.8106691625341
-35.7758066276807,-8.8106691625341
-35.7893066276807,-8.8340518375341
-35.7758066276807,-8.8574345125341
-35.7488066276807,-8.8574345125341
-35.7083066276807,-8.8340518375341
-35.7353066276807,-8.7872864875341
-35.7893066276807,-8.7872864875341
-35.8163066276807,-8.8340518375341
-35.7353066276807,-8.8808171875341
-35.7218066276807,-8.8106691625341
-35.7623066276807,-8.7872864875341
-35.8028066276807,-8.8106691625341
-35.7623066276807,-8.8808171875341
-35.7218066276807,-8.8574345125341
-35.8433066276807,-8.8340518375341
-35.7218066276807,-8.9041998625341
-35.7488066276807,-8.7639038125341
-35.8163066276807,-8.7872864875341
-35.8298066276807,-8.8106691625341
-35.8298066276807,-8.8574345125341
-35.7488066276807,-8.9041998625341
-35.7083066276807,-8.8808171875341
-35.6948066276807,-8.8574345125341
