-38.3062347298496,-8.5672562067159
-38.2792347298496,-8.5672562067159
-38.2927347298496,-8.5438735317159
-38.3197347298496,-8.5438735317159
-38.3332347298497,-8.5672562067159
-38.3197347298496,-8.5906388817159
-38.2927347298496,-8.5906388817159
-38.2522347298496,-8.5672562067159
-38.2792347298496,-8.5204908567159
-38.3332347298497,-8.5204908567159
-38.3602347298497,-8.5672562067159
-38.3332347298497,-8.6140215567159
-38.2792347298496,-8.6140215567159
-38.2657347298496,-8.5438735317159
-38.3062347298496,-8.5204908567159
-38.3467347298497,-8.5438735317159
-38.3467347298497,-8.5906388817159
-38.3062347298496,-8.6140215567159
-38.2657347298496,-8.5906388817159
-38.2252347298496,-8.5672562067159
-38.2657347298496,-8.4971081817159
-38.3467347298497,-8.4971081817159
-38.3872347298497,-8.5672562067159
-38.3467347298497,-8.6374042317159
-38.2657347298496,-8.6374042317159
-38.2387347298496,-8.5438735317159
-38.2522347298496,-8.5204908567159
-38.2927347298496,-8.4971081817159
-38.3197347298496,-8.4971081817159
-38.3602347298497,-8.5204908567159
-38.3737347298497,-8.5438735317159
-38.3737347298497,-8.5906388817159
-38.3602347298497,-8.6140215567159
-38.3197347298496,-8.6374042317159
-38.2927347298496,-8.6374042317159
-38.2522347298496,-8.6140215567159
-38.2387347298496,-8.5906388817159
-38.1982347298496,-8.5672562067159
-38.2522347298496,-8.4737255067159
-38.3602347298497,-8.4737255067159
-38.4142347298497,-8.5672562067159
-38.3602347298497,-8.6607869067159
-38.2522347298496,-8.6607869067159
-38.2117347298496,-8.5438735317159
-38.2252347298496,-8.5204908567159
-38.2387347298496,-8.4971081817159
-38.2792347298496,-8.4737255067159
-38.3062347298496,-8.4737255067159
-38.3332347298497,-8.4737255067159
-38.3737347298497,-8.4971081817159
-38.3872347298497,-8.5204908567159
-38.4007347298497,-8.5438735317159
-38.4007347298497,-8.5906388817159
-38.3872347298497,-8.6140215567159
-38.3737347298497,-8.6374042317159
-38.3332347298497,-8.6607869067159
-38.3062347298496,-8.6607869067159
-38.2792347298496,-8.6607869067159
-38.2387347298496,-8.6374042317159
-38.2252347298496,-8.6140215567159
-38.2117347298496,-8.5906388817159
-38.1712347298496,-8.5672562067159
-38.2387347298496,-8.4503428317159
-38.3737347298497,-8.4503428317159
-38.4412347298497,-8.5672562067159
-38.3737347298497,-8.6841695817159
-38.2387347298496,-8.6841695817159
-38.1847347298496,-8.5438735317159
-38.1982347298496,-8.5204908567159
-38.2117347298496,-8.4971081817159
-38.2252347298496,-8.4737255067159
-38.2657347298496,-8.4503428317159
-38.2927347298496,-8.4503428317159
-38.3197347298496,-8.4503428317159
-38.3467347298497,-8.4503428317159
-38.3872347298497,-8.4737255067159
-38.4007347298497,-8.4971081817159
-38.4142347298497,-8.5204908567159
-38.4277347298497,-8.5438735317159
-38.4277347298497,-8.5906388817159
-38.4142347298497,-8.6140215567159
-38.4007347298497,-8.6374042317159
-38.3872347298497,-8.6607869067159
-38.3467347298497,-8.6841695817159
-38.3197347298496,-8.6841695817159
-38.2927347298496,-8.6841695817159
-38.2657347298496,-8.6841695817159
-38.2252347298496,-8.6607869067159
-38.2117347298496,-8.6374042317159
-38.1982347298496,-8.6140215567159
-38.1847347298496,-8.5906388817159
-38.1442347298496,-8.5672562067159
-38.2252347298496,-8.4269601567159
-38.3872347298497,-8.4269601567159
-38.4682347298497,-8.5672562067159
-38.3872347298497,-8.7075522567159
-38.1577347298496,-8.5438735317159
-38.1712347298496,-8.5204908567159
-38.1847347298496,-8.4971081817159
-38.1982347298496,-8.4737255067159
-38.2117347298496,-8.4503428317159
-38.2522347298496,-8.4269601567159
-38.2792347298496,-8.4269601567159
-38.3062347298496,-8.4269601567159
-38.3332347298497,-8.4269601567159
-38.3602347298497,-8.4269601567159
-38.4007347298497,-8.4503428317159
-38.4142347298497,-8.4737255067159
-38.4277347298497,-8.4971081817159
-38.4412347298497,-8.5204908567159
-38.4547347298497,-8.5438735317159
-38.4547347298497,-8.5906388817159
-38.4412347298497,-8.6140215567159
-38.4277347298497,-8.6374042317159
-38.4142347298497,-8.6607869067159
-38.4007347298497,-8.6841695817159
-38.3602347298497,-8.7075522567159
-38.3332347298497,-8.7075522567159
-38.3062347298496,-8.7075522567159
-38.2792347298496,-8.7075522567159
-38.2117347298496,-8.6841695817159
-38.1982347298496,-8.6607869067159
-38.1847347298496,-8.6374042317159
-38.1712347298496,-8.6140215567159
-38.1577347298496,-8.5906388817159
-38.1172347298496,-8.5672562067159
-38.2117347298496,-8.4035774817159
-38.4007347298497,-8.4035774817159
-38.4952347298497,-8.5672562067159
-38.4007347298497,-8.7309349317159
-38.1307347298496,-8.5438735317159
-38.1442347298496,-8.5204908567159
-38.1577347298496,-8.4971081817159
-38.1712347298496,-8.4737255067159
-38.1847347298496,-8.4503428317159
-38.1982347298496,-8.4269601567159
-38.2387347298496,-8.4035774817159
-38.2657347298496,-8.4035774817159
-38.2927347298496,-8.4035774817159
-38.3197347298496,-8.4035774817159
-38.3467347298497,-8.4035774817159
-38.3737347298497,-8.4035774817159
-38.4142347298497,-8.4269601567159
-38.4277347298497,-8.4503428317159
-38.4412347298497,-8.4737255067159
-38.4547347298497,-8.4971081817159
-38.4682347298497,-8.5204908567159
-38.4817347298497,-8.5438735317159
-38.4817347298497,-8.5906388817159
-38.4682347298497,-8.6140215567159
-38.4547347298497,-8.6374042317159
-38.4412347298497,-8.6607869067159
-38.4277347298497,-8.6841695817159
-38.4142347298497,-8.7075522567159
-38.3737347298497,-8.7309349317159
-38.3467347298497,-8.7309349317159
-38.3197347298496,-8.7309349317159
-38.2927347298496,-8.7309349317159
-38.2657347298496,-8.7309349317159
-38.1712347298496,-8.6607869067159
-38.1577347298496,-8.6374042317159
-38.1442347298496,-8.6140215567159
-38.1307347298496,-8.5906388817159
-38.0902347298496,-8.5672562067159
-38.1982347298496,-8.3801948067159
-38.4142347298497,-8.3801948067159
-38.5222347298497,-8.5672562067159
-38.4142347298497,-8.7543176067159
-38.1037347298496,-8.5438735317159
-38.1172347298496,-8.5204908567159
-38.1307347298496,-8.4971081817159
-38.1442347298496,-8.4737255067159
-38.1577347298496,-8.4503428317159
-38.1712347298496,-8.4269601567159
-38.1847347298496,-8.4035774817159
-38.2252347298496,-8.3801948067159
-38.2522347298496,-8.3801948067159
-38.2792347298496,-8.3801948067159
-38.3062347298496,-8.3801948067159
-38.3332347298497,-8.3801948067159
-38.3602347298497,-8.3801948067159
-38.3872347298497,-8.3801948067159
-38.4277347298497,-8.4035774817159
-38.4412347298497,-8.4269601567159
-38.4547347298497,-8.4503428317159
-38.4682347298497,-8.4737255067159
-38.4817347298497,-8.4971081817159
-38.4952347298497,-8.5204908567159
-38.5087347298497,-8.5438735317159
-38.5087347298497,-8.5906388817159
-38.4952347298497,-8.6140215567159
-38.4817347298497,-8.6374042317159
-38.4682347298497,-8.6607869067159
-38.4547347298497,-8.6841695817159
-38.4412347298497,-8.7075522567159
-38.4277347298497,-8.7309349317159
-38.3872347298497,-8.7543176067159
-38.3602347298497,-8.7543176067159
-38.3332347298497,-8.7543176067159
-38.3062347298496,-8.7543176067159
-38.1577347298496,-8.6841695817159
-38.1442347298496,-8.6607869067159
-38.1307347298496,-8.6374042317159
-38.1172347298496,-8.6140215567159
-38.1037347298496,-8.5906388817159
-38.0632347298496,-8.5672562067159
-38.1847347298496,-8.3568121317159
-38.4277347298497,-8.3568121317159
-38.5492347298497,-8.5672562067159
-38.4277347298497,-8.7777002817159
-38.0767347298496,-8.5438735317159
-38.0902347298496,-8.5204908567159
-38.1037347298496,-8.4971081817159
-38.1172347298496,-8.4737255067159
-38.1307347298496,-8.4503428317159
-38.1442347298496,-8.4269601567159
-38.1712347298496,-8.3801948067159
-38.2117347298496,-8.3568121317159
-38.2387347298496,-8.3568121317159
-38.2657347298496,-8.3568121317159
-38.2927347298496,-8.3568121317159
-38.3197347298496,-8.3568121317159
-38.3467347298497,-8.3568121317159
-38.3737347298497,-8.3568121317159
-38.4007347298497,-8.3568121317159
-38.4412347298497,-8.3801948067159
-38.4547347298497,-8.4035774817159
-38.4682347298497,-8.4269601567159
-38.4817347298497,-8.4503428317159
-38.4952347298497,-8.4737255067159
-38.5087347298497,-8.4971081817159
-38.5222347298497,-8.5204908567159
-38.5357347298497,-8.5438735317159
-38.5357347298497,-8.5906388817159
-38.5222347298497,-8.6140215567159
-38.5087347298497,-8.6374042317159
-38.4952347298497,-8.6607869067159
-38.4817347298497,-8.6841695817159
-38.4682347298497,-8.7075522567159
-38.4547347298497,-8.7309349317159
-38.4412347298497,-8.7543176067159
-38.4007347298497,-8.7777002817159
-38.3737347298497,-8.7777002817159
-38.3467347298497,-8.7777002817159
-38.1307347298496,-8.6841695817159
-38.1172347298496,-8.6607869067159
-38.1037347298496,-8.6374042317159
-38.0902347298496,-8.6140215567159
-38.0767347298496,-8.5906388817159
-38.0362347298496,-8.5672562067159
-38.5762347298497,-8.5672562067159
-38.4412347298497,-8.8010829567159
-38.0497347298496,-8.5438735317159
-38.0632347298496,-8.5204908567159
-38.0767347298496,-8.4971081817159
-38.0902347298496,-8.4737255067159
-38.1037347298496,-8.4503428317159
-38.1172347298496,-8.4269601567159
-38.1982347298496,-8.3334294567159
-38.2252347298496,-8.3334294567159
-38.2522347298496,-8.3334294567159
-38.2792347298496,-8.3334294567159
-38.3062347298496,-8.3334294567159
-38.3332347298497,-8.3334294567159
-38.3602347298497,-8.3334294567159
-38.3872347298497,-8.3334294567159
-38.4142347298497,-8.3334294567159
-38.4952347298497,-8.4269601567159
-38.5087347298497,-8.4503428317159
-38.5222347298497,-8.4737255067159
-38.5357347298497,-8.4971081817159
-38.5492347298497,-8.5204908567159
-38.5627347298497,-8.5438735317159
-38.5627347298497,-8.5906388817159
-38.5492347298497,-8.6140215567159
-38.5357347298497,-8.6374042317159
-38.5222347298497,-8.6607869067159
-38.5087347298497,-8.6841695817159
-38.4952347298497,-8.7075522567159
-38.4817347298497,-8.7309349317159
-38.4682347298497,-8.7543176067159
-38.4547347298497,-8.7777002817159
-38.4142347298497,-8.8010829567159
-38.1037347298496,-8.6841695817159
-38.0902347298496,-8.6607869067159
-38.0767347298496,-8.6374042317159
-38.0632347298496,-8.6140215567159
-38.0497347298496,-8.5906388817159
-38.0092347298496,-8.5672562067159
-38.6032347298497,-8.5672562067159
-38.4547347298497,-8.8244656317159
-38.0227347298496,-8.5438735317159
-38.0362347298496,-8.5204908567159
-38.0497347298496,-8.4971081817159
-38.0632347298496,-8.4737255067159
-38.0767347298496,-8.4503428317159
-38.0902347298496,-8.4269601567159
-38.2117347298496,-8.3100467817159
-38.2387347298496,-8.3100467817159
-38.2657347298496,-8.3100467817159
-38.2927347298496,-8.3100467817159
-38.3197347298496,-8.3100467817159
-38.3467347298497,-8.3100467817159
-38.3737347298497,-8.3100467817159
-38.4007347298497,-8.3100467817159
-38.5222347298497,-8.4269601567159
-38.5357347298497,-8.4503428317159
-38.5492347298497,-8.4737255067159
-38.5627347298497,-8.4971081817159
-38.5762347298497,-8.5204908567159
-38.5897347298497,-8.5438735317159
-38.5897347298497,-8.5906388817159
-38.5762347298497,-8.6140215567159
-38.5627347298497,-8.6374042317159
-38.5492347298497,-8.6607869067159
-38.5357347298497,-8.6841695817159
-38.5222347298497,-8.7075522567159
-38.5087347298497,-8.7309349317159
-38.4952347298497,-8.7543176067159
-38.4817347298497,-8.7777002817159
-38.4682347298497,-8.8010829567159
-38.0767347298496,-8.6841695817159
-38.0632347298496,-8.6607869067159
-38.0497347298496,-8.6374042317159
-38.0362347298496,-8.6140215567159
-38.0227347298496,-8.5906388817159
-37.9822347298496,-8.5672562067159
-37.9957347298496,-8.5438735317159
-38.0092347298496,-8.5204908567159
-38.0227347298496,-8.4971081817159
-38.0362347298496,-8.4737255067159
-38.0497347298496,-8.4503428317159
-38.1982347298496,-8.2866641067159
-38.2252347298496,-8.2866641067159
-38.2522347298496,-8.2866641067159
-38.2792347298496,-8.2866641067159
-38.3602347298497,-8.2866641067159
-38.4952347298497,-8.3334294567159
-38.5087347298497,-8.3568121317159
-38.5222347298497,-8.3801948067159
-38.5357347298497,-8.4035774817159
-38.5492347298497,-8.4269601567159
-38.5627347298497,-8.4503428317159
-38.5762347298497,-8.4737255067159
-38.5897347298497,-8.4971081817159
-38.6032347298497,-8.5204908567159
-38.6167347298497,-8.5906388817159
-38.6032347298497,-8.6140215567159
-38.5897347298497,-8.6374042317159
-38.5762347298497,-8.6607869067159
-38.5627347298497,-8.6841695817159
-38.5492347298497,-8.7075522567159
-38.5357347298497,-8.7309349317159
-38.5222347298497,-8.7543176067159
-38.5087347298497,-8.7777002817159
-38.4952347298497,-8.8010829567159
-38.4817347298497,-8.8244656317159
-38.0497347298496,-8.6841695817159
-38.0227347298496,-8.6374042317159
-38.0092347298496,-8.6140215567159
-37.9957347298496,-8.5906388817159
-37.9552347298496,-8.5672562067159
-37.9687347298496,-8.5438735317159
-37.9822347298496,-8.5204908567159
-37.9957347298496,-8.4971081817159
-38.0092347298496,-8.4737255067159
-38.0227347298496,-8.4503428317159
-38.2657347298496,-8.2632814317159
-38.5087347298497,-8.3100467817159
-38.5222347298497,-8.3334294567159
-38.5357347298497,-8.3568121317159
-38.5492347298497,-8.3801948067159
-38.5627347298497,-8.4035774817159
-38.5762347298497,-8.4269601567159
-38.6167347298497,-8.6374042317159
-38.6032347298497,-8.6607869067159
-38.5897347298497,-8.6841695817159
-38.5762347298497,-8.7075522567159
-38.5627347298497,-8.7309349317159
-38.5492347298497,-8.7543176067159
-38.5357347298497,-8.7777002817159
-38.5222347298497,-8.8010829567159
-38.5087347298497,-8.8244656317159
-37.9957347298496,-8.6374042317159
-37.9822347298496,-8.6140215567159
-37.9687347298496,-8.5906388817159
-37.9282347298496,-8.5672562067159
-37.9417347298496,-8.5438735317159
-37.9552347298496,-8.5204908567159
-37.9687347298496,-8.4971081817159
-37.9822347298496,-8.4737255067159
-38.5357347298497,-8.3100467817159
-38.5492347298497,-8.3334294567159
-38.5627347298497,-8.3568121317159
-38.6167347298497,-8.6841695817159
-38.6032347298497,-8.7075522567159
-38.5897347298497,-8.7309349317159
-38.5762347298497,-8.7543176067159
-38.5627347298497,-8.7777002817159
-38.5492347298497,-8.8010829567159
-37.9687347298496,-8.6374042317159
-37.9552347298496,-8.6140215567159
-37.9417347298496,-8.5906388817159
-37.9012347298496,-8.5672562067159
-37.9147347298496,-8.5438735317159
-37.9282347298496,-8.5204908567159
-37.9417347298496,-8.4971081817159
-37.9552347298496,-8.4737255067159
-38.6302347298497,-8.7075522567159
-38.6167347298497,-8.7309349317159
-38.6032347298497,-8.7543176067159
-38.5897347298497,-8.7777002817159
-38.5762347298497,-8.8010829567159
-38.5627347298497,-8.8244656317159
-37.9282347298496,-8.6140215567159
-37.9147347298496,-8.5906388817159
-37.8742347298496,-8.5672562067159
-37.8877347298496,-8.5438735317159
-37.9012347298496,-8.5204908567159
-37.9147347298496,-8.4971081817159
-37.9282347298496,-8.4737255067159
-37.9417347298496,-8.4503428317159
-38.6437347298497,-8.7309349317159
-38.6302347298497,-8.7543176067159
-38.6167347298497,-8.7777002817159
-38.6032347298497,-8.8010829567159
-38.5897347298497,-8.8244656317159
-37.8877347298496,-8.5906388817159
-37.8472347298496,-8.5672562067159
-37.8607347298496,-8.5438735317159
-37.8742347298496,-8.5204908567159
-37.8877347298496,-8.4971081817159
-37.9012347298496,-8.4737255067159
-37.9147347298496,-8.4503428317159
-38.6437347298497,-8.7777002817159
-38.6302347298497,-8.8010829567159
-38.6167347298497,-8.8244656317159
-38.6032347298497,-8.8478483067159
-37.8607347298496,-8.5906388817159
-37.8472347298496,-8.5204908567159
-37.8607347298496,-8.4971081817159
-37.8742347298496,-8.4737255067159
-37.8877347298496,-8.4503428317159
-37.9012347298496,-8.4269601567159
-38.6572347298497,-8.8010829567159
-38.6437347298497,-8.8244656317159
-38.6302347298497,-8.8478483067159
-38.6167347298497,-8.8712309817159
-38.6032347298497,-8.8946136567159
-37.8337347298496,-8.4971081817159
-37.8472347298496,-8.4737255067159
-37.8607347298496,-8.4503428317159
-37.8742347298496,-8.4269601567159
-37.8877347298496,-8.4035774817159
-38.6437347298497,-8.8712309817159
-38.6302347298497,-8.8946136567159
-38.6167347298497,-8.9179963317159
-37.8202347298496,-8.4737255067159
-37.8337347298496,-8.4503428317159
-37.8472347298496,-8.4269601567159
-38.6707347298497,-8.8712309817159
-38.6572347298497,-8.8946136567159
-38.6437347298497,-8.9179963317159
-38.6302347298497,-8.9413790067159
-37.8067347298496,-8.4503428317159
-37.8202347298496,-8.4269601567159
-37.8337347298496,-8.4035774817159
-38.6707347298497,-8.9179963317159
-38.6572347298497,-8.9413790067159
-38.6437347298497,-8.9647616817159
-37.7932347298496,-8.4269601567159
-37.8067347298496,-8.4035774817159
-38.6842347298497,-8.9413790067159
-38.6707347298497,-8.9647616817159
-38.6572347298497,-8.9881443567159
