-35.2593182644962,-8.8203628039649
-35.2323182644962,-8.8203628039649
-35.2458182644962,-8.7969801289649
-35.2728182644962,-8.7969801289649
-35.2863182644962,-8.8203628039649
-35.2728182644962,-8.8437454789649
-35.2458182644962,-8.8437454789649
-35.2053182644962,-8.8203628039649
-35.2323182644962,-8.7735974539649
-35.3133182644962,-8.8203628039649
-35.2863182644962,-8.8671281539649
-35.2188182644962,-8.7969801289649
-35.2593182644962,-8.7735974539649
-35.2998182644962,-8.7969801289649
-35.2998182644962,-8.8437454789649
-35.2593182644962,-8.8671281539649
-35.2188182644962,-8.8437454789649
-35.1783182644962,-8.8203628039649
-35.3403182644962,-8.8203628039649
-35.1918182644962,-8.7969801289649
-35.2053182644962,-8.7735974539649
-35.3268182644962,-8.7969801289649
-35.3268182644962,-8.8437454789649
-35.3133182644962,-8.8671281539649
-35.1513182644962,-8.8203628039649
-35.3673182644962,-8.8203628039649
-35.1648182644962,-8.7969801289649
-35.3538182644962,-8.8437454789649
-35.3943182644962,-8.8203628039649
-35.1378182644962,-8.7969801289649
-35.3808182644962,-8.8437454789649
-35.1378182644962,-8.8437454789649
