-35.2197458914767,-8.6768682354032
-35.1927458914767,-8.6768682354032
-35.2062458914767,-8.6534855604032
-35.2467458914767,-8.6768682354032
-35.2332458914767,-8.7002509104032
-35.2062458914767,-8.7002509104032
-35.1657458914767,-8.6768682354032
-35.1927458914767,-8.6301028854032
-35.2737458914767,-8.6768682354032
-35.1792458914767,-8.6534855604032
-35.2602458914767,-8.6534855604032
-35.1792458914767,-8.7002509104032
-35.1387458914767,-8.6768682354032
-35.1792458914767,-8.6067202104032
-35.3007458914767,-8.6768682354032
-35.1522458914767,-8.6534855604032
-35.1657458914767,-8.6301028854032
-35.2872458914767,-8.6534855604032
-35.2872458914767,-8.7002509104032
-35.1657458914767,-8.7236335854032
-35.1522458914767,-8.7002509104032
-35.3277458914767,-8.6768682354032
-35.1252458914767,-8.6534855604032
-35.3007458914767,-8.6301028854032
-35.3142458914767,-8.6534855604032
-35.3142458914767,-8.7002509104032
-35.1387458914767,-8.7236335854032
-35.1252458914767,-8.7002509104032
-35.3412458914767,-8.6534855604032
-35.3412458914767,-8.7002509104032
-35.1117458914767,-8.7236335854032
