-39.5213551206956,-7.6180555989664
-39.4943551206956,-7.6180555989664
-39.5078551206956,-7.5946729239664
-39.5348551206956,-7.5946729239664
-39.5483551206956,-7.6180555989664
-39.5348551206956,-7.6414382739664
-39.5078551206956,-7.6414382739664
-39.4673551206956,-7.6180555989664
-39.4943551206956,-7.5712902489664
-39.5483551206956,-7.5712902489664
-39.5753551206956,-7.6180555989664
-39.5483551206956,-7.6648209489664
-39.4943551206956,-7.6648209489664
-39.4808551206956,-7.5946729239664
-39.5213551206956,-7.5712902489664
-39.5618551206956,-7.5946729239664
-39.5618551206956,-7.6414382739664
-39.5213551206956,-7.6648209489664
-39.4808551206956,-7.6414382739664
-39.4403551206956,-7.6180555989664
-39.4808551206956,-7.5479075739664
-39.6023551206956,-7.6180555989664
-39.5618551206956,-7.6882036239664
-39.4538551206956,-7.5946729239664
-39.5078551206956,-7.5479075739664
-39.5348551206956,-7.5479075739664
-39.5888551206956,-7.6414382739664
-39.5753551206956,-7.6648209489664
-39.5348551206956,-7.6882036239664
-39.5078551206956,-7.6882036239664
-39.4538551206956,-7.6414382739664
-39.4133551206956,-7.6180555989664
-39.5753551206956,-7.7115862989663
-39.4268551206956,-7.5946729239664
-39.4943551206956,-7.5245248989664
-39.5213551206956,-7.5245248989664
-39.5483551206956,-7.5245248989664
-39.6158551206956,-7.6414382739664
-39.6023551206956,-7.6648209489664
-39.5888551206956,-7.6882036239664
-39.5483551206956,-7.7115862989663
-39.5213551206956,-7.7115862989663
-39.4268551206956,-7.6414382739664
-39.3863551206956,-7.6180555989664
-39.5888551206956,-7.7349689739663
-39.4808551206956,-7.5011422239664
-39.5078551206956,-7.5011422239664
-39.5348551206956,-7.5011422239664
-39.6023551206956,-7.7115862989663
-39.5618551206956,-7.7349689739663
-39.5348551206956,-7.7349689739663
-39.4673551206956,-7.4777595489664
-39.4943551206956,-7.4777595489664
-39.5213551206956,-7.4777595489664
