-36.7116321568335,-8.2247142798951
-36.6846321568335,-8.2247142798951
-36.6981321568335,-8.2013316048951
-36.7251321568335,-8.2013316048951
-36.7386321568335,-8.2247142798951
-36.7251321568335,-8.2480969548951
-36.6981321568335,-8.2480969548951
-36.6576321568335,-8.2247142798951
-36.6846321568335,-8.1779489298951
-36.7386321568335,-8.1779489298951
-36.7656321568335,-8.2247142798951
-36.6846321568335,-8.2714796298951
-36.6711321568335,-8.2013316048951
-36.7116321568335,-8.1779489298951
-36.7521321568335,-8.2013316048951
-36.7521321568335,-8.2480969548951
-36.6711321568335,-8.2480969548951
-36.6306321568334,-8.2247142798951
-36.7926321568335,-8.2247142798951
-36.7791321568335,-8.2013316048951
-36.7791321568335,-8.2480969548951
-36.6576321568335,-8.2714796298951
-36.6441321568335,-8.2480969548951
-36.6171321568334,-8.2013316048951
-36.8061321568335,-8.2480969548951
-36.7926321568335,-8.2714796298951
