-37.2730036712351,-7.5278157039750
-37.2460036712351,-7.5278157039750
-37.2595036712351,-7.5044330289750
-37.2865036712351,-7.5044330289750
-37.3000036712351,-7.5278157039750
-37.2865036712351,-7.5511983789750
-37.2595036712351,-7.5511983789750
-37.2190036712351,-7.5278157039750
-37.2460036712351,-7.4810503539750
-37.3000036712351,-7.4810503539750
-37.3270036712351,-7.5278157039750
-37.3000036712351,-7.5745810539750
-37.2460036712351,-7.5745810539750
-37.2325036712351,-7.5044330289750
-37.2730036712351,-7.4810503539750
-37.3135036712351,-7.5044330289750
-37.3135036712351,-7.5511983789750
-37.2730036712351,-7.5745810539750
-37.2325036712351,-7.5511983789750
-37.1920036712351,-7.5278157039750
-37.2325036712351,-7.4576676789750
-37.3135036712351,-7.4576676789750
-37.3540036712351,-7.5278157039750
-37.3135036712351,-7.5979637289750
-37.2325036712351,-7.5979637289750
-37.2055036712351,-7.5044330289750
-37.2190036712351,-7.4810503539750
-37.2595036712351,-7.4576676789750
-37.2865036712351,-7.4576676789750
-37.3270036712351,-7.4810503539750
-37.3405036712351,-7.5044330289750
-37.3405036712351,-7.5511983789750
-37.3270036712351,-7.5745810539750
-37.2865036712351,-7.5979637289750
-37.2595036712351,-7.5979637289750
-37.2190036712351,-7.5745810539750
-37.2055036712351,-7.5511983789750
-37.1650036712351,-7.5278157039750
-37.2190036712351,-7.4342850039750
-37.3270036712351,-7.4342850039750
-37.3810036712351,-7.5278157039750
-37.2190036712351,-7.6213464039750
-37.1785036712351,-7.5044330289750
-37.1920036712351,-7.4810503539750
-37.2055036712351,-7.4576676789750
-37.2460036712351,-7.4342850039750
-37.2730036712351,-7.4342850039750
-37.3000036712351,-7.4342850039750
-37.3405036712351,-7.4576676789750
-37.3540036712351,-7.4810503539750
-37.3675036712351,-7.5044330289750
-37.3675036712351,-7.5511983789750
-37.3540036712351,-7.5745810539750
-37.3405036712351,-7.5979637289750
-37.2730036712351,-7.6213464039750
-37.2460036712351,-7.6213464039750
-37.2055036712351,-7.5979637289750
-37.1920036712351,-7.5745810539750
-37.1785036712351,-7.5511983789750
-37.1380036712351,-7.5278157039750
-37.3405036712351,-7.4109023289750
-37.4080036712351,-7.5278157039750
-37.2055036712351,-7.6447290789750
-37.1515036712351,-7.5044330289750
-37.1650036712351,-7.4810503539750
-37.1785036712351,-7.4576676789750
-37.2325036712351,-7.4109023289750
-37.2595036712351,-7.4109023289750
-37.2865036712351,-7.4109023289750
-37.3135036712351,-7.4109023289750
-37.3540036712351,-7.4342850039750
-37.3675036712351,-7.4576676789750
-37.3810036712351,-7.4810503539750
-37.3945036712351,-7.5044330289750
-37.3945036712351,-7.5511983789750
-37.3810036712351,-7.5745810539750
-37.3675036712351,-7.5979637289750
-37.2595036712351,-7.6447290789750
-37.2325036712351,-7.6447290789750
-37.1920036712351,-7.6213464039750
-37.1785036712351,-7.5979637289750
-37.1650036712351,-7.5745810539750
-37.1515036712351,-7.5511983789750
-37.1110036712351,-7.5278157039750
-37.3540036712351,-7.3875196539750
-37.4350036712351,-7.5278157039750
-37.1920036712351,-7.6681117539750
-37.1245036712351,-7.5044330289750
-37.3000036712351,-7.3875196539750
-37.3270036712351,-7.3875196539750
-37.4215036712351,-7.5044330289750
-37.4215036712351,-7.5511983789750
-37.4080036712351,-7.5745810539750
-37.3945036712351,-7.5979637289750
-37.3810036712351,-7.6213464039750
-37.2460036712351,-7.6681117539750
-37.2190036712351,-7.6681117539750
-37.1785036712351,-7.6914944289750
-37.0975036712351,-7.5044330289750
-37.4215036712351,-7.5979637289750
-37.4080036712351,-7.6213464039750
-37.2055036712351,-7.6914944289750
-37.0705036712351,-7.5044330289750
