-40.3009334259515,-8.2911014995110
-40.2739334259515,-8.2911014995110
-40.2874334259515,-8.2677188245110
-40.3144334259515,-8.2677188245110
-40.3279334259515,-8.2911014995110
-40.3144334259515,-8.3144841745110
-40.2874334259515,-8.3144841745110
-40.2469334259515,-8.2911014995110
-40.2739334259515,-8.2443361495110
-40.3279334259515,-8.2443361495110
-40.3549334259516,-8.2911014995110
-40.3279334259515,-8.3378668495110
-40.2739334259515,-8.3378668495110
-40.2604334259515,-8.2677188245110
-40.3009334259515,-8.2443361495110
-40.3414334259515,-8.2677188245110
-40.3414334259515,-8.3144841745110
-40.3009334259515,-8.3378668495110
-40.2604334259515,-8.3144841745110
-40.2199334259515,-8.2911014995110
-40.2604334259515,-8.2209534745110
-40.3414334259515,-8.2209534745110
-40.3819334259516,-8.2911014995110
-40.3414334259515,-8.3612495245110
-40.2604334259515,-8.3612495245110
-40.2334334259515,-8.2677188245110
-40.2469334259515,-8.2443361495110
-40.2874334259515,-8.2209534745110
-40.3144334259515,-8.2209534745110
-40.3549334259516,-8.2443361495110
-40.3684334259516,-8.2677188245110
-40.3684334259516,-8.3144841745110
-40.3549334259516,-8.3378668495110
-40.3144334259515,-8.3612495245110
-40.2874334259515,-8.3612495245110
-40.2469334259515,-8.3378668495110
-40.2334334259515,-8.3144841745110
-40.1929334259515,-8.2911014995110
-40.2469334259515,-8.1975707995110
-40.3549334259516,-8.1975707995110
-40.4089334259516,-8.2911014995110
-40.3549334259516,-8.3846321995110
-40.2469334259515,-8.3846321995110
-40.2064334259515,-8.2677188245110
-40.2199334259515,-8.2443361495110
-40.2334334259515,-8.2209534745110
-40.2739334259515,-8.1975707995110
-40.3009334259515,-8.1975707995110
-40.3279334259515,-8.1975707995110
-40.3684334259516,-8.2209534745110
-40.3819334259516,-8.2443361495110
-40.3954334259516,-8.2677188245110
-40.3954334259516,-8.3144841745110
-40.3819334259516,-8.3378668495110
-40.3684334259516,-8.3612495245110
-40.3279334259515,-8.3846321995110
-40.3009334259515,-8.3846321995110
-40.2739334259515,-8.3846321995110
-40.2334334259515,-8.3612495245110
-40.2199334259515,-8.3378668495110
-40.2064334259515,-8.3144841745110
-40.1659334259515,-8.2911014995110
-40.2334334259515,-8.1741881245110
-40.3684334259516,-8.1741881245110
-40.4359334259516,-8.2911014995110
-40.3684334259516,-8.4080148745110
-40.2334334259515,-8.4080148745110
-40.2064334259515,-8.2209534745110
-40.2199334259515,-8.1975707995110
-40.2604334259515,-8.1741881245110
-40.2874334259515,-8.1741881245110
-40.3144334259515,-8.1741881245110
-40.3414334259515,-8.1741881245110
-40.3819334259516,-8.1975707995110
-40.3954334259516,-8.2209534745110
-40.4089334259516,-8.2443361495110
-40.4224334259516,-8.2677188245110
-40.4224334259516,-8.3144841745110
-40.4089334259516,-8.3378668495110
-40.3954334259516,-8.3612495245110
-40.3819334259516,-8.3846321995110
-40.3414334259515,-8.4080148745110
-40.3144334259515,-8.4080148745110
-40.2874334259515,-8.4080148745110
-40.2604334259515,-8.4080148745110
-40.2199334259515,-8.3846321995110
-40.2064334259515,-8.3612495245110
-40.1929334259515,-8.3378668495110
-40.1794334259515,-8.3144841745110
-40.3819334259516,-8.1508054495110
-40.2199334259515,-8.4313975495110
-40.2739334259515,-8.1508054495110
-40.3009334259515,-8.1508054495110
-40.3279334259515,-8.1508054495110
-40.3549334259516,-8.1508054495110
-40.3954334259516,-8.1741881245110
-40.4089334259516,-8.1975707995110
-40.4224334259516,-8.2209534745110
-40.4359334259516,-8.2443361495110
-40.4494334259516,-8.3144841745110
-40.4359334259516,-8.3378668495110
-40.4224334259516,-8.3612495245110
-40.4089334259516,-8.3846321995110
-40.3954334259516,-8.4080148745110
-40.3549334259516,-8.4313975495110
-40.3279334259515,-8.4313975495110
-40.3009334259515,-8.4313975495110
-40.2739334259515,-8.4313975495110
-40.2469334259515,-8.4313975495110
-40.2064334259515,-8.4080148745110
-40.1929334259515,-8.3846321995110
-40.1794334259515,-8.3612495245110
-40.1659334259515,-8.3378668495110
-40.1524334259515,-8.3144841745110
-40.3954334259516,-8.1274227745110
-40.2064334259515,-8.4547802245110
-40.2604334259515,-8.1274227745110
-40.2874334259515,-8.1274227745110
-40.3144334259515,-8.1274227745110
-40.3414334259515,-8.1274227745110
-40.3684334259516,-8.1274227745110
-40.4089334259516,-8.1508054495110
-40.4224334259516,-8.1741881245110
-40.4359334259516,-8.1975707995110
-40.3414334259515,-8.4547802245110
-40.3144334259515,-8.4547802245110
-40.2874334259515,-8.4547802245110
-40.2604334259515,-8.4547802245110
-40.2334334259515,-8.4547802245110
-40.1929334259515,-8.4313975495110
-40.1794334259515,-8.4080148745110
-40.1659334259515,-8.3846321995110
-40.1524334259515,-8.3612495245110
-40.1389334259515,-8.3378668495110
-40.1254334259515,-8.3144841745110
-40.4089334259516,-8.1040400995110
-40.1929334259515,-8.4781628995110
-40.2469334259515,-8.1040400995110
-40.2739334259515,-8.1040400995110
-40.3009334259515,-8.1040400995110
-40.3279334259515,-8.1040400995110
-40.3549334259516,-8.1040400995110
-40.3819334259516,-8.1040400995110
-40.4224334259516,-8.1274227745110
-40.3549334259516,-8.4781628995110
-40.3279334259515,-8.4781628995110
-40.3009334259515,-8.4781628995110
-40.2739334259515,-8.4781628995110
-40.2469334259515,-8.4781628995110
-40.2199334259515,-8.4781628995110
-40.1119334259515,-8.3378668495110
-40.4224334259516,-8.0806574245110
-40.2334334259515,-8.0806574245110
-40.2604334259515,-8.0806574245110
-40.2874334259515,-8.0806574245110
-40.3144334259515,-8.0806574245110
-40.3414334259515,-8.0806574245110
-40.3954334259516,-8.0806574245110
-40.3414334259515,-8.5015455745110
-40.3144334259515,-8.5015455745110
-40.2334334259515,-8.5015455745110
-40.2064334259515,-8.5015455745110
