-38.0672179382705,-7.8504748822506
-38.0402179382705,-7.8504748822506
-38.0537179382705,-7.8270922072506
-38.0942179382705,-7.8504748822506
-38.0807179382705,-7.8738575572506
-38.0537179382705,-7.8738575572506
-38.0132179382705,-7.8504748822506
-38.0402179382705,-7.8037095322506
-38.1212179382705,-7.8504748822506
-38.0942179382705,-7.8972402322506
-38.0402179382705,-7.8972402322506
-38.0267179382705,-7.8270922072506
-38.0672179382705,-7.8037095322506
-38.1077179382705,-7.8270922072506
-38.1077179382705,-7.8738575572506
-38.0672179382705,-7.8972402322506
-38.0267179382705,-7.8738575572506
-38.0267179382705,-7.7803268572506
-38.0537179382705,-7.7803268572506
-38.1347179382705,-7.8738575572506
-38.1212179382705,-7.8972402322506
-38.0807179382705,-7.9206229072506
-38.0537179382705,-7.9206229072506
-38.0402179382705,-7.7569441822506
