-54.4843706453843,-19.1699969349665
-54.4573706453843,-19.1699969349665
-54.4708706453843,-19.1466142599665
-54.4978706453843,-19.1466142599665
-54.5113706453843,-19.1699969349665
-54.4978706453843,-19.1933796099665
-54.4708706453843,-19.1933796099665
-54.4303706453843,-19.1699969349665
-54.4573706453843,-19.1232315849665
-54.5113706453843,-19.1232315849665
-54.5383706453843,-19.1699969349665
-54.5113706453843,-19.2167622849665
-54.4573706453843,-19.2167622849665
-54.4438706453843,-19.1466142599665
-54.4843706453843,-19.1232315849665
-54.5248706453843,-19.1466142599665
-54.5248706453843,-19.1933796099665
-54.4843706453843,-19.2167622849665
-54.4438706453843,-19.1933796099665
-54.4033706453843,-19.1699969349665
-54.4438706453843,-19.0998489099665
-54.5248706453843,-19.0998489099665
-54.5653706453843,-19.1699969349665
-54.5248706453843,-19.2401449599665
-54.4438706453843,-19.2401449599665
-54.4168706453843,-19.1466142599665
-54.4303706453843,-19.1232315849665
-54.4708706453843,-19.0998489099665
-54.4978706453843,-19.0998489099665
-54.5383706453843,-19.1232315849665
-54.5518706453843,-19.1466142599665
-54.5518706453843,-19.1933796099665
-54.5383706453843,-19.2167622849665
-54.4978706453843,-19.2401449599665
-54.4708706453843,-19.2401449599665
-54.4303706453843,-19.2167622849665
-54.4168706453843,-19.1933796099665
-54.3763706453843,-19.1699969349665
-54.4303706453843,-19.0764662349665
-54.5383706453843,-19.0764662349665
-54.5923706453843,-19.1699969349665
-54.5383706453843,-19.2635276349665
-54.4303706453843,-19.2635276349665
-54.3898706453843,-19.1466142599665
-54.4033706453843,-19.1232315849665
-54.4168706453843,-19.0998489099665
-54.4573706453843,-19.0764662349665
-54.4843706453843,-19.0764662349665
-54.5113706453843,-19.0764662349665
-54.5518706453843,-19.0998489099665
-54.5653706453843,-19.1232315849665
-54.5788706453843,-19.1466142599665
-54.5788706453843,-19.1933796099665
-54.5653706453843,-19.2167622849665
-54.5518706453843,-19.2401449599665
-54.5113706453843,-19.2635276349665
-54.4843706453843,-19.2635276349665
-54.4573706453843,-19.2635276349665
-54.4168706453843,-19.2401449599665
-54.4033706453843,-19.2167622849665
-54.3898706453843,-19.1933796099665
-54.3493706453843,-19.1699969349665
-54.4168706453843,-19.0530835599665
-54.5518706453843,-19.0530835599665
-54.6193706453843,-19.1699969349665
-54.5518706453843,-19.2869103099665
-54.4168706453843,-19.2869103099665
-54.3628706453843,-19.1466142599665
-54.3763706453843,-19.1232315849665
-54.3898706453843,-19.0998489099665
-54.4033706453843,-19.0764662349665
-54.4438706453843,-19.0530835599665
-54.4708706453843,-19.0530835599665
-54.4978706453843,-19.0530835599665
-54.5248706453843,-19.0530835599665
-54.5653706453843,-19.0764662349665
-54.5788706453843,-19.0998489099665
-54.5923706453843,-19.1232315849665
-54.6058706453843,-19.1466142599665
-54.6058706453843,-19.1933796099665
-54.5923706453843,-19.2167622849665
-54.5788706453843,-19.2401449599665
-54.5653706453843,-19.2635276349665
-54.5248706453843,-19.2869103099665
-54.4978706453843,-19.2869103099665
-54.4708706453843,-19.2869103099665
-54.4438706453843,-19.2869103099665
-54.4033706453843,-19.2635276349665
-54.3898706453843,-19.2401449599665
-54.3763706453843,-19.2167622849665
-54.3628706453843,-19.1933796099665
-54.3223706453843,-19.1699969349665
-54.4033706453843,-19.0297008849665
-54.5653706453843,-19.0297008849665
-54.6463706453843,-19.1699969349665
-54.5653706453843,-19.3102929849665
-54.4033706453843,-19.3102929849665
-54.3358706453843,-19.1466142599665
-54.3493706453843,-19.1232315849665
-54.3628706453843,-19.0998489099665
-54.3763706453843,-19.0764662349665
-54.3898706453843,-19.0530835599665
-54.4303706453843,-19.0297008849665
-54.4573706453843,-19.0297008849665
-54.4843706453843,-19.0297008849665
-54.5113706453843,-19.0297008849665
-54.5383706453843,-19.0297008849665
-54.5788706453843,-19.0530835599665
-54.5923706453843,-19.0764662349665
-54.6058706453843,-19.0998489099665
-54.6193706453843,-19.1232315849665
-54.6328706453843,-19.1466142599665
-54.6328706453843,-19.1933796099665
-54.6193706453843,-19.2167622849665
-54.6058706453843,-19.2401449599665
-54.5923706453843,-19.2635276349665
-54.5788706453843,-19.2869103099665
-54.5383706453843,-19.3102929849665
-54.5113706453843,-19.3102929849665
-54.4843706453843,-19.3102929849665
-54.4573706453843,-19.3102929849665
-54.4303706453843,-19.3102929849665
-54.3898706453843,-19.2869103099665
-54.3763706453843,-19.2635276349665
-54.3628706453843,-19.2401449599665
-54.3493706453843,-19.2167622849665
-54.3358706453843,-19.1933796099665
-54.2953706453843,-19.1699969349665
-54.3898706453843,-19.0063182099665
-54.5788706453843,-19.0063182099665
-54.6733706453843,-19.1699969349665
-54.5788706453843,-19.3336756599665
-54.3898706453843,-19.3336756599665
-54.3088706453843,-19.1466142599665
-54.3223706453843,-19.1232315849665
-54.3358706453843,-19.0998489099665
-54.3493706453843,-19.0764662349665
-54.3628706453843,-19.0530835599665
-54.3763706453843,-19.0297008849665
-54.4168706453843,-19.0063182099665
-54.4438706453843,-19.0063182099665
-54.4708706453843,-19.0063182099665
-54.4978706453843,-19.0063182099665
-54.5248706453843,-19.0063182099665
-54.5518706453843,-19.0063182099665
-54.5923706453843,-19.0297008849665
-54.6058706453843,-19.0530835599665
-54.6193706453843,-19.0764662349665
-54.6328706453843,-19.0998489099665
-54.6463706453843,-19.1232315849665
-54.6598706453843,-19.1466142599665
-54.6598706453843,-19.1933796099665
-54.6463706453843,-19.2167622849665
-54.6328706453843,-19.2401449599665
-54.6193706453843,-19.2635276349665
-54.6058706453843,-19.2869103099665
-54.5923706453843,-19.3102929849665
-54.5518706453843,-19.3336756599665
-54.5248706453843,-19.3336756599665
-54.4978706453843,-19.3336756599665
-54.4708706453843,-19.3336756599665
-54.4438706453843,-19.3336756599665
-54.4168706453843,-19.3336756599665
-54.3763706453843,-19.3102929849665
-54.3628706453843,-19.2869103099665
-54.3493706453843,-19.2635276349665
-54.3358706453843,-19.2401449599665
-54.3223706453843,-19.2167622849665
-54.3088706453843,-19.1933796099665
-54.2683706453843,-19.1699969349665
-54.3763706453843,-18.9829355349665
-54.5923706453843,-18.9829355349665
-54.7003706453843,-19.1699969349665
-54.5923706453843,-19.3570583349665
-54.3763706453843,-19.3570583349665
-54.2818706453843,-19.1466142599665
-54.2953706453843,-19.1232315849665
-54.3088706453843,-19.0998489099665
-54.3223706453843,-19.0764662349665
-54.3358706453843,-19.0530835599665
-54.3493706453843,-19.0297008849665
-54.3628706453843,-19.0063182099665
-54.4303706453843,-18.9829355349665
-54.4573706453843,-18.9829355349665
-54.4843706453843,-18.9829355349665
-54.5113706453843,-18.9829355349665
-54.5383706453843,-18.9829355349665
-54.5653706453843,-18.9829355349665
-54.6058706453843,-19.0063182099665
-54.6193706453843,-19.0297008849665
-54.6328706453843,-19.0530835599665
-54.6463706453843,-19.0764662349665
-54.6598706453843,-19.0998489099665
-54.6733706453843,-19.1232315849665
-54.6868706453843,-19.1466142599665
-54.6868706453843,-19.1933796099665
-54.6733706453843,-19.2167622849665
-54.6598706453843,-19.2401449599665
-54.6463706453843,-19.2635276349665
-54.6328706453843,-19.2869103099665
-54.6193706453843,-19.3102929849665
-54.6058706453843,-19.3336756599665
-54.5653706453843,-19.3570583349665
-54.5383706453843,-19.3570583349665
-54.5113706453843,-19.3570583349665
-54.4843706453843,-19.3570583349665
-54.4573706453843,-19.3570583349665
-54.4303706453843,-19.3570583349665
-54.4033706453843,-19.3570583349665
-54.3628706453843,-19.3336756599665
-54.3493706453843,-19.3102929849665
-54.3358706453843,-19.2869103099665
-54.3223706453843,-19.2635276349665
-54.3088706453843,-19.2401449599665
-54.2953706453843,-19.2167622849665
-54.2818706453843,-19.1933796099665
-54.2413706453843,-19.1699969349665
-54.3628706453843,-18.9595528599665
-54.7273706453843,-19.1699969349665
-54.6058706453843,-19.3804410099665
-54.3628706453843,-19.3804410099665
-54.2548706453843,-19.1466142599665
-54.2683706453843,-19.1232315849665
-54.2818706453843,-19.0998489099665
-54.2953706453843,-19.0764662349665
-54.3088706453843,-19.0530835599665
-54.3223706453843,-19.0297008849665
-54.3358706453843,-19.0063182099665
-54.3493706453843,-18.9829355349665
-54.3898706453843,-18.9595528599665
-54.5518706453843,-18.9595528599665
-54.6328706453843,-19.0063182099665
-54.6463706453843,-19.0297008849665
-54.6598706453843,-19.0530835599665
-54.6733706453843,-19.0764662349665
-54.6868706453843,-19.0998489099665
-54.7003706453843,-19.1232315849665
-54.7138706453843,-19.1466142599665
-54.7138706453843,-19.1933796099665
-54.7003706453843,-19.2167622849665
-54.6868706453843,-19.2401449599665
-54.6733706453843,-19.2635276349665
-54.6598706453843,-19.2869103099665
-54.6463706453843,-19.3102929849665
-54.6328706453843,-19.3336756599665
-54.6193706453843,-19.3570583349665
-54.5788706453843,-19.3804410099665
-54.5518706453843,-19.3804410099665
-54.5248706453843,-19.3804410099665
-54.4978706453843,-19.3804410099665
-54.4708706453843,-19.3804410099665
-54.4438706453843,-19.3804410099665
-54.4168706453843,-19.3804410099665
-54.3898706453843,-19.3804410099665
-54.3493706453843,-19.3570583349665
-54.3358706453843,-19.3336756599665
-54.3223706453843,-19.3102929849665
-54.3088706453843,-19.2869103099665
-54.2953706453843,-19.2635276349665
-54.2818706453843,-19.2401449599665
-54.2683706453843,-19.2167622849665
-54.2548706453843,-19.1933796099665
-54.2143706453843,-19.1699969349665
-54.3493706453843,-18.9361701849665
-54.7543706453843,-19.1699969349665
-54.6193706453843,-19.4038236849665
-54.3493706453843,-19.4038236849665
-54.2278706453843,-19.1466142599665
-54.2413706453843,-19.1232315849665
-54.2548706453843,-19.0998489099665
-54.2683706453843,-19.0764662349665
-54.2818706453843,-19.0530835599665
-54.2953706453843,-19.0297008849665
-54.3088706453843,-19.0063182099665
-54.3223706453843,-18.9829355349665
-54.3358706453843,-18.9595528599665
-54.3763706453843,-18.9361701849665
-54.4033706453843,-18.9361701849665
-54.6733706453843,-19.0297008849665
-54.6868706453843,-19.0530835599665
-54.7003706453843,-19.0764662349665
-54.7138706453843,-19.0998489099665
-54.7273706453843,-19.1232315849665
-54.7408706453843,-19.1466142599665
-54.7408706453843,-19.1933796099665
-54.7273706453843,-19.2167622849665
-54.7138706453843,-19.2401449599665
-54.7003706453843,-19.2635276349665
-54.6868706453843,-19.2869103099665
-54.6733706453843,-19.3102929849665
-54.6598706453843,-19.3336756599665
-54.6463706453843,-19.3570583349665
-54.6328706453843,-19.3804410099665
-54.5923706453843,-19.4038236849665
-54.5653706453843,-19.4038236849665
-54.5383706453843,-19.4038236849665
-54.5113706453843,-19.4038236849665
-54.4843706453843,-19.4038236849665
-54.4573706453843,-19.4038236849665
-54.4303706453843,-19.4038236849665
-54.4033706453843,-19.4038236849665
-54.3763706453843,-19.4038236849665
-54.3358706453843,-19.3804410099665
-54.3223706453843,-19.3570583349665
-54.2953706453843,-19.3102929849665
-54.2818706453843,-19.2869103099665
-54.2683706453843,-19.2635276349665
-54.2548706453843,-19.2401449599665
-54.2413706453843,-19.2167622849665
-54.2278706453843,-19.1933796099665
-54.3358706453843,-18.9127875099665
-54.7813706453843,-19.1699969349665
-54.6328706453843,-19.4272063599665
-54.2143706453843,-19.1232315849665
-54.2548706453843,-19.0530835599665
-54.2683706453843,-19.0297008849665
-54.2818706453843,-19.0063182099665
-54.2953706453843,-18.9829355349665
-54.3088706453843,-18.9595528599665
-54.3223706453843,-18.9361701849665
-54.3628706453843,-18.9127875099665
-54.3898706453843,-18.9127875099665
-54.4168706453843,-18.9127875099665
-54.4438706453843,-18.9127875099665
-54.7678706453843,-19.1933796099665
-54.7543706453843,-19.2167622849665
-54.7408706453843,-19.2401449599665
-54.7273706453843,-19.2635276349665
-54.7138706453843,-19.2869103099665
-54.7003706453843,-19.3102929849665
-54.6868706453843,-19.3336756599665
-54.6733706453843,-19.3570583349665
-54.6598706453843,-19.3804410099665
-54.6463706453843,-19.4038236849665
-54.6058706453843,-19.4272063599665
-54.5788706453843,-19.4272063599665
-54.5518706453843,-19.4272063599665
-54.5248706453843,-19.4272063599665
-54.4978706453843,-19.4272063599665
-54.4708706453843,-19.4272063599665
-54.4438706453843,-19.4272063599665
-54.4168706453843,-19.4272063599665
-54.3898706453843,-19.4272063599665
-54.3223706453843,-19.4038236849665
-54.2278706453843,-19.2401449599665
-54.2143706453843,-19.2167622849665
-54.2008706453843,-19.1933796099665
-54.3223706453843,-18.8894048349665
-54.6463706453843,-19.4505890349665
-54.2413706453843,-19.0297008849665
-54.2548706453843,-19.0063182099665
-54.2683706453843,-18.9829355349665
-54.2818706453843,-18.9595528599665
-54.2953706453843,-18.9361701849665
-54.3088706453843,-18.9127875099665
-54.3493706453843,-18.8894048349665
-54.3763706453843,-18.8894048349665
-54.4033706453843,-18.8894048349665
-54.4303706453843,-18.8894048349665
-54.4573706453843,-18.8894048349665
-54.7948706453843,-19.1933796099665
-54.7543706453843,-19.2635276349665
-54.7408706453843,-19.2869103099665
-54.7138706453843,-19.3336756599665
-54.7003706453843,-19.3570583349665
-54.6868706453843,-19.3804410099665
-54.6733706453843,-19.4038236849665
-54.6598706453843,-19.4272063599665
-54.6193706453843,-19.4505890349665
-54.5923706453843,-19.4505890349665
-54.5653706453843,-19.4505890349665
-54.5383706453843,-19.4505890349665
-54.5113706453843,-19.4505890349665
-54.4843706453843,-19.4505890349665
-54.4573706453843,-19.4505890349665
-54.4303706453843,-19.4505890349665
-54.4033706453843,-19.4505890349665
-54.3088706453843,-18.8660221599665
-54.6598706453843,-19.4739717099665
-54.2143706453843,-19.0297008849665
-54.2278706453843,-19.0063182099665
-54.2413706453843,-18.9829355349665
-54.2548706453843,-18.9595528599665
-54.2683706453843,-18.9361701849665
-54.2818706453843,-18.9127875099665
-54.2953706453843,-18.8894048349665
-54.3358706453843,-18.8660221599665
-54.3628706453843,-18.8660221599665
-54.3898706453843,-18.8660221599665
-54.4168706453843,-18.8660221599665
-54.4438706453843,-18.8660221599665
-54.4708706453843,-18.8660221599665
-54.7273706453843,-19.3570583349665
-54.7138706453843,-19.3804410099665
-54.7003706453843,-19.4038236849665
-54.6868706453843,-19.4272063599665
-54.6733706453843,-19.4505890349665
-54.6328706453843,-19.4739717099665
-54.6058706453843,-19.4739717099665
-54.5788706453843,-19.4739717099665
-54.5518706453843,-19.4739717099665
-54.5248706453843,-19.4739717099665
-54.4978706453843,-19.4739717099665
-54.4708706453843,-19.4739717099665
-54.4438706453843,-19.4739717099665
-54.2953706453843,-18.8426394849665
-54.6733706453843,-19.4973543849665
-54.2008706453843,-19.0063182099665
-54.2143706453843,-18.9829355349665
-54.2278706453843,-18.9595528599665
-54.2413706453843,-18.9361701849665
-54.2548706453843,-18.9127875099665
-54.2683706453843,-18.8894048349665
-54.2818706453843,-18.8660221599665
-54.3223706453843,-18.8426394849665
-54.3493706453843,-18.8426394849665
-54.3763706453843,-18.8426394849665
-54.4033706453843,-18.8426394849665
-54.4303706453843,-18.8426394849665
-54.4573706453843,-18.8426394849665
-54.4843706453843,-18.8426394849665
-54.5113706453843,-18.8426394849665
-54.7408706453843,-19.3804410099665
-54.7273706453843,-19.4038236849665
-54.7138706453843,-19.4272063599665
-54.7003706453843,-19.4505890349665
-54.6868706453843,-19.4739717099665
-54.6463706453843,-19.4973543849665
-54.6193706453843,-19.4973543849665
-54.5923706453843,-19.4973543849665
-54.5653706453843,-19.4973543849665
-54.5383706453843,-19.4973543849665
-54.5113706453843,-19.4973543849665
-54.4843706453843,-19.4973543849665
-54.4573706453843,-19.4973543849665
-54.2818706453843,-18.8192568099665
-54.6868706453843,-19.5207370599665
-54.2008706453843,-18.9595528599665
-54.2143706453843,-18.9361701849665
-54.2278706453843,-18.9127875099665
-54.2413706453843,-18.8894048349665
-54.2548706453843,-18.8660221599665
-54.2683706453843,-18.8426394849665
-54.3088706453843,-18.8192568099665
-54.3358706453843,-18.8192568099665
-54.3628706453843,-18.8192568099665
-54.3898706453843,-18.8192568099665
-54.4168706453843,-18.8192568099665
-54.4438706453843,-18.8192568099665
-54.4708706453843,-18.8192568099665
-54.4978706453843,-18.8192568099665
-54.7543706453843,-19.4038236849665
-54.7408706453843,-19.4272063599665
-54.7273706453843,-19.4505890349665
-54.7138706453843,-19.4739717099665
-54.7003706453843,-19.4973543849665
-54.6598706453843,-19.5207370599665
-54.6328706453843,-19.5207370599665
-54.6058706453843,-19.5207370599665
-54.5788706453843,-19.5207370599665
-54.5518706453843,-19.5207370599665
-54.5248706453843,-19.5207370599665
-54.4978706453843,-19.5207370599665
-54.4708706453843,-19.5207370599665
-54.4438706453843,-19.5207370599665
-54.2683706453843,-18.7958741349665
-54.7003706453843,-19.5441197349665
-54.2143706453843,-18.8894048349665
-54.2953706453843,-18.7958741349665
-54.3223706453843,-18.7958741349665
-54.3493706453843,-18.7958741349665
-54.3763706453843,-18.7958741349665
-54.4033706453843,-18.7958741349665
-54.4303706453843,-18.7958741349665
-54.4573706453843,-18.7958741349665
-54.4843706453843,-18.7958741349665
-54.5113706453843,-18.7958741349665
-54.7678706453843,-19.4272063599665
-54.7543706453843,-19.4505890349665
-54.7408706453843,-19.4739717099665
-54.7273706453843,-19.4973543849665
-54.7138706453843,-19.5207370599665
-54.6733706453843,-19.5441197349665
-54.6463706453843,-19.5441197349665
-54.6193706453843,-19.5441197349665
-54.5923706453843,-19.5441197349665
-54.4843706453843,-19.5441197349665
-54.7138706453843,-19.5675024099665
-54.2818706453843,-18.7724914599665
-54.3088706453843,-18.7724914599665
-54.3358706453843,-18.7724914599665
-54.3628706453843,-18.7724914599665
-54.3898706453843,-18.7724914599665
-54.4168706453843,-18.7724914599665
-54.4438706453843,-18.7724914599665
-54.4708706453843,-18.7724914599665
-54.4978706453843,-18.7724914599665
-54.5248706453843,-18.7724914599665
-54.7813706453843,-19.4505890349665
-54.7678706453843,-19.4739717099665
-54.7408706453843,-19.5207370599665
-54.7273706453843,-19.5441197349665
-54.6868706453843,-19.5675024099665
-54.6598706453843,-19.5675024099665
-54.7273706453843,-19.5908850849665
-54.2953706453843,-18.7491087849665
-54.3223706453843,-18.7491087849665
-54.3493706453843,-18.7491087849665
-54.3763706453843,-18.7491087849665
-54.4033706453843,-18.7491087849665
-54.4303706453843,-18.7491087849665
-54.4573706453843,-18.7491087849665
-54.4843706453843,-18.7491087849665
-54.5113706453843,-18.7491087849665
-54.5383706453843,-18.7491087849665
-54.5653706453843,-18.7491087849665
-54.7003706453843,-19.5908850849665
-54.6733706453843,-19.5908850849665
-54.3358706453843,-18.7257261099665
-54.3628706453843,-18.7257261099665
-54.3898706453843,-18.7257261099665
-54.4168706453843,-18.7257261099665
-54.5248706453843,-18.7257261099665
-54.5518706453843,-18.7257261099665
