-55.5823842656545,-22.2017342811011
-55.5553842656545,-22.2017342811011
-55.5688842656545,-22.1783516061011
-55.5958842656545,-22.1783516061011
-55.6093842656545,-22.2017342811011
-55.5958842656545,-22.2251169561011
-55.5688842656545,-22.2251169561011
-55.5283842656545,-22.2017342811011
-55.5553842656545,-22.1549689311011
-55.6093842656545,-22.1549689311011
-55.6363842656545,-22.2017342811011
-55.6093842656545,-22.2484996311011
-55.5553842656545,-22.2484996311011
-55.5418842656545,-22.1783516061011
-55.5823842656545,-22.1549689311011
-55.6228842656545,-22.1783516061011
-55.6228842656545,-22.2251169561011
-55.5823842656545,-22.2484996311011
-55.5418842656545,-22.2251169561011
-55.5013842656545,-22.2017342811011
-55.5418842656545,-22.1315862561011
-55.6228842656545,-22.1315862561011
-55.6633842656545,-22.2017342811011
-55.6228842656545,-22.2718823061011
-55.5418842656545,-22.2718823061011
-55.5148842656545,-22.1783516061011
-55.5283842656545,-22.1549689311011
-55.5688842656545,-22.1315862561011
-55.5958842656545,-22.1315862561011
-55.6363842656545,-22.1549689311011
-55.6498842656545,-22.1783516061011
-55.6498842656545,-22.2251169561011
-55.6363842656545,-22.2484996311011
-55.5958842656545,-22.2718823061011
-55.5688842656545,-22.2718823061011
-55.5283842656545,-22.2484996311011
-55.5148842656545,-22.2251169561011
-55.4743842656545,-22.2017342811011
-55.5283842656545,-22.1082035811011
-55.6363842656545,-22.1082035811011
-55.6903842656545,-22.2017342811011
-55.6363842656545,-22.2952649811011
-55.5283842656545,-22.2952649811011
-55.4878842656545,-22.1783516061011
-55.5013842656545,-22.1549689311011
-55.5148842656545,-22.1315862561011
-55.5553842656545,-22.1082035811011
-55.5823842656545,-22.1082035811011
-55.6093842656545,-22.1082035811011
-55.6498842656545,-22.1315862561011
-55.6633842656545,-22.1549689311011
-55.6768842656545,-22.1783516061011
-55.6768842656545,-22.2251169561011
-55.6633842656545,-22.2484996311011
-55.6498842656545,-22.2718823061011
-55.6093842656545,-22.2952649811011
-55.5823842656545,-22.2952649811011
-55.5553842656545,-22.2952649811011
-55.5148842656545,-22.2718823061011
-55.5013842656545,-22.2484996311011
-55.4878842656545,-22.2251169561011
-55.4473842656545,-22.2017342811011
-55.5148842656545,-22.0848209061011
-55.6498842656545,-22.0848209061011
-55.6498842656545,-22.3186476561011
-55.5148842656545,-22.3186476561011
-55.4608842656545,-22.1783516061011
-55.4743842656545,-22.1549689311011
-55.4878842656545,-22.1315862561011
-55.5013842656545,-22.1082035811011
-55.5418842656545,-22.0848209061011
-55.5688842656545,-22.0848209061011
-55.5958842656545,-22.0848209061011
-55.6228842656545,-22.0848209061011
-55.6633842656545,-22.1082035811011
-55.7038842656545,-22.2251169561011
-55.6903842656545,-22.2484996311011
-55.6768842656545,-22.2718823061011
-55.6633842656545,-22.2952649811011
-55.6228842656545,-22.3186476561011
-55.5958842656545,-22.3186476561011
-55.5688842656545,-22.3186476561011
-55.5418842656545,-22.3186476561011
-55.5013842656545,-22.2952649811011
-55.4878842656545,-22.2718823061011
-55.4743842656545,-22.2484996311011
-55.4608842656545,-22.2251169561011
-55.4203842656545,-22.2017342811011
-55.5013842656545,-22.0614382311011
-55.6633842656545,-22.0614382311011
-55.6633842656545,-22.3420303311011
-55.5013842656545,-22.3420303311011
-55.4338842656545,-22.1783516061011
-55.4473842656545,-22.1549689311011
-55.4608842656545,-22.1315862561011
-55.5283842656545,-22.0614382311011
-55.5553842656545,-22.0614382311011
-55.5823842656545,-22.0614382311011
-55.6093842656545,-22.0614382311011
-55.6363842656545,-22.0614382311011
-55.6768842656545,-22.0848209061011
-55.6903842656545,-22.1082035811011
-55.7038842656545,-22.2718823061011
-55.6903842656545,-22.2952649811011
-55.6768842656545,-22.3186476561011
-55.6363842656545,-22.3420303311011
-55.6093842656545,-22.3420303311011
-55.5823842656545,-22.3420303311011
-55.5553842656545,-22.3420303311011
-55.5283842656545,-22.3420303311011
-55.4878842656545,-22.3186476561011
-55.4743842656545,-22.2952649811011
-55.4608842656545,-22.2718823061011
-55.4473842656545,-22.2484996311011
-55.4338842656545,-22.2251169561011
-55.3933842656545,-22.2017342811011
-55.6768842656545,-22.0380555561011
-55.6768842656545,-22.3654130061011
-55.4878842656545,-22.3654130061011
-55.4068842656545,-22.1783516061011
-55.4203842656545,-22.1549689311011
-55.5148842656545,-22.0380555561011
-55.5418842656545,-22.0380555561011
-55.5688842656545,-22.0380555561011
-55.5958842656545,-22.0380555561011
-55.6228842656545,-22.0380555561011
-55.6498842656545,-22.0380555561011
-55.6903842656545,-22.0614382311011
-55.7038842656545,-22.0848209061011
-55.7173842656545,-22.1082035811011
-55.7173842656545,-22.2952649811011
-55.7038842656545,-22.3186476561011
-55.6903842656545,-22.3420303311011
-55.6498842656545,-22.3654130061011
-55.6228842656545,-22.3654130061011
-55.5958842656545,-22.3654130061011
-55.5688842656545,-22.3654130061011
-55.5418842656545,-22.3654130061011
-55.5148842656545,-22.3654130061011
-55.4743842656545,-22.3420303311011
-55.4608842656545,-22.3186476561011
-55.4473842656545,-22.2952649811011
-55.4338842656545,-22.2718823061011
-55.4203842656545,-22.2484996311011
-55.4068842656545,-22.2251169561011
-55.6903842656545,-22.0146728811011
-55.6903842656545,-22.3887956811011
-55.4743842656545,-22.3887956811011
-55.3933842656545,-22.1549689311011
-55.5283842656545,-22.0146728811011
-55.5553842656545,-22.0146728811011
-55.5823842656545,-22.0146728811011
-55.6093842656545,-22.0146728811011
-55.6363842656545,-22.0146728811011
-55.6633842656545,-22.0146728811011
-55.7038842656545,-22.0380555561011
-55.7173842656545,-22.0614382311011
-55.7308842656545,-22.0848209061011
-55.7443842656545,-22.1082035811011
-55.7308842656545,-22.3186476561011
-55.7173842656545,-22.3420303311011
-55.7038842656545,-22.3654130061011
-55.6633842656545,-22.3887956811011
-55.6363842656545,-22.3887956811011
-55.6093842656545,-22.3887956811011
-55.5823842656545,-22.3887956811011
-55.5553842656545,-22.3887956811011
-55.5283842656545,-22.3887956811011
-55.5013842656545,-22.3887956811011
-55.4608842656545,-22.3654130061011
-55.4473842656545,-22.3420303311011
-55.4338842656545,-22.3186476561011
-55.4203842656545,-22.2952649811011
-55.4068842656545,-22.2718823061011
-55.3933842656545,-22.2484996311011
-55.3798842656545,-22.2251169561011
-55.3393842656545,-22.2017342811011
-55.7038842656545,-21.9912902061011
-55.7038842656545,-22.4121783561011
-55.4608842656545,-22.4121783561011
-55.5418842656545,-21.9912902061011
-55.5688842656545,-21.9912902061011
-55.5958842656545,-21.9912902061011
-55.6228842656545,-21.9912902061011
-55.6498842656545,-21.9912902061011
-55.6768842656545,-21.9912902061011
-55.7173842656545,-22.0146728811011
-55.7308842656545,-22.0380555561011
-55.7443842656545,-22.0614382311011
-55.7578842656545,-22.0848209061011
-55.7713842656545,-22.1082035811011
-55.7848842656545,-22.1315862561011
-55.7443842656545,-22.3420303311011
-55.7308842656545,-22.3654130061011
-55.7173842656545,-22.3887956811011
-55.6768842656545,-22.4121783561011
-55.6498842656545,-22.4121783561011
-55.6228842656545,-22.4121783561011
-55.5958842656545,-22.4121783561011
-55.5688842656545,-22.4121783561011
-55.5418842656545,-22.4121783561011
-55.5148842656545,-22.4121783561011
-55.4878842656545,-22.4121783561011
-55.4473842656545,-22.3887956811011
-55.4338842656545,-22.3654130061011
-55.4203842656545,-22.3420303311011
-55.4068842656545,-22.3186476561011
-55.3933842656545,-22.2952649811011
-55.3798842656545,-22.2718823061011
-55.3663842656545,-22.2484996311011
-55.3528842656545,-22.2251169561011
-55.3123842656545,-22.2017342811011
-55.7173842656545,-21.9679075311011
-55.7173842656545,-22.4355610311011
-55.4473842656545,-22.4355610311011
-55.5013842656545,-21.9679075311011
-55.5283842656545,-21.9679075311011
-55.5553842656545,-21.9679075311011
-55.5823842656545,-21.9679075311011
-55.6093842656545,-21.9679075311011
-55.6363842656545,-21.9679075311011
-55.6633842656545,-21.9679075311011
-55.6903842656545,-21.9679075311011
-55.7308842656545,-21.9912902061011
-55.7443842656545,-22.0146728811011
-55.7578842656545,-22.0380555561011
-55.7713842656545,-22.0614382311011
-55.7848842656545,-22.0848209061011
-55.7983842656545,-22.1082035811011
-55.8118842656545,-22.1315862561011
-55.7443842656545,-22.3887956811011
-55.7308842656545,-22.4121783561011
-55.6903842656545,-22.4355610311011
-55.6633842656545,-22.4355610311011
-55.6363842656545,-22.4355610311011
-55.6093842656545,-22.4355610311011
-55.5823842656545,-22.4355610311011
-55.5553842656545,-22.4355610311011
-55.5283842656545,-22.4355610311011
-55.5013842656545,-22.4355610311011
-55.4743842656545,-22.4355610311011
-55.4338842656545,-22.4121783561011
-55.4203842656545,-22.3887956811011
-55.4068842656545,-22.3654130061011
-55.3933842656545,-22.3420303311011
-55.3798842656545,-22.3186476561011
-55.3663842656545,-22.2952649811011
-55.3528842656545,-22.2718823061011
-55.3393842656545,-22.2484996311011
-55.3258842656545,-22.2251169561011
-55.2853842656545,-22.2017342811011
-55.7308842656545,-21.9445248561011
-55.7308842656545,-22.4589437061011
-55.4338842656545,-22.4589437061011
-55.4608842656545,-21.9445248561011
-55.4878842656545,-21.9445248561011
-55.5148842656545,-21.9445248561011
-55.5418842656545,-21.9445248561011
-55.5688842656545,-21.9445248561011
-55.5958842656545,-21.9445248561011
-55.6228842656545,-21.9445248561011
-55.6498842656545,-21.9445248561011
-55.6768842656545,-21.9445248561011
-55.7038842656545,-21.9445248561011
-55.7443842656545,-21.9679075311011
-55.7578842656545,-21.9912902061011
-55.7713842656545,-22.0146728811011
-55.7848842656545,-22.0380555561011
-55.7983842656545,-22.0614382311011
-55.8118842656545,-22.0848209061011
-55.8253842656545,-22.1082035811011
-55.8388842656545,-22.1315862561011
-55.7038842656545,-22.4589437061011
-55.6768842656545,-22.4589437061011
-55.6498842656545,-22.4589437061011
-55.6228842656545,-22.4589437061011
-55.5958842656545,-22.4589437061011
-55.5688842656545,-22.4589437061011
-55.5418842656545,-22.4589437061011
-55.5148842656545,-22.4589437061011
-55.4878842656545,-22.4589437061011
-55.4608842656545,-22.4589437061011
-55.4203842656545,-22.4355610311011
-55.4068842656545,-22.4121783561011
-55.3933842656545,-22.3887956811011
-55.3798842656545,-22.3654130061011
-55.3663842656545,-22.3420303311011
-55.3528842656545,-22.3186476561011
-55.3393842656545,-22.2952649811011
-55.3258842656545,-22.2718823061011
-55.3123842656545,-22.2484996311011
-55.2988842656545,-22.2251169561011
-55.7443842656545,-21.9211421811011
-55.7443842656545,-22.4823263811011
-55.4203842656545,-22.4823263811011
-55.4473842656545,-21.9211421811011
-55.4743842656545,-21.9211421811011
-55.5013842656545,-21.9211421811011
-55.5283842656545,-21.9211421811011
-55.5553842656545,-21.9211421811011
-55.5823842656545,-21.9211421811011
-55.6093842656545,-21.9211421811011
-55.6363842656545,-21.9211421811011
-55.6633842656545,-21.9211421811011
-55.6903842656545,-21.9211421811011
-55.7173842656545,-21.9211421811011
-55.7578842656545,-21.9445248561011
-55.7713842656545,-21.9679075311011
-55.7848842656545,-21.9912902061011
-55.7983842656545,-22.0146728811011
-55.8118842656545,-22.0380555561011
-55.8253842656545,-22.0614382311011
-55.8388842656545,-22.0848209061011
-55.8523842656545,-22.1082035811011
-55.8658842656545,-22.1315862561011
-55.7173842656545,-22.4823263811011
-55.6903842656545,-22.4823263811011
-55.6633842656545,-22.4823263811011
-55.6363842656545,-22.4823263811011
-55.6093842656545,-22.4823263811011
-55.5823842656545,-22.4823263811011
-55.5553842656545,-22.4823263811011
-55.5283842656545,-22.4823263811011
-55.5013842656545,-22.4823263811011
-55.4743842656545,-22.4823263811011
-55.4473842656545,-22.4823263811011
-55.4068842656545,-22.4589437061011
-55.3933842656545,-22.4355610311011
-55.3798842656545,-22.4121783561011
-55.3663842656545,-22.3887956811011
-55.3528842656545,-22.3654130061011
-55.3393842656545,-22.3420303311011
-55.3258842656545,-22.3186476561011
-55.3123842656545,-22.2952649811011
-55.2988842656545,-22.2718823061011
-55.2853842656545,-22.2484996311011
-55.2718842656545,-22.2251169561011
-55.7578842656545,-21.8977595061011
-55.4068842656545,-22.5057090561011
-55.4338842656545,-21.8977595061011
-55.4608842656545,-21.8977595061011
-55.4878842656545,-21.8977595061011
-55.5148842656545,-21.8977595061011
-55.5418842656545,-21.8977595061011
-55.5688842656545,-21.8977595061011
-55.5958842656545,-21.8977595061011
-55.6228842656545,-21.8977595061011
-55.6498842656545,-21.8977595061011
-55.6768842656545,-21.8977595061011
-55.7038842656545,-21.8977595061011
-55.7308842656545,-21.8977595061011
-55.7713842656545,-21.9211421811011
-55.7848842656545,-21.9445248561011
-55.7983842656545,-21.9679075311011
-55.8118842656545,-21.9912902061011
-55.8253842656545,-22.0146728811011
-55.8388842656545,-22.0380555561011
-55.8523842656545,-22.0614382311011
-55.8658842656545,-22.0848209061011
-55.8793842656545,-22.1082035811011
-55.8928842656545,-22.1315862561011
-55.7308842656545,-22.5057090561011
-55.7038842656545,-22.5057090561011
-55.6768842656545,-22.5057090561011
-55.6498842656545,-22.5057090561011
-55.6228842656545,-22.5057090561011
-55.5958842656545,-22.5057090561011
-55.5688842656545,-22.5057090561011
-55.5418842656545,-22.5057090561011
-55.5148842656545,-22.5057090561011
-55.4878842656545,-22.5057090561011
-55.4608842656545,-22.5057090561011
-55.4338842656545,-22.5057090561011
-55.3933842656545,-22.4823263811011
-55.3798842656545,-22.4589437061011
-55.3663842656545,-22.4355610311011
-55.3528842656545,-22.4121783561011
-55.3393842656545,-22.3887956811011
-55.3258842656545,-22.3654130061011
-55.3123842656545,-22.3420303311011
-55.2988842656545,-22.3186476561011
-55.2853842656545,-22.2952649811011
-55.2718842656545,-22.2718823061011
-55.2583842656545,-22.2484996311011
-55.7713842656545,-21.8743768311011
-55.3933842656545,-22.5290917311011
-55.4203842656545,-21.8743768311011
-55.4473842656545,-21.8743768311011
-55.4743842656545,-21.8743768311011
-55.5013842656545,-21.8743768311011
-55.5283842656545,-21.8743768311011
-55.5553842656545,-21.8743768311011
-55.5823842656545,-21.8743768311011
-55.6093842656545,-21.8743768311011
-55.6363842656545,-21.8743768311011
-55.6633842656545,-21.8743768311011
-55.6903842656545,-21.8743768311011
-55.7173842656545,-21.8743768311011
-55.7443842656545,-21.8743768311011
-55.7848842656545,-21.8977595061011
-55.7983842656545,-21.9211421811011
-55.8118842656545,-21.9445248561011
-55.8253842656545,-21.9679075311011
-55.8388842656545,-21.9912902061011
-55.8523842656545,-22.0146728811011
-55.8658842656545,-22.0380555561011
-55.8793842656545,-22.0614382311011
-55.8928842656545,-22.0848209061011
-55.9063842656545,-22.1082035811011
-55.7173842656545,-22.5290917311011
-55.6903842656545,-22.5290917311011
-55.6633842656545,-22.5290917311011
-55.6363842656545,-22.5290917311011
-55.6093842656545,-22.5290917311011
-55.5823842656545,-22.5290917311011
-55.5553842656545,-22.5290917311011
-55.5283842656545,-22.5290917311011
-55.5013842656545,-22.5290917311011
-55.4743842656545,-22.5290917311011
-55.4473842656545,-22.5290917311011
-55.4203842656545,-22.5290917311011
-55.3798842656545,-22.5057090561011
-55.3663842656545,-22.4823263811011
-55.3528842656545,-22.4589437061011
-55.3393842656545,-22.4355610311011
-55.3258842656545,-22.4121783561011
-55.3123842656545,-22.3887956811011
-55.2988842656545,-22.3654130061011
-55.2853842656545,-22.3420303311011
-55.2718842656545,-22.3186476561011
-55.2583842656545,-22.2952649811011
-55.2448842656545,-22.2718823061011
-55.2313842656545,-22.2484996311011
-55.2178842656545,-22.2251169561011
-55.7848842656545,-21.8509941561011
-55.3798842656545,-22.5524744061011
-55.4878842656545,-21.8509941561011
-55.5148842656545,-21.8509941561011
-55.5418842656545,-21.8509941561011
-55.5688842656545,-21.8509941561011
-55.5958842656545,-21.8509941561011
-55.6228842656545,-21.8509941561011
-55.6498842656545,-21.8509941561011
-55.6768842656545,-21.8509941561011
-55.7038842656545,-21.8509941561011
-55.7308842656545,-21.8509941561011
-55.7578842656545,-21.8509941561011
-55.7983842656545,-21.8743768311011
-55.8118842656545,-21.8977595061011
-55.8253842656545,-21.9211421811011
-55.8388842656545,-21.9445248561011
-55.8523842656545,-21.9679075311011
-55.8658842656545,-21.9912902061011
-55.8793842656545,-22.0146728811011
-55.8928842656545,-22.0380555561011
-55.9063842656545,-22.0614382311011
-55.9198842656545,-22.0848209061011
-55.7038842656545,-22.5524744061011
-55.6768842656545,-22.5524744061011
-55.6498842656545,-22.5524744061011
-55.6228842656545,-22.5524744061011
-55.5958842656545,-22.5524744061011
-55.5688842656545,-22.5524744061011
-55.5418842656545,-22.5524744061011
-55.5148842656545,-22.5524744061011
-55.4878842656545,-22.5524744061011
-55.4608842656545,-22.5524744061011
-55.4338842656545,-22.5524744061011
-55.4068842656545,-22.5524744061011
-55.3663842656545,-22.5290917311011
-55.3528842656545,-22.5057090561011
-55.3393842656545,-22.4823263811011
-55.3258842656545,-22.4589437061011
-55.3123842656545,-22.4355610311011
-55.2988842656545,-22.4121783561011
-55.2853842656545,-22.3887956811011
-55.2718842656545,-22.3654130061011
-55.2583842656545,-22.3420303311011
-55.2448842656545,-22.3186476561011
-55.2313842656545,-22.2952649811011
-55.2178842656545,-22.2718823061011
-55.2043842656545,-22.2484996311011
-55.7983842656545,-21.8276114811011
-55.3663842656545,-22.5758570811011
-55.5283842656545,-21.8276114811011
-55.5553842656545,-21.8276114811011
-55.5823842656545,-21.8276114811011
-55.6093842656545,-21.8276114811011
-55.6363842656545,-21.8276114811011
-55.6633842656545,-21.8276114811011
-55.6903842656545,-21.8276114811011
-55.7173842656545,-21.8276114811011
-55.7443842656545,-21.8276114811011
-55.7713842656545,-21.8276114811011
-55.8118842656545,-21.8509941561011
-55.8253842656545,-21.8743768311011
-55.8388842656545,-21.8977595061011
-55.8523842656545,-21.9211421811011
-55.8658842656545,-21.9445248561011
-55.8793842656545,-21.9679075311011
-55.8928842656545,-21.9912902061011
-55.9063842656545,-22.0146728811011
-55.9198842656545,-22.0380555561011
-55.9333842656545,-22.0614382311011
-55.9468842656545,-22.0848209061011
-55.6903842656545,-22.5758570811011
-55.6633842656545,-22.5758570811011
-55.6363842656545,-22.5758570811011
-55.6093842656545,-22.5758570811011
-55.5823842656545,-22.5758570811011
-55.5553842656545,-22.5758570811011
-55.5283842656545,-22.5758570811011
-55.5013842656545,-22.5758570811011
-55.4743842656545,-22.5758570811011
-55.4473842656545,-22.5758570811011
-55.4203842656545,-22.5758570811011
-55.3933842656545,-22.5758570811011
-55.3123842656545,-22.4823263811011
-55.2988842656545,-22.4589437061011
-55.2853842656545,-22.4355610311011
-55.2718842656545,-22.4121783561011
-55.2583842656545,-22.3887956811011
-55.2448842656545,-22.3654130061011
-55.2313842656545,-22.3420303311011
-55.2178842656545,-22.3186476561011
-55.2043842656545,-22.2952649811011
-55.1908842656545,-22.2718823061011
-55.1773842656545,-22.2484996311011
-55.8118842656545,-21.8042288061011
-55.5418842656545,-21.8042288061011
-55.5688842656545,-21.8042288061011
-55.5958842656545,-21.8042288061011
-55.6228842656545,-21.8042288061011
-55.6498842656545,-21.8042288061011
-55.6768842656545,-21.8042288061011
-55.7038842656545,-21.8042288061011
-55.7308842656545,-21.8042288061011
-55.7578842656545,-21.8042288061011
-55.7848842656545,-21.8042288061011
-55.8253842656545,-21.8276114811011
-55.8388842656545,-21.8509941561011
-55.8523842656545,-21.8743768311011
-55.8658842656545,-21.8977595061011
-55.8793842656545,-21.9211421811011
-55.8928842656545,-21.9445248561011
-55.9063842656545,-21.9679075311011
-55.9198842656545,-21.9912902061011
-55.9333842656545,-22.0146728811011
-55.9468842656545,-22.0380555561011
-55.9603842656545,-22.0614382311011
-55.9738842656545,-22.0848209061011
-55.6498842656545,-22.5992397561011
-55.6228842656545,-22.5992397561011
-55.5958842656545,-22.5992397561011
-55.5688842656545,-22.5992397561011
-55.5418842656545,-22.5992397561011
-55.5148842656545,-22.5992397561011
-55.4878842656545,-22.5992397561011
-55.4608842656545,-22.5992397561011
-55.4338842656545,-22.5992397561011
-55.4068842656545,-22.5992397561011
-55.3798842656545,-22.5992397561011
-55.2853842656545,-22.4823263811011
-55.2718842656545,-22.4589437061011
-55.2583842656545,-22.4355610311011
-55.2448842656545,-22.4121783561011
-55.2313842656545,-22.3887956811011
-55.2178842656545,-22.3654130061011
-55.2043842656545,-22.3420303311011
-55.1908842656545,-22.3186476561011
-55.1773842656545,-22.2952649811011
-55.1638842656545,-22.2718823061011
-55.1503842656545,-22.2484996311011
-55.8253842656545,-21.7808461311011
-55.6633842656545,-21.7808461311011
-55.6903842656545,-21.7808461311011
-55.7173842656545,-21.7808461311011
-55.7443842656545,-21.7808461311011
-55.7713842656545,-21.7808461311011
-55.7983842656545,-21.7808461311011
-55.8388842656545,-21.8042288061011
-55.8523842656545,-21.8276114811011
-55.8658842656545,-21.8509941561011
-55.8793842656545,-21.8743768311011
-55.8928842656545,-21.8977595061011
-55.9063842656545,-21.9211421811011
-55.9198842656545,-21.9445248561011
-55.9333842656545,-21.9679075311011
-55.9468842656545,-21.9912902061011
-55.9603842656545,-22.0146728811011
-55.9738842656545,-22.0380555561011
-55.9873842656545,-22.0614382311011
-55.6093842656545,-22.6226224311011
-55.5823842656545,-22.6226224311011
-55.5553842656545,-22.6226224311011
-55.5283842656545,-22.6226224311011
-55.5013842656545,-22.6226224311011
-55.4743842656545,-22.6226224311011
-55.4473842656545,-22.6226224311011
-55.4203842656545,-22.6226224311011
-55.3933842656545,-22.6226224311011
-55.3663842656545,-22.6226224311011
-55.2583842656545,-22.4823263811011
-55.2448842656545,-22.4589437061011
-55.2313842656545,-22.4355610311011
-55.2178842656545,-22.4121783561011
-55.2043842656545,-22.3887956811011
-55.1908842656545,-22.3654130061011
-55.1773842656545,-22.3420303311011
-55.1638842656545,-22.3186476561011
-55.1503842656545,-22.2952649811011
-55.1368842656545,-22.2718823061011
-55.1233842656545,-22.2484996311011
-55.8388842656545,-21.7574634561011
-55.7038842656545,-21.7574634561011
-55.7578842656545,-21.7574634561011
-55.7848842656545,-21.7574634561011
-55.8118842656545,-21.7574634561011
-55.8523842656545,-21.7808461311011
-55.8658842656545,-21.8042288061011
-55.8793842656545,-21.8276114811011
-55.8928842656545,-21.8509941561011
-55.9063842656545,-21.8743768311011
-55.9198842656545,-21.8977595061011
-55.9333842656545,-21.9211421811011
-55.9468842656545,-21.9445248561011
-55.9603842656545,-21.9679075311011
-55.9738842656545,-21.9912902061011
-55.9873842656545,-22.0146728811011
-56.0008842656545,-22.0380555561011
-55.5958842656545,-22.6460051061011
-55.5688842656545,-22.6460051061011
-55.5418842656545,-22.6460051061011
-55.5148842656545,-22.6460051061011
-55.4878842656545,-22.6460051061011
-55.4608842656545,-22.6460051061011
-55.4338842656545,-22.6460051061011
-55.4068842656545,-22.6460051061011
-55.3798842656545,-22.6460051061011
-55.2178842656545,-22.4589437061011
-55.2043842656545,-22.4355610311011
-55.1908842656545,-22.4121783561011
-55.1773842656545,-22.3887956811011
-55.1638842656545,-22.3654130061011
-55.1503842656545,-22.3420303311011
-55.1368842656545,-22.3186476561011
-55.1233842656545,-22.2952649811011
-55.1098842656545,-22.2718823061011
-55.8523842656545,-21.7340807811011
-55.7713842656545,-21.7340807811011
-55.7983842656545,-21.7340807811011
-55.8253842656545,-21.7340807811011
-55.8658842656545,-21.7574634561011
-55.8928842656545,-21.8042288061011
-55.9063842656545,-21.8276114811011
-55.9198842656545,-21.8509941561011
-55.9333842656545,-21.8743768311011
-55.9468842656545,-21.8977595061011
-55.9603842656545,-21.9211421811011
-55.9738842656545,-21.9445248561011
-55.9873842656545,-21.9679075311011
-56.0008842656545,-21.9912902061011
-55.6093842656545,-22.6693877811011
-55.5823842656545,-22.6693877811011
-55.5553842656545,-22.6693877811011
-55.5283842656545,-22.6693877811011
-55.5013842656545,-22.6693877811011
-55.4743842656545,-22.6693877811011
-55.4473842656545,-22.6693877811011
-55.4203842656545,-22.6693877811011
-55.3933842656545,-22.6693877811011
-55.3663842656545,-22.6693877811011
-55.1638842656545,-22.4121783561011
-55.1503842656545,-22.3887956811011
-55.1368842656545,-22.3654130061011
-55.1233842656545,-22.3420303311011
-55.1098842656545,-22.3186476561011
-55.0963842656545,-22.2952649811011
-55.0828842656545,-22.2718823061011
-55.8658842656545,-21.7106981061011
-55.7848842656545,-21.7106981061011
-55.8118842656545,-21.7106981061011
-55.8388842656545,-21.7106981061011
-55.8793842656545,-21.7340807811011
-55.9063842656545,-21.7808461311011
-55.9198842656545,-21.8042288061011
-55.9603842656545,-21.8743768311011
-55.9738842656545,-21.8977595061011
-56.0008842656545,-21.9445248561011
-56.0143842656545,-21.9679075311011
-56.0278842656545,-21.9912902061011
-55.5958842656545,-22.6927704561011
-55.5688842656545,-22.6927704561011
-55.5418842656545,-22.6927704561011
-55.5148842656545,-22.6927704561011
-55.4878842656545,-22.6927704561011
-55.4608842656545,-22.6927704561011
-55.4338842656545,-22.6927704561011
-55.3798842656545,-22.6927704561011
-55.1368842656545,-22.4121783561011
-55.1233842656545,-22.3887956811011
-55.1098842656545,-22.3654130061011
-55.0963842656545,-22.3420303311011
-55.0828842656545,-22.3186476561011
-55.0693842656545,-22.2952649811011
-55.8793842656545,-21.6873154311011
-55.8253842656545,-21.6873154311011
-55.8523842656545,-21.6873154311011
-55.8928842656545,-21.7106981061011
-55.9063842656545,-21.7340807811011
-55.9333842656545,-21.7808461311011
-55.9468842656545,-21.8042288061011
-55.9738842656545,-21.8509941561011
-56.0143842656545,-21.9211421811011
-56.0278842656545,-21.9445248561011
-56.0413842656545,-21.9679075311011
-55.5823842656545,-22.7161531311011
-55.5553842656545,-22.7161531311011
-55.5283842656545,-22.7161531311011
-55.0963842656545,-22.3887956811011
-55.0828842656545,-22.3654130061011
-55.0693842656545,-22.3420303311011
-55.0558842656545,-22.3186476561011
-55.8388842656545,-21.6639327561011
-55.9063842656545,-21.6873154311011
-55.9333842656545,-21.7340807811011
-56.0008842656545,-21.8509941561011
-56.0278842656545,-21.8977595061011
-56.0413842656545,-21.9211421811011
-56.0548842656545,-21.9445248561011
-55.5418842656545,-22.7395358061011
-55.0828842656545,-22.4121783561011
-55.0693842656545,-22.3887956811011
-55.0558842656545,-22.3654130061011
-55.0423842656545,-22.3420303311011
-55.9198842656545,-21.6639327561011
-55.9333842656545,-21.6873154311011
-55.9468842656545,-21.7106981061011
-56.0683842656545,-21.9211421811011
-55.0153842656545,-22.3420303311011
-55.9468842656545,-21.6639327561011
-56.0818842656545,-21.8977595061011
-55.9603842656545,-21.6405500811011
