-54.1194144513224,-23.3420778579438
-54.0924144513224,-23.3420778579438
-54.1059144513224,-23.3186951829438
-54.1329144513224,-23.3186951829438
-54.1464144513224,-23.3420778579438
-54.1329144513224,-23.3654605329438
-54.1059144513224,-23.3654605329438
-54.0654144513224,-23.3420778579438
-54.0924144513224,-23.2953125079438
-54.1464144513224,-23.2953125079438
-54.1734144513224,-23.3420778579438
-54.1464144513224,-23.3888432079438
-54.0924144513224,-23.3888432079438
-54.0789144513224,-23.3186951829438
-54.1194144513224,-23.2953125079438
-54.1599144513224,-23.3186951829438
-54.1599144513224,-23.3654605329438
-54.1194144513224,-23.3888432079438
-54.0789144513224,-23.3654605329438
-54.0384144513224,-23.3420778579438
-54.0789144513224,-23.2719298329438
-54.1599144513224,-23.2719298329438
-54.2004144513224,-23.3420778579438
-54.1599144513224,-23.4122258829438
-54.0789144513224,-23.4122258829438
-54.0519144513224,-23.3186951829438
-54.0654144513224,-23.2953125079438
-54.1059144513224,-23.2719298329438
-54.1329144513224,-23.2719298329438
-54.1734144513224,-23.2953125079438
-54.1869144513224,-23.3186951829438
-54.1869144513224,-23.3654605329438
-54.1734144513224,-23.3888432079438
-54.1329144513224,-23.4122258829438
-54.1059144513224,-23.4122258829438
-54.0654144513224,-23.3888432079438
-54.0519144513224,-23.3654605329438
-54.0114144513224,-23.3420778579438
-54.0654144513224,-23.2485471579438
-54.1734144513224,-23.2485471579438
-54.2274144513224,-23.3420778579438
-54.1734144513224,-23.4356085579438
-54.0654144513224,-23.4356085579438
-54.0249144513224,-23.3186951829438
-54.0384144513224,-23.2953125079438
-54.0519144513224,-23.2719298329438
-54.0924144513224,-23.2485471579438
-54.1194144513224,-23.2485471579438
-54.1464144513224,-23.2485471579438
-54.1869144513224,-23.2719298329438
-54.2004144513224,-23.2953125079438
-54.2139144513224,-23.3186951829438
-54.2139144513224,-23.3654605329438
-54.2004144513224,-23.3888432079438
-54.1869144513224,-23.4122258829438
-54.1464144513224,-23.4356085579438
-54.1194144513224,-23.4356085579438
-54.0924144513224,-23.4356085579438
-54.0519144513224,-23.4122258829438
-54.0384144513224,-23.3888432079438
-54.0249144513224,-23.3654605329438
-53.9844144513224,-23.3420778579438
-54.0519144513224,-23.2251644829438
-54.1869144513224,-23.2251644829438
-54.2544144513224,-23.3420778579438
-54.1869144513224,-23.4589912329438
-54.0519144513224,-23.4589912329438
-53.9979144513224,-23.3186951829438
-54.0114144513224,-23.2953125079438
-54.0249144513224,-23.2719298329438
-54.0384144513224,-23.2485471579438
-54.0789144513224,-23.2251644829438
-54.1059144513224,-23.2251644829438
-54.1329144513224,-23.2251644829438
-54.1599144513224,-23.2251644829438
-54.2004144513224,-23.2485471579438
-54.2139144513224,-23.2719298329438
-54.2274144513224,-23.2953125079438
-54.2409144513224,-23.3186951829438
-54.2409144513224,-23.3654605329438
-54.2274144513224,-23.3888432079438
-54.2139144513224,-23.4122258829438
-54.2004144513224,-23.4356085579438
-54.1599144513224,-23.4589912329438
-54.1329144513224,-23.4589912329438
-54.1059144513224,-23.4589912329438
-54.0789144513224,-23.4589912329438
-54.0384144513224,-23.4356085579438
-54.0249144513224,-23.4122258829438
-54.0114144513224,-23.3888432079438
-53.9979144513224,-23.3654605329438
-53.9574144513224,-23.3420778579438
-54.0384144513224,-23.2017818079437
-54.2004144513224,-23.2017818079437
-54.2814144513224,-23.3420778579438
-54.2004144513224,-23.4823739079438
-54.0384144513224,-23.4823739079438
-53.9709144513224,-23.3186951829438
-53.9844144513224,-23.2953125079438
-53.9979144513224,-23.2719298329438
-54.0114144513224,-23.2485471579438
-54.0249144513224,-23.2251644829438
-54.0654144513224,-23.2017818079437
-54.0924144513224,-23.2017818079437
-54.1194144513224,-23.2017818079437
-54.1464144513224,-23.2017818079437
-54.1734144513224,-23.2017818079437
-54.2139144513224,-23.2251644829438
-54.2274144513224,-23.2485471579438
-54.2409144513224,-23.2719298329438
-54.2544144513224,-23.2953125079438
-54.2679144513224,-23.3186951829438
-54.2679144513224,-23.3654605329438
-54.2544144513224,-23.3888432079438
-54.2409144513224,-23.4122258829438
-54.2274144513224,-23.4356085579438
-54.2139144513224,-23.4589912329438
-54.1734144513224,-23.4823739079438
-54.1464144513224,-23.4823739079438
-54.1194144513224,-23.4823739079438
-54.0924144513224,-23.4823739079438
-54.0654144513224,-23.4823739079438
-54.0249144513224,-23.4589912329438
-54.0114144513224,-23.4356085579438
-53.9979144513224,-23.4122258829438
-53.9844144513224,-23.3888432079438
-53.9709144513224,-23.3654605329438
-53.9304144513224,-23.3420778579438
-54.0249144513224,-23.1783991329437
-54.2139144513224,-23.1783991329437
-54.3084144513224,-23.3420778579438
-54.2139144513224,-23.5057565829438
-54.0249144513224,-23.5057565829438
-53.9439144513224,-23.3186951829438
-53.9574144513224,-23.2953125079438
-53.9709144513224,-23.2719298329438
-53.9844144513224,-23.2485471579438
-53.9979144513224,-23.2251644829438
-54.0114144513224,-23.2017818079437
-54.0519144513224,-23.1783991329437
-54.0789144513224,-23.1783991329437
-54.1059144513224,-23.1783991329437
-54.1329144513224,-23.1783991329437
-54.1599144513224,-23.1783991329437
-54.1869144513224,-23.1783991329437
-54.2274144513224,-23.2017818079437
-54.2409144513224,-23.2251644829438
-54.2544144513224,-23.2485471579438
-54.2679144513224,-23.2719298329438
-54.2814144513224,-23.2953125079438
-54.2949144513224,-23.3186951829438
-54.2949144513224,-23.3654605329438
-54.2814144513224,-23.3888432079438
-54.2409144513224,-23.4589912329438
-54.2274144513224,-23.4823739079438
-54.1869144513224,-23.5057565829438
-54.1599144513224,-23.5057565829438
-54.1329144513224,-23.5057565829438
-54.1059144513224,-23.5057565829438
-54.0789144513224,-23.5057565829438
-54.0519144513224,-23.5057565829438
-54.0114144513224,-23.4823739079438
-53.9979144513224,-23.4589912329438
-53.9844144513224,-23.4356085579438
-53.9709144513224,-23.4122258829438
-53.9574144513224,-23.3888432079438
-53.9439144513224,-23.3654605329438
-53.9034144513224,-23.3420778579438
-54.0114144513224,-23.1550164579437
-54.2274144513224,-23.1550164579437
-54.2274144513224,-23.5291392579438
-54.0114144513224,-23.5291392579438
-53.9169144513224,-23.3186951829438
-53.9304144513224,-23.2953125079438
-53.9439144513224,-23.2719298329438
-53.9574144513224,-23.2485471579438
-53.9709144513224,-23.2251644829438
-53.9844144513224,-23.2017818079437
-53.9979144513224,-23.1783991329437
-54.0384144513224,-23.1550164579437
-54.0654144513224,-23.1550164579437
-54.0924144513224,-23.1550164579437
-54.2004144513224,-23.1550164579437
-54.2409144513224,-23.1783991329437
-54.2544144513224,-23.2017818079437
-54.2679144513224,-23.2251644829438
-54.2814144513224,-23.2485471579438
-54.2949144513224,-23.2719298329438
-54.3084144513224,-23.2953125079438
-54.3219144513224,-23.3186951829438
-54.2409144513224,-23.5057565829438
-54.2004144513224,-23.5291392579438
-54.1734144513224,-23.5291392579438
-54.1464144513224,-23.5291392579438
-54.1194144513224,-23.5291392579438
-54.0924144513224,-23.5291392579438
-54.0654144513224,-23.5291392579438
-54.0384144513224,-23.5291392579438
-53.9574144513224,-23.4356085579438
-53.9439144513224,-23.4122258829438
-53.9304144513224,-23.3888432079438
-53.9169144513224,-23.3654605329438
-53.8764144513224,-23.3420778579438
-54.2409144513224,-23.1316337829437
-54.2409144513224,-23.5525219329438
-53.8899144513224,-23.3186951829438
-53.9034144513224,-23.2953125079438
-53.9169144513224,-23.2719298329438
-53.9304144513224,-23.2485471579438
-53.9439144513224,-23.2251644829438
-53.9574144513224,-23.2017818079437
-53.9709144513224,-23.1783991329437
-54.2544144513224,-23.1550164579437
-54.2679144513224,-23.1783991329437
-54.2814144513224,-23.2017818079437
-54.2949144513224,-23.2251644829438
-54.3084144513224,-23.2485471579438
-54.3219144513224,-23.2719298329438
-54.3354144513224,-23.2953125079438
-54.3489144513224,-23.3186951829438
-54.2544144513224,-23.5291392579438
-54.2139144513224,-23.5525219329438
-54.1869144513224,-23.5525219329438
-54.1599144513224,-23.5525219329438
-54.1329144513224,-23.5525219329438
-54.1059144513224,-23.5525219329438
-54.0789144513224,-23.5525219329438
-54.0519144513224,-23.5525219329438
-54.0249144513224,-23.5525219329438
-53.9034144513224,-23.3888432079438
-53.8899144513224,-23.3654605329438
-53.8629144513224,-23.3186951829438
-53.8764144513224,-23.2953125079438
-53.8899144513224,-23.2719298329438
-53.9034144513224,-23.2485471579438
-53.9169144513224,-23.2251644829438
-53.9304144513224,-23.2017818079437
-54.2679144513224,-23.1316337829437
-54.2814144513224,-23.1550164579437
-54.2949144513224,-23.1783991329437
-54.3084144513224,-23.2017818079437
-54.3219144513224,-23.2251644829438
-54.3354144513224,-23.2485471579438
-54.3489144513224,-23.2719298329438
-54.3624144513224,-23.2953125079438
-54.2679144513224,-23.5525219329438
-54.2004144513224,-23.5759046079438
-54.1734144513224,-23.5759046079438
-54.1464144513224,-23.5759046079438
-54.1194144513224,-23.5759046079438
-54.0924144513224,-23.5759046079438
-54.0654144513224,-23.5759046079438
-54.0384144513224,-23.5759046079438
-53.8494144513224,-23.2953125079438
-53.8629144513224,-23.2719298329438
-53.8764144513224,-23.2485471579438
-53.8899144513224,-23.2251644829438
-53.9034144513224,-23.2017818079437
-54.2949144513224,-23.1316337829437
-54.3084144513224,-23.1550164579437
-54.3219144513224,-23.1783991329437
-54.3354144513224,-23.2017818079437
-54.3489144513224,-23.2251644829438
-54.3624144513224,-23.2485471579438
-54.3759144513224,-23.2719298329438
-54.1869144513224,-23.5992872829438
-54.1599144513224,-23.5992872829438
-54.1329144513224,-23.5992872829438
-54.1059144513224,-23.5992872829438
-54.0789144513224,-23.5992872829438
-54.0519144513224,-23.5992872829438
-54.0249144513224,-23.5992872829438
-53.8359144513224,-23.2719298329438
-53.8494144513224,-23.2485471579438
-53.8629144513224,-23.2251644829438
-54.3084144513224,-23.1082511079437
-54.3219144513224,-23.1316337829437
-54.3354144513224,-23.1550164579437
-54.3489144513224,-23.1783991329437
-54.3624144513224,-23.2017818079437
-54.3759144513224,-23.2251644829438
-54.3894144513224,-23.2485471579438
-54.1194144513224,-23.6226699579438
-54.0924144513224,-23.6226699579438
-54.0654144513224,-23.6226699579438
-54.0384144513224,-23.6226699579438
-54.3354144513224,-23.1082511079437
-54.3489144513224,-23.1316337829437
-54.3624144513224,-23.1550164579437
-54.0519144513224,-23.6460526329438
-54.0519144513224,-23.6928179829438
