-57.3687383911636,-21.2362554215848
-57.3417383911636,-21.2362554215848
-57.3552383911636,-21.2128727465848
-57.3822383911636,-21.2128727465848
-57.3957383911636,-21.2362554215848
-57.3822383911636,-21.2596380965848
-57.3552383911636,-21.2596380965848
-57.3147383911636,-21.2362554215848
-57.3417383911636,-21.1894900715848
-57.3957383911636,-21.1894900715848
-57.4227383911636,-21.2362554215848
-57.3957383911636,-21.2830207715848
-57.3417383911636,-21.2830207715848
-57.3282383911636,-21.2128727465848
-57.3687383911636,-21.1894900715848
-57.4092383911636,-21.2128727465848
-57.4092383911636,-21.2596380965848
-57.3687383911636,-21.2830207715848
-57.3282383911636,-21.2596380965848
-57.2877383911636,-21.2362554215848
-57.3282383911636,-21.1661073965848
-57.4092383911636,-21.1661073965848
-57.4497383911636,-21.2362554215848
-57.4092383911636,-21.3064034465848
-57.3282383911636,-21.3064034465848
-57.3012383911636,-21.2128727465848
-57.3147383911636,-21.1894900715848
-57.3552383911636,-21.1661073965848
-57.3822383911636,-21.1661073965848
-57.4227383911636,-21.1894900715848
-57.4362383911636,-21.2128727465848
-57.4362383911636,-21.2596380965848
-57.4227383911636,-21.2830207715848
-57.3822383911636,-21.3064034465848
-57.3552383911636,-21.3064034465848
-57.3147383911636,-21.2830207715848
-57.3012383911636,-21.2596380965848
-57.2607383911636,-21.2362554215848
-57.3147383911636,-21.1427247215848
-57.4227383911636,-21.1427247215848
-57.4767383911636,-21.2362554215848
-57.4227383911636,-21.3297861215848
-57.3147383911636,-21.3297861215848
-57.2742383911636,-21.2128727465848
-57.2877383911636,-21.1894900715848
-57.3012383911636,-21.1661073965848
-57.3417383911636,-21.1427247215848
-57.3687383911636,-21.1427247215848
-57.3957383911636,-21.1427247215848
-57.4362383911636,-21.1661073965848
-57.4497383911636,-21.1894900715848
-57.4632383911636,-21.2128727465848
-57.4632383911636,-21.2596380965848
-57.4497383911636,-21.2830207715848
-57.4362383911636,-21.3064034465848
-57.3957383911636,-21.3297861215848
-57.3687383911636,-21.3297861215848
-57.3417383911636,-21.3297861215848
-57.3012383911636,-21.3064034465848
-57.2877383911636,-21.2830207715848
-57.2742383911636,-21.2596380965848
-57.2337383911636,-21.2362554215848
-57.3012383911636,-21.1193420465848
-57.4362383911636,-21.1193420465848
-57.5037383911636,-21.2362554215848
-57.4362383911636,-21.3531687965848
-57.3012383911636,-21.3531687965848
-57.2472383911636,-21.2128727465848
-57.2607383911636,-21.1894900715848
-57.2742383911636,-21.1661073965848
-57.2877383911636,-21.1427247215848
-57.3282383911636,-21.1193420465848
-57.3552383911636,-21.1193420465848
-57.3822383911636,-21.1193420465848
-57.4092383911636,-21.1193420465848
-57.4497383911636,-21.1427247215848
-57.4632383911636,-21.1661073965848
-57.4767383911636,-21.1894900715848
-57.4902383911636,-21.2128727465848
-57.4902383911636,-21.2596380965848
-57.4767383911636,-21.2830207715848
-57.4632383911636,-21.3064034465848
-57.4497383911636,-21.3297861215848
-57.4092383911636,-21.3531687965848
-57.3822383911636,-21.3531687965848
-57.3552383911636,-21.3531687965848
-57.3282383911636,-21.3531687965848
-57.2877383911636,-21.3297861215848
-57.2742383911636,-21.3064034465848
-57.2607383911636,-21.2830207715848
-57.2472383911636,-21.2596380965848
-57.2067383911636,-21.2362554215848
-57.2877383911636,-21.0959593715848
-57.4497383911636,-21.0959593715848
-57.5307383911636,-21.2362554215848
-57.4497383911636,-21.3765514715848
-57.2877383911636,-21.3765514715848
-57.2202383911636,-21.2128727465848
-57.2337383911636,-21.1894900715848
-57.2472383911636,-21.1661073965848
-57.2607383911636,-21.1427247215848
-57.2742383911636,-21.1193420465848
-57.3147383911636,-21.0959593715848
-57.3417383911636,-21.0959593715848
-57.3687383911636,-21.0959593715848
-57.3957383911636,-21.0959593715848
-57.4227383911636,-21.0959593715848
-57.4632383911636,-21.1193420465848
-57.4767383911636,-21.1427247215848
-57.4902383911636,-21.1661073965848
-57.5037383911636,-21.1894900715848
-57.5172383911636,-21.2128727465848
-57.5172383911636,-21.2596380965848
-57.5037383911636,-21.2830207715848
-57.4902383911636,-21.3064034465848
-57.4767383911636,-21.3297861215848
-57.4632383911636,-21.3531687965848
-57.4227383911636,-21.3765514715848
-57.3957383911636,-21.3765514715848
-57.3687383911636,-21.3765514715848
-57.3417383911636,-21.3765514715848
-57.3147383911636,-21.3765514715848
-57.2742383911636,-21.3531687965848
-57.2607383911636,-21.3297861215848
-57.2472383911636,-21.3064034465848
-57.2337383911636,-21.2830207715848
-57.2202383911636,-21.2596380965848
-57.1797383911636,-21.2362554215848
-57.2742383911636,-21.0725766965848
-57.4632383911636,-21.0725766965848
-57.5577383911636,-21.2362554215848
-57.4632383911636,-21.3999341465848
-57.2742383911636,-21.3999341465848
-57.1932383911636,-21.2128727465848
-57.2067383911636,-21.1894900715848
-57.2202383911636,-21.1661073965848
-57.2337383911636,-21.1427247215848
-57.2472383911636,-21.1193420465848
-57.2607383911636,-21.0959593715848
-57.3012383911636,-21.0725766965848
-57.3282383911636,-21.0725766965848
-57.3552383911636,-21.0725766965848
-57.3822383911636,-21.0725766965848
-57.4092383911636,-21.0725766965848
-57.4362383911636,-21.0725766965848
-57.4767383911636,-21.0959593715848
-57.4902383911636,-21.1193420465848
-57.5037383911636,-21.1427247215848
-57.5172383911636,-21.1661073965848
-57.5307383911636,-21.1894900715848
-57.5442383911636,-21.2128727465848
-57.5442383911636,-21.2596380965848
-57.5307383911636,-21.2830207715848
-57.5172383911636,-21.3064034465848
-57.5037383911636,-21.3297861215848
-57.4902383911636,-21.3531687965848
-57.4767383911636,-21.3765514715848
-57.4362383911636,-21.3999341465848
-57.4092383911636,-21.3999341465848
-57.3822383911636,-21.3999341465848
-57.3552383911636,-21.3999341465848
-57.3282383911636,-21.3999341465848
-57.3012383911636,-21.3999341465848
-57.2607383911636,-21.3765514715848
-57.2472383911636,-21.3531687965848
-57.2337383911636,-21.3297861215848
-57.2202383911636,-21.3064034465848
-57.2067383911636,-21.2830207715848
-57.1932383911636,-21.2596380965848
-57.1527383911636,-21.2362554215848
-57.2607383911636,-21.0491940215848
-57.4767383911636,-21.0491940215848
-57.5847383911636,-21.2362554215848
-57.4767383911636,-21.4233168215848
-57.2607383911636,-21.4233168215848
-57.1662383911636,-21.2128727465848
-57.1797383911636,-21.1894900715848
-57.1932383911636,-21.1661073965848
-57.2067383911636,-21.1427247215848
-57.2202383911636,-21.1193420465848
-57.2337383911636,-21.0959593715848
-57.2472383911636,-21.0725766965848
-57.2877383911636,-21.0491940215848
-57.3147383911636,-21.0491940215848
-57.3417383911636,-21.0491940215848
-57.3687383911636,-21.0491940215848
-57.3957383911636,-21.0491940215848
-57.4227383911636,-21.0491940215848
-57.4497383911636,-21.0491940215848
-57.4902383911636,-21.0725766965848
-57.5037383911636,-21.0959593715848
-57.5172383911636,-21.1193420465848
-57.5307383911636,-21.1427247215848
-57.5442383911636,-21.1661073965848
-57.5577383911636,-21.1894900715848
-57.5712383911636,-21.2128727465848
-57.5712383911636,-21.2596380965848
-57.5577383911636,-21.2830207715848
-57.5442383911636,-21.3064034465848
-57.5307383911636,-21.3297861215848
-57.5172383911636,-21.3531687965848
-57.5037383911636,-21.3765514715848
-57.4902383911636,-21.3999341465848
-57.4497383911636,-21.4233168215848
-57.4227383911636,-21.4233168215848
-57.3957383911636,-21.4233168215848
-57.3687383911636,-21.4233168215848
-57.3417383911636,-21.4233168215848
-57.3147383911636,-21.4233168215848
-57.2877383911636,-21.4233168215848
-57.2472383911636,-21.3999341465848
-57.2337383911636,-21.3765514715848
-57.2202383911636,-21.3531687965848
-57.2067383911636,-21.3297861215848
-57.1932383911636,-21.3064034465848
-57.1797383911636,-21.2830207715848
-57.1662383911636,-21.2596380965848
-57.1257383911636,-21.2362554215848
-57.2472383911636,-21.0258113465848
-57.4902383911636,-21.0258113465848
-57.6117383911636,-21.2362554215848
-57.4902383911636,-21.4466994965848
-57.2472383911636,-21.4466994965848
-57.1392383911636,-21.2128727465848
-57.1527383911636,-21.1894900715848
-57.1662383911636,-21.1661073965848
-57.1797383911636,-21.1427247215848
-57.1932383911636,-21.1193420465848
-57.2067383911636,-21.0959593715848
-57.2202383911636,-21.0725766965848
-57.2337383911636,-21.0491940215848
-57.2742383911636,-21.0258113465848
-57.3012383911636,-21.0258113465848
-57.3282383911636,-21.0258113465848
-57.3552383911636,-21.0258113465848
-57.3822383911636,-21.0258113465848
-57.4092383911636,-21.0258113465848
-57.4362383911636,-21.0258113465848
-57.4632383911636,-21.0258113465848
-57.5037383911636,-21.0491940215848
-57.5172383911636,-21.0725766965848
-57.5307383911636,-21.0959593715848
-57.5442383911636,-21.1193420465848
-57.5577383911636,-21.1427247215848
-57.5712383911636,-21.1661073965848
-57.5847383911636,-21.1894900715848
-57.5982383911636,-21.2128727465848
-57.5982383911636,-21.2596380965848
-57.5847383911636,-21.2830207715848
-57.5712383911636,-21.3064034465848
-57.5577383911636,-21.3297861215848
-57.5442383911636,-21.3531687965848
-57.5307383911636,-21.3765514715848
-57.5172383911636,-21.3999341465848
-57.5037383911636,-21.4233168215848
-57.4632383911636,-21.4466994965848
-57.4362383911636,-21.4466994965848
-57.4092383911636,-21.4466994965848
-57.3822383911636,-21.4466994965848
-57.3552383911636,-21.4466994965848
-57.3282383911636,-21.4466994965848
-57.3012383911636,-21.4466994965848
-57.2742383911636,-21.4466994965848
-57.2337383911636,-21.4233168215848
-57.2202383911636,-21.3999341465848
-57.2067383911636,-21.3765514715848
-57.1932383911636,-21.3531687965848
-57.1797383911636,-21.3297861215848
-57.1662383911636,-21.3064034465848
-57.1527383911636,-21.2830207715848
-57.1392383911636,-21.2596380965848
-57.0987383911636,-21.2362554215848
-57.2337383911636,-21.0024286715848
-57.5037383911636,-21.0024286715848
-57.6387383911636,-21.2362554215848
-57.5037383911636,-21.4700821715848
-57.2337383911636,-21.4700821715848
-57.1122383911636,-21.2128727465848
-57.1257383911636,-21.1894900715848
-57.1392383911636,-21.1661073965848
-57.1527383911636,-21.1427247215848
-57.1662383911636,-21.1193420465848
-57.1797383911636,-21.0959593715848
-57.1932383911636,-21.0725766965848
-57.2067383911636,-21.0491940215848
-57.2202383911636,-21.0258113465848
-57.2607383911636,-21.0024286715848
-57.2877383911636,-21.0024286715848
-57.3147383911636,-21.0024286715848
-57.3417383911636,-21.0024286715848
-57.3687383911636,-21.0024286715848
-57.3957383911636,-21.0024286715848
-57.4227383911636,-21.0024286715848
-57.4497383911636,-21.0024286715848
-57.4767383911636,-21.0024286715848
-57.5172383911636,-21.0258113465848
-57.5307383911636,-21.0491940215848
-57.5442383911636,-21.0725766965848
-57.5577383911636,-21.0959593715848
-57.5712383911636,-21.1193420465848
-57.5847383911636,-21.1427247215848
-57.5982383911636,-21.1661073965848
-57.6117383911636,-21.1894900715848
-57.6252383911636,-21.2128727465848
-57.6252383911636,-21.2596380965848
-57.6117383911636,-21.2830207715848
-57.5982383911636,-21.3064034465848
-57.5847383911636,-21.3297861215848
-57.5712383911636,-21.3531687965848
-57.5577383911636,-21.3765514715848
-57.5442383911636,-21.3999341465848
-57.5307383911636,-21.4233168215848
-57.5172383911636,-21.4466994965848
-57.4767383911636,-21.4700821715848
-57.4497383911636,-21.4700821715848
-57.4227383911636,-21.4700821715848
-57.3957383911636,-21.4700821715848
-57.3687383911636,-21.4700821715848
-57.3417383911636,-21.4700821715848
-57.3147383911636,-21.4700821715848
-57.2877383911636,-21.4700821715848
-57.2607383911636,-21.4700821715848
-57.2202383911636,-21.4466994965848
-57.2067383911636,-21.4233168215848
-57.1932383911636,-21.3999341465848
-57.1797383911636,-21.3765514715848
-57.1662383911636,-21.3531687965848
-57.1527383911636,-21.3297861215848
-57.1392383911636,-21.3064034465848
-57.1257383911636,-21.2830207715848
-57.1122383911636,-21.2596380965848
-57.0717383911636,-21.2362554215848
-57.2202383911636,-20.9790459965848
-57.5172383911636,-20.9790459965848
-57.6657383911636,-21.2362554215848
-57.5172383911636,-21.4934648465848
-57.2202383911636,-21.4934648465848
-57.0852383911636,-21.2128727465848
-57.0987383911636,-21.1894900715848
-57.1122383911636,-21.1661073965848
-57.1257383911636,-21.1427247215848
-57.1392383911636,-21.1193420465848
-57.1527383911636,-21.0959593715848
-57.1662383911636,-21.0725766965848
-57.1797383911636,-21.0491940215848
-57.1932383911636,-21.0258113465848
-57.2067383911636,-21.0024286715848
-57.2472383911636,-20.9790459965848
-57.2742383911636,-20.9790459965848
-57.3012383911636,-20.9790459965848
-57.3282383911636,-20.9790459965848
-57.3552383911636,-20.9790459965848
-57.3822383911636,-20.9790459965848
-57.4092383911636,-20.9790459965848
-57.4362383911636,-20.9790459965848
-57.4632383911636,-20.9790459965848
-57.4902383911636,-20.9790459965848
-57.5307383911636,-21.0024286715848
-57.5442383911636,-21.0258113465848
-57.5577383911636,-21.0491940215848
-57.5712383911636,-21.0725766965848
-57.5847383911636,-21.0959593715848
-57.5982383911636,-21.1193420465848
-57.6117383911636,-21.1427247215848
-57.6252383911636,-21.1661073965848
-57.6387383911636,-21.1894900715848
-57.6522383911636,-21.2128727465848
-57.6522383911636,-21.2596380965848
-57.6387383911636,-21.2830207715848
-57.6252383911636,-21.3064034465848
-57.6117383911636,-21.3297861215848
-57.5982383911636,-21.3531687965848
-57.5847383911636,-21.3765514715848
-57.5712383911636,-21.3999341465848
-57.5577383911636,-21.4233168215848
-57.5442383911636,-21.4466994965848
-57.5307383911636,-21.4700821715848
-57.4902383911636,-21.4934648465848
-57.4632383911636,-21.4934648465848
-57.4362383911636,-21.4934648465848
-57.4092383911636,-21.4934648465848
-57.3822383911636,-21.4934648465848
-57.3552383911636,-21.4934648465848
-57.3282383911636,-21.4934648465848
-57.3012383911636,-21.4934648465848
-57.2742383911636,-21.4934648465848
-57.2472383911636,-21.4934648465848
-57.2067383911636,-21.4700821715848
-57.1932383911636,-21.4466994965848
-57.1797383911636,-21.4233168215848
-57.1662383911636,-21.3999341465848
-57.1527383911636,-21.3765514715848
-57.1392383911636,-21.3531687965848
-57.1257383911636,-21.3297861215848
-57.1122383911636,-21.3064034465848
-57.0987383911636,-21.2830207715848
-57.0852383911636,-21.2596380965848
-57.0447383911636,-21.2362554215848
-57.2067383911636,-20.9556633215848
-57.5307383911636,-20.9556633215848
-57.6927383911636,-21.2362554215848
-57.5307383911636,-21.5168475215848
-57.2067383911636,-21.5168475215848
-57.0582383911636,-21.2128727465848
-57.0717383911636,-21.1894900715848
-57.0852383911636,-21.1661073965848
-57.0987383911636,-21.1427247215848
-57.1122383911636,-21.1193420465848
-57.1257383911636,-21.0959593715848
-57.1392383911636,-21.0725766965848
-57.1527383911636,-21.0491940215848
-57.1662383911636,-21.0258113465848
-57.1797383911636,-21.0024286715848
-57.1932383911636,-20.9790459965848
-57.2337383911636,-20.9556633215848
-57.2607383911636,-20.9556633215848
-57.2877383911636,-20.9556633215848
-57.3147383911636,-20.9556633215848
-57.3417383911636,-20.9556633215848
-57.3687383911636,-20.9556633215848
-57.3957383911636,-20.9556633215848
-57.4227383911636,-20.9556633215848
-57.4497383911636,-20.9556633215848
-57.4767383911636,-20.9556633215848
-57.5037383911636,-20.9556633215848
-57.5442383911636,-20.9790459965848
-57.5577383911636,-21.0024286715848
-57.5712383911636,-21.0258113465848
-57.5847383911636,-21.0491940215848
-57.5982383911636,-21.0725766965848
-57.6117383911636,-21.0959593715848
-57.6252383911636,-21.1193420465848
-57.6387383911636,-21.1427247215848
-57.6522383911636,-21.1661073965848
-57.6657383911636,-21.1894900715848
-57.6792383911636,-21.2128727465848
-57.6792383911636,-21.2596380965848
-57.6657383911636,-21.2830207715848
-57.6522383911636,-21.3064034465848
-57.6387383911636,-21.3297861215848
-57.6252383911636,-21.3531687965848
-57.6117383911636,-21.3765514715848
-57.5982383911636,-21.3999341465848
-57.5847383911636,-21.4233168215848
-57.5712383911636,-21.4466994965848
-57.5577383911636,-21.4700821715848
-57.5442383911636,-21.4934648465848
-57.5037383911636,-21.5168475215848
-57.4767383911636,-21.5168475215848
-57.4497383911636,-21.5168475215848
-57.4227383911636,-21.5168475215848
-57.3957383911636,-21.5168475215848
-57.3687383911636,-21.5168475215848
-57.3417383911636,-21.5168475215848
-57.3147383911636,-21.5168475215848
-57.2877383911636,-21.5168475215848
-57.2607383911636,-21.5168475215848
-57.2337383911636,-21.5168475215848
-57.1932383911636,-21.4934648465848
-57.1797383911636,-21.4700821715848
-57.1662383911636,-21.4466994965848
-57.1527383911636,-21.4233168215848
-57.1392383911636,-21.3999341465848
-57.1257383911636,-21.3765514715848
-57.1122383911636,-21.3531687965848
-57.0987383911636,-21.3297861215848
-57.0852383911636,-21.3064034465848
-57.0717383911636,-21.2830207715848
-57.0582383911636,-21.2596380965848
-57.0177383911636,-21.2362554215848
-57.1932383911636,-20.9322806465848
-57.5442383911636,-20.9322806465848
-57.7197383911636,-21.2362554215848
-57.5442383911636,-21.5402301965848
-57.1932383911636,-21.5402301965848
-57.0312383911636,-21.2128727465848
-57.0447383911636,-21.1894900715848
-57.0582383911636,-21.1661073965848
-57.0717383911636,-21.1427247215848
-57.0852383911636,-21.1193420465848
-57.0987383911636,-21.0959593715848
-57.1122383911636,-21.0725766965848
-57.1257383911636,-21.0491940215848
-57.1392383911636,-21.0258113465848
-57.1527383911636,-21.0024286715848
-57.1662383911636,-20.9790459965848
-57.1797383911636,-20.9556633215848
-57.2202383911636,-20.9322806465848
-57.2472383911636,-20.9322806465848
-57.2742383911636,-20.9322806465848
-57.3012383911636,-20.9322806465848
-57.3282383911636,-20.9322806465848
-57.3552383911636,-20.9322806465848
-57.3822383911636,-20.9322806465848
-57.4092383911636,-20.9322806465848
-57.4362383911636,-20.9322806465848
-57.4632383911636,-20.9322806465848
-57.4902383911636,-20.9322806465848
-57.5172383911636,-20.9322806465848
-57.5577383911636,-20.9556633215848
-57.5712383911636,-20.9790459965848
-57.5847383911636,-21.0024286715848
-57.5982383911636,-21.0258113465848
-57.6117383911636,-21.0491940215848
-57.6252383911636,-21.0725766965848
-57.6387383911636,-21.0959593715848
-57.6522383911636,-21.1193420465848
-57.6657383911636,-21.1427247215848
-57.6792383911636,-21.1661073965848
-57.6927383911636,-21.1894900715848
-57.7062383911636,-21.2128727465848
-57.7062383911636,-21.2596380965848
-57.6927383911636,-21.2830207715848
-57.6792383911636,-21.3064034465848
-57.6657383911636,-21.3297861215848
-57.6522383911636,-21.3531687965848
-57.6387383911636,-21.3765514715848
-57.6252383911636,-21.3999341465848
-57.6117383911636,-21.4233168215848
-57.5982383911636,-21.4466994965848
-57.5847383911636,-21.4700821715848
-57.5712383911636,-21.4934648465848
-57.5577383911636,-21.5168475215848
-57.5172383911636,-21.5402301965848
-57.4902383911636,-21.5402301965848
-57.4632383911636,-21.5402301965848
-57.4362383911636,-21.5402301965848
-57.4092383911636,-21.5402301965848
-57.3822383911636,-21.5402301965848
-57.3552383911636,-21.5402301965848
-57.3282383911636,-21.5402301965848
-57.3012383911636,-21.5402301965848
-57.2742383911636,-21.5402301965848
-57.2472383911636,-21.5402301965848
-57.2202383911636,-21.5402301965848
-57.1797383911636,-21.5168475215848
-57.1662383911636,-21.4934648465848
-57.1527383911636,-21.4700821715848
-57.1392383911636,-21.4466994965848
-57.1257383911636,-21.4233168215848
-57.1122383911636,-21.3999341465848
-57.0987383911636,-21.3765514715848
-57.0852383911636,-21.3531687965848
-57.0717383911636,-21.3297861215848
-57.0582383911636,-21.3064034465848
-57.0447383911636,-21.2830207715848
-57.0312383911636,-21.2596380965848
-56.9907383911636,-21.2362554215848
-57.1797383911636,-20.9088979715848
-57.5577383911636,-20.9088979715848
-57.7467383911636,-21.2362554215848
-57.5577383911636,-21.5636128715848
-57.1797383911636,-21.5636128715848
-57.0042383911636,-21.2128727465848
-57.0177383911636,-21.1894900715848
-57.0312383911636,-21.1661073965848
-57.0447383911636,-21.1427247215848
-57.0582383911636,-21.1193420465848
-57.0717383911636,-21.0959593715848
-57.0852383911636,-21.0725766965848
-57.0987383911636,-21.0491940215848
-57.1122383911636,-21.0258113465848
-57.1257383911636,-21.0024286715848
-57.1392383911636,-20.9790459965848
-57.1527383911636,-20.9556633215848
-57.1662383911636,-20.9322806465848
-57.2067383911636,-20.9088979715848
-57.2337383911636,-20.9088979715848
-57.2607383911636,-20.9088979715848
-57.2877383911636,-20.9088979715848
-57.3147383911636,-20.9088979715848
-57.3417383911636,-20.9088979715848
-57.3687383911636,-20.9088979715848
-57.3957383911636,-20.9088979715848
-57.4227383911636,-20.9088979715848
-57.4497383911636,-20.9088979715848
-57.4767383911636,-20.9088979715848
-57.5037383911636,-20.9088979715848
-57.5307383911636,-20.9088979715848
-57.5712383911636,-20.9322806465848
-57.5847383911636,-20.9556633215848
-57.5982383911636,-20.9790459965848
-57.6117383911636,-21.0024286715848
-57.6252383911636,-21.0258113465848
-57.6387383911636,-21.0491940215848
-57.6522383911636,-21.0725766965848
-57.6657383911636,-21.0959593715848
-57.6792383911636,-21.1193420465848
-57.6927383911636,-21.1427247215848
-57.7062383911636,-21.1661073965848
-57.7197383911636,-21.1894900715848
-57.7332383911636,-21.2128727465848
-57.7332383911636,-21.2596380965848
-57.7197383911636,-21.2830207715848
-57.7062383911636,-21.3064034465848
-57.6927383911636,-21.3297861215848
-57.6792383911636,-21.3531687965848
-57.6657383911636,-21.3765514715848
-57.6522383911636,-21.3999341465848
-57.6387383911636,-21.4233168215848
-57.6252383911636,-21.4466994965848
-57.6117383911636,-21.4700821715848
-57.5982383911636,-21.4934648465848
-57.5847383911636,-21.5168475215848
-57.5712383911636,-21.5402301965848
-57.5307383911636,-21.5636128715848
-57.5037383911636,-21.5636128715848
-57.4767383911636,-21.5636128715848
-57.4497383911636,-21.5636128715848
-57.4227383911636,-21.5636128715848
-57.3957383911636,-21.5636128715848
-57.3687383911636,-21.5636128715848
-57.3417383911636,-21.5636128715848
-57.3147383911636,-21.5636128715848
-57.2877383911636,-21.5636128715848
-57.2607383911636,-21.5636128715848
-57.2337383911636,-21.5636128715848
-57.2067383911636,-21.5636128715848
-57.1662383911636,-21.5402301965848
-57.1527383911636,-21.5168475215848
-57.1392383911636,-21.4934648465848
-57.1257383911636,-21.4700821715848
-57.1122383911636,-21.4466994965848
-57.0987383911636,-21.4233168215848
-57.0852383911636,-21.3999341465848
-57.0717383911636,-21.3765514715848
-57.0582383911636,-21.3531687965848
-57.0447383911636,-21.3297861215848
-57.0312383911636,-21.3064034465848
-57.0177383911636,-21.2830207715848
-57.0042383911636,-21.2596380965848
-56.9637383911636,-21.2362554215848
-57.1662383911636,-20.8855152965847
-57.5712383911636,-20.8855152965847
-57.7737383911636,-21.2362554215848
-57.5712383911636,-21.5869955465848
-57.1662383911636,-21.5869955465848
-56.9772383911636,-21.2128727465848
-56.9907383911636,-21.1894900715848
-57.0042383911636,-21.1661073965848
-57.0177383911636,-21.1427247215848
-57.0312383911636,-21.1193420465848
-57.0447383911636,-21.0959593715848
-57.0582383911636,-21.0725766965848
-57.0717383911636,-21.0491940215848
-57.0852383911636,-21.0258113465848
-57.0987383911636,-21.0024286715848
-57.1122383911636,-20.9790459965848
-57.1257383911636,-20.9556633215848
-57.1392383911636,-20.9322806465848
-57.1527383911636,-20.9088979715848
-57.1932383911636,-20.8855152965847
-57.2202383911636,-20.8855152965847
-57.2472383911636,-20.8855152965847
-57.2742383911636,-20.8855152965847
-57.3012383911636,-20.8855152965847
-57.3282383911636,-20.8855152965847
-57.3552383911636,-20.8855152965847
-57.3822383911636,-20.8855152965847
-57.4092383911636,-20.8855152965847
-57.4362383911636,-20.8855152965847
-57.4632383911636,-20.8855152965847
-57.4902383911636,-20.8855152965847
-57.5172383911636,-20.8855152965847
-57.5442383911636,-20.8855152965847
-57.5847383911636,-20.9088979715848
-57.5982383911636,-20.9322806465848
-57.6117383911636,-20.9556633215848
-57.6252383911636,-20.9790459965848
-57.6387383911636,-21.0024286715848
-57.6522383911636,-21.0258113465848
-57.6657383911636,-21.0491940215848
-57.6792383911636,-21.0725766965848
-57.6927383911636,-21.0959593715848
-57.7062383911636,-21.1193420465848
-57.7197383911636,-21.1427247215848
-57.7332383911636,-21.1661073965848
-57.7467383911636,-21.1894900715848
-57.7602383911636,-21.2128727465848
-57.7602383911636,-21.2596380965848
-57.7467383911636,-21.2830207715848
-57.7332383911636,-21.3064034465848
-57.7197383911636,-21.3297861215848
-57.7062383911636,-21.3531687965848
-57.6927383911636,-21.3765514715848
-57.6792383911636,-21.3999341465848
-57.6657383911636,-21.4233168215848
-57.6522383911636,-21.4466994965848
-57.6387383911636,-21.4700821715848
-57.6252383911636,-21.4934648465848
-57.6117383911636,-21.5168475215848
-57.5982383911636,-21.5402301965848
-57.5847383911636,-21.5636128715848
-57.5442383911636,-21.5869955465848
-57.5172383911636,-21.5869955465848
-57.4902383911636,-21.5869955465848
-57.4632383911636,-21.5869955465848
-57.4362383911636,-21.5869955465848
-57.4092383911636,-21.5869955465848
-57.3822383911636,-21.5869955465848
-57.3552383911636,-21.5869955465848
-57.3282383911636,-21.5869955465848
-57.3012383911636,-21.5869955465848
-57.2742383911636,-21.5869955465848
-57.2472383911636,-21.5869955465848
-57.2202383911636,-21.5869955465848
-57.1932383911636,-21.5869955465848
-57.1527383911636,-21.5636128715848
-57.1392383911636,-21.5402301965848
-57.1257383911636,-21.5168475215848
-57.1122383911636,-21.4934648465848
-57.0987383911636,-21.4700821715848
-57.0852383911636,-21.4466994965848
-57.0717383911636,-21.4233168215848
-57.0582383911636,-21.3999341465848
-57.0447383911636,-21.3765514715848
-57.0312383911636,-21.3531687965848
-57.0177383911636,-21.3297861215848
-57.0042383911636,-21.3064034465848
-56.9907383911636,-21.2830207715848
-56.9772383911636,-21.2596380965848
-56.9367383911636,-21.2362554215848
-57.1527383911636,-20.8621326215847
-57.5847383911636,-20.8621326215847
-57.8007383911636,-21.2362554215848
-57.5847383911636,-21.6103782215848
-57.1527383911636,-21.6103782215848
-56.9502383911636,-21.2128727465848
-56.9637383911636,-21.1894900715848
-56.9772383911636,-21.1661073965848
-56.9907383911636,-21.1427247215848
-57.0042383911636,-21.1193420465848
-57.0177383911636,-21.0959593715848
-57.0312383911636,-21.0725766965848
-57.0447383911636,-21.0491940215848
-57.0582383911636,-21.0258113465848
-57.0717383911636,-21.0024286715848
-57.0852383911636,-20.9790459965848
-57.0987383911636,-20.9556633215848
-57.1122383911636,-20.9322806465848
-57.1257383911636,-20.9088979715848
-57.1392383911636,-20.8855152965847
-57.1797383911636,-20.8621326215847
-57.2067383911636,-20.8621326215847
-57.2337383911636,-20.8621326215847
-57.2607383911636,-20.8621326215847
-57.2877383911636,-20.8621326215847
-57.3147383911636,-20.8621326215847
-57.3417383911636,-20.8621326215847
-57.3687383911636,-20.8621326215847
-57.3957383911636,-20.8621326215847
-57.4227383911636,-20.8621326215847
-57.4497383911636,-20.8621326215847
-57.4767383911636,-20.8621326215847
-57.5037383911636,-20.8621326215847
-57.5307383911636,-20.8621326215847
-57.5577383911636,-20.8621326215847
-57.5982383911636,-20.8855152965847
-57.6117383911636,-20.9088979715848
-57.6252383911636,-20.9322806465848
-57.6387383911636,-20.9556633215848
-57.6522383911636,-20.9790459965848
-57.6657383911636,-21.0024286715848
-57.6792383911636,-21.0258113465848
-57.6927383911636,-21.0491940215848
-57.7062383911636,-21.0725766965848
-57.7197383911636,-21.0959593715848
-57.7332383911636,-21.1193420465848
-57.7467383911636,-21.1427247215848
-57.7602383911636,-21.1661073965848
-57.7737383911636,-21.1894900715848
-57.7872383911636,-21.2128727465848
-57.7872383911636,-21.2596380965848
-57.7737383911636,-21.2830207715848
-57.7602383911636,-21.3064034465848
-57.7467383911636,-21.3297861215848
-57.7332383911636,-21.3531687965848
-57.7197383911636,-21.3765514715848
-57.7062383911636,-21.3999341465848
-57.6927383911636,-21.4233168215848
-57.6792383911636,-21.4466994965848
-57.6657383911636,-21.4700821715848
-57.6522383911636,-21.4934648465848
-57.6387383911636,-21.5168475215848
-57.6252383911636,-21.5402301965848
-57.6117383911636,-21.5636128715848
-57.5982383911636,-21.5869955465848
-57.5577383911636,-21.6103782215848
-57.5307383911636,-21.6103782215848
-57.5037383911636,-21.6103782215848
-57.4767383911636,-21.6103782215848
-57.4497383911636,-21.6103782215848
-57.4227383911636,-21.6103782215848
-57.3957383911636,-21.6103782215848
-57.3687383911636,-21.6103782215848
-57.3417383911636,-21.6103782215848
-57.3147383911636,-21.6103782215848
-57.2877383911636,-21.6103782215848
-57.2607383911636,-21.6103782215848
-57.2337383911636,-21.6103782215848
-57.2067383911636,-21.6103782215848
-57.1797383911636,-21.6103782215848
-57.1392383911636,-21.5869955465848
-57.1257383911636,-21.5636128715848
-57.1122383911636,-21.5402301965848
-57.0987383911636,-21.5168475215848
-57.0852383911636,-21.4934648465848
-57.0717383911636,-21.4700821715848
-57.0582383911636,-21.4466994965848
-57.0447383911636,-21.4233168215848
-57.0312383911636,-21.3999341465848
-57.0177383911636,-21.3765514715848
-57.0042383911636,-21.3531687965848
-56.9907383911636,-21.3297861215848
-56.9772383911636,-21.3064034465848
-56.9637383911636,-21.2830207715848
-56.9502383911636,-21.2596380965848
-56.9097383911636,-21.2362554215848
-57.1392383911636,-20.8387499465847
-57.5982383911636,-20.8387499465847
-57.8277383911636,-21.2362554215848
-57.5982383911636,-21.6337608965848
-57.1392383911636,-21.6337608965848
-56.9232383911636,-21.2128727465848
-56.9367383911636,-21.1894900715848
-56.9502383911636,-21.1661073965848
-56.9637383911636,-21.1427247215848
-56.9772383911636,-21.1193420465848
-56.9907383911636,-21.0959593715848
-57.0042383911636,-21.0725766965848
-57.0177383911636,-21.0491940215848
-57.0312383911636,-21.0258113465848
-57.0447383911636,-21.0024286715848
-57.0582383911636,-20.9790459965848
-57.0717383911636,-20.9556633215848
-57.0852383911636,-20.9322806465848
-57.0987383911636,-20.9088979715848
-57.1122383911636,-20.8855152965847
-57.1257383911636,-20.8621326215847
-57.1662383911636,-20.8387499465847
-57.1932383911636,-20.8387499465847
-57.2202383911636,-20.8387499465847
-57.2472383911636,-20.8387499465847
-57.2742383911636,-20.8387499465847
-57.3012383911636,-20.8387499465847
-57.3282383911636,-20.8387499465847
-57.3552383911636,-20.8387499465847
-57.3822383911636,-20.8387499465847
-57.4092383911636,-20.8387499465847
-57.4362383911636,-20.8387499465847
-57.4632383911636,-20.8387499465847
-57.4902383911636,-20.8387499465847
-57.5172383911636,-20.8387499465847
-57.5442383911636,-20.8387499465847
-57.5712383911636,-20.8387499465847
-57.6117383911636,-20.8621326215847
-57.6252383911636,-20.8855152965847
-57.6387383911636,-20.9088979715848
-57.6522383911636,-20.9322806465848
-57.6657383911636,-20.9556633215848
-57.6792383911636,-20.9790459965848
-57.6927383911636,-21.0024286715848
-57.7062383911636,-21.0258113465848
-57.7197383911636,-21.0491940215848
-57.7332383911636,-21.0725766965848
-57.7467383911636,-21.0959593715848
-57.7602383911636,-21.1193420465848
-57.7737383911636,-21.1427247215848
-57.7872383911636,-21.1661073965848
-57.8007383911636,-21.1894900715848
-57.8142383911636,-21.2128727465848
-57.8142383911636,-21.2596380965848
-57.8007383911636,-21.2830207715848
-57.7872383911636,-21.3064034465848
-57.7737383911636,-21.3297861215848
-57.7602383911636,-21.3531687965848
-57.7467383911636,-21.3765514715848
-57.7332383911636,-21.3999341465848
-57.7197383911636,-21.4233168215848
-57.7062383911636,-21.4466994965848
-57.6927383911636,-21.4700821715848
-57.6792383911636,-21.4934648465848
-57.6657383911636,-21.5168475215848
-57.6522383911636,-21.5402301965848
-57.6387383911636,-21.5636128715848
-57.6252383911636,-21.5869955465848
-57.6117383911636,-21.6103782215848
-57.5712383911636,-21.6337608965848
-57.5442383911636,-21.6337608965848
-57.5172383911636,-21.6337608965848
-57.4902383911636,-21.6337608965848
-57.4632383911636,-21.6337608965848
-57.4362383911636,-21.6337608965848
-57.4092383911636,-21.6337608965848
-57.3822383911636,-21.6337608965848
-57.3552383911636,-21.6337608965848
-57.3282383911636,-21.6337608965848
-57.3012383911636,-21.6337608965848
-57.2742383911636,-21.6337608965848
-57.2472383911636,-21.6337608965848
-57.2202383911636,-21.6337608965848
-57.1932383911636,-21.6337608965848
-57.1662383911636,-21.6337608965848
-57.1257383911636,-21.6103782215848
-57.1122383911636,-21.5869955465848
-57.0987383911636,-21.5636128715848
-57.0852383911636,-21.5402301965848
-57.0717383911636,-21.5168475215848
-57.0582383911636,-21.4934648465848
-57.0447383911636,-21.4700821715848
-57.0312383911636,-21.4466994965848
-57.0177383911636,-21.4233168215848
-57.0042383911636,-21.3999341465848
-56.9907383911636,-21.3765514715848
-56.9772383911636,-21.3531687965848
-56.9637383911636,-21.3297861215848
-56.9502383911636,-21.3064034465848
-56.9367383911636,-21.2830207715848
-56.9232383911636,-21.2596380965848
-56.8827383911636,-21.2362554215848
-57.1257383911636,-20.8153672715847
-57.6117383911636,-20.8153672715847
-57.8547383911636,-21.2362554215848
-57.6117383911636,-21.6571435715848
-57.1257383911636,-21.6571435715848
-56.8962383911636,-21.2128727465848
-56.9097383911636,-21.1894900715848
-56.9232383911636,-21.1661073965848
-56.9367383911636,-21.1427247215848
-56.9502383911636,-21.1193420465848
-56.9637383911636,-21.0959593715848
-56.9772383911636,-21.0725766965848
-56.9907383911636,-21.0491940215848
-57.0042383911636,-21.0258113465848
-57.0177383911636,-21.0024286715848
-57.0312383911636,-20.9790459965848
-57.0447383911636,-20.9556633215848
-57.0582383911636,-20.9322806465848
-57.0717383911636,-20.9088979715848
-57.0852383911636,-20.8855152965847
-57.0987383911636,-20.8621326215847
-57.1122383911636,-20.8387499465847
-57.1527383911636,-20.8153672715847
-57.1797383911636,-20.8153672715847
-57.2067383911636,-20.8153672715847
-57.2337383911636,-20.8153672715847
-57.2607383911636,-20.8153672715847
-57.2877383911636,-20.8153672715847
-57.3147383911636,-20.8153672715847
-57.3417383911636,-20.8153672715847
-57.3687383911636,-20.8153672715847
-57.3957383911636,-20.8153672715847
-57.4227383911636,-20.8153672715847
-57.4497383911636,-20.8153672715847
-57.4767383911636,-20.8153672715847
-57.5037383911636,-20.8153672715847
-57.5307383911636,-20.8153672715847
-57.5577383911636,-20.8153672715847
-57.5847383911636,-20.8153672715847
-57.6252383911636,-20.8387499465847
-57.6387383911636,-20.8621326215847
-57.6522383911636,-20.8855152965847
-57.6657383911636,-20.9088979715848
-57.6792383911636,-20.9322806465848
-57.6927383911636,-20.9556633215848
-57.7062383911636,-20.9790459965848
-57.7197383911636,-21.0024286715848
-57.7332383911636,-21.0258113465848
-57.7467383911636,-21.0491940215848
-57.7602383911636,-21.0725766965848
-57.7737383911636,-21.0959593715848
-57.7872383911636,-21.1193420465848
-57.8007383911636,-21.1427247215848
-57.8142383911636,-21.1661073965848
-57.8277383911636,-21.1894900715848
-57.8412383911636,-21.2128727465848
-57.8412383911636,-21.2596380965848
-57.8277383911636,-21.2830207715848
-57.8142383911636,-21.3064034465848
-57.8007383911636,-21.3297861215848
-57.7872383911636,-21.3531687965848
-57.7737383911636,-21.3765514715848
-57.7602383911636,-21.3999341465848
-57.7467383911636,-21.4233168215848
-57.7332383911636,-21.4466994965848
-57.7197383911636,-21.4700821715848
-57.7062383911636,-21.4934648465848
-57.6927383911636,-21.5168475215848
-57.6792383911636,-21.5402301965848
-57.6657383911636,-21.5636128715848
-57.6522383911636,-21.5869955465848
-57.6387383911636,-21.6103782215848
-57.6252383911636,-21.6337608965848
-57.5847383911636,-21.6571435715848
-57.5577383911636,-21.6571435715848
-57.5307383911636,-21.6571435715848
-57.5037383911636,-21.6571435715848
-57.4767383911636,-21.6571435715848
-57.4497383911636,-21.6571435715848
-57.4227383911636,-21.6571435715848
-57.3957383911636,-21.6571435715848
-57.3687383911636,-21.6571435715848
-57.3417383911636,-21.6571435715848
-57.3147383911636,-21.6571435715848
-57.2877383911636,-21.6571435715848
-57.2607383911636,-21.6571435715848
-57.2337383911636,-21.6571435715848
-57.2067383911636,-21.6571435715848
-57.1797383911636,-21.6571435715848
-57.1527383911636,-21.6571435715848
-57.1122383911636,-21.6337608965848
-57.0987383911636,-21.6103782215848
-57.0852383911636,-21.5869955465848
-57.0717383911636,-21.5636128715848
-57.0582383911636,-21.5402301965848
-57.0447383911636,-21.5168475215848
-57.0312383911636,-21.4934648465848
-57.0177383911636,-21.4700821715848
-57.0042383911636,-21.4466994965848
-56.9907383911636,-21.4233168215848
-56.9772383911636,-21.3999341465848
-56.9637383911636,-21.3765514715848
-56.9502383911636,-21.3531687965848
-56.9367383911636,-21.3297861215848
-56.9232383911636,-21.3064034465848
-56.9097383911636,-21.2830207715848
-56.8962383911636,-21.2596380965848
-56.8557383911636,-21.2362554215848
-57.1122383911636,-20.7919845965847
-57.6252383911636,-20.7919845965847
-57.6252383911636,-21.6805262465848
-57.1122383911636,-21.6805262465848
-56.8692383911636,-21.2128727465848
-56.8827383911636,-21.1894900715848
-56.8962383911636,-21.1661073965848
-56.9097383911636,-21.1427247215848
-56.9232383911636,-21.1193420465848
-56.9367383911636,-21.0959593715848
-56.9502383911636,-21.0725766965848
-56.9637383911636,-21.0491940215848
-56.9772383911636,-21.0258113465848
-56.9907383911636,-21.0024286715848
-57.0042383911636,-20.9790459965848
-57.0177383911636,-20.9556633215848
-57.0312383911636,-20.9322806465848
-57.0447383911636,-20.9088979715848
-57.0582383911636,-20.8855152965847
-57.0717383911636,-20.8621326215847
-57.0852383911636,-20.8387499465847
-57.0987383911636,-20.8153672715847
-57.1392383911636,-20.7919845965847
-57.1662383911636,-20.7919845965847
-57.1932383911636,-20.7919845965847
-57.2202383911636,-20.7919845965847
-57.2472383911636,-20.7919845965847
-57.2742383911636,-20.7919845965847
-57.3012383911636,-20.7919845965847
-57.3282383911636,-20.7919845965847
-57.3552383911636,-20.7919845965847
-57.3822383911636,-20.7919845965847
-57.4092383911636,-20.7919845965847
-57.4362383911636,-20.7919845965847
-57.4632383911636,-20.7919845965847
-57.4902383911636,-20.7919845965847
-57.5172383911636,-20.7919845965847
-57.5442383911636,-20.7919845965847
-57.5712383911636,-20.7919845965847
-57.5982383911636,-20.7919845965847
-57.6387383911636,-20.8153672715847
-57.6522383911636,-20.8387499465847
-57.6657383911636,-20.8621326215847
-57.6792383911636,-20.8855152965847
-57.6927383911636,-20.9088979715848
-57.7062383911636,-20.9322806465848
-57.7197383911636,-20.9556633215848
-57.7332383911636,-20.9790459965848
-57.7467383911636,-21.0024286715848
-57.7602383911636,-21.0258113465848
-57.7737383911636,-21.0491940215848
-57.7872383911636,-21.0725766965848
-57.8007383911636,-21.0959593715848
-57.8142383911636,-21.1193420465848
-57.8277383911636,-21.1427247215848
-57.8412383911636,-21.1661073965848
-57.8547383911636,-21.1894900715848
-57.8682383911636,-21.2596380965848
-57.8547383911636,-21.2830207715848
-57.8412383911636,-21.3064034465848
-57.8277383911636,-21.3297861215848
-57.8142383911636,-21.3531687965848
-57.8007383911636,-21.3765514715848
-57.7872383911636,-21.3999341465848
-57.7737383911636,-21.4233168215848
-57.7602383911636,-21.4466994965848
-57.7467383911636,-21.4700821715848
-57.7332383911636,-21.4934648465848
-57.7197383911636,-21.5168475215848
-57.7062383911636,-21.5402301965848
-57.6927383911636,-21.5636128715848
-57.6792383911636,-21.5869955465848
-57.6657383911636,-21.6103782215848
-57.6522383911636,-21.6337608965848
-57.6387383911636,-21.6571435715848
-57.5982383911636,-21.6805262465848
-57.5712383911636,-21.6805262465848
-57.5442383911636,-21.6805262465848
-57.5172383911636,-21.6805262465848
-57.4902383911636,-21.6805262465848
-57.4632383911636,-21.6805262465848
-57.4362383911636,-21.6805262465848
-57.4092383911636,-21.6805262465848
-57.3822383911636,-21.6805262465848
-57.3552383911636,-21.6805262465848
-57.3282383911636,-21.6805262465848
-57.3012383911636,-21.6805262465848
-57.2742383911636,-21.6805262465848
-57.2472383911636,-21.6805262465848
-57.2202383911636,-21.6805262465848
-57.1932383911636,-21.6805262465848
-57.1662383911636,-21.6805262465848
-57.1392383911636,-21.6805262465848
-57.0987383911636,-21.6571435715848
-57.0852383911636,-21.6337608965848
-57.0717383911636,-21.6103782215848
-57.0582383911636,-21.5869955465848
-57.0447383911636,-21.5636128715848
-57.0312383911636,-21.5402301965848
-57.0177383911636,-21.5168475215848
-57.0042383911636,-21.4934648465848
-56.9907383911636,-21.4700821715848
-56.9772383911636,-21.4466994965848
-56.9637383911636,-21.4233168215848
-56.9502383911636,-21.3999341465848
-56.9367383911636,-21.3765514715848
-56.9232383911636,-21.3531687965848
-56.9097383911636,-21.3297861215848
-56.8962383911636,-21.3064034465848
-56.8827383911636,-21.2830207715848
-56.8692383911636,-21.2596380965848
-56.8287383911636,-21.2362554215848
-57.0987383911636,-20.7686019215847
-57.6387383911636,-20.7686019215847
-57.6387383911636,-21.7039089215848
-56.8422383911636,-21.2128727465848
-56.8557383911636,-21.1894900715848
-56.8692383911636,-21.1661073965848
-56.8827383911636,-21.1427247215848
-56.8962383911636,-21.1193420465848
-56.9097383911636,-21.0959593715848
-56.9232383911636,-21.0725766965848
-56.9367383911636,-21.0491940215848
-56.9502383911636,-21.0258113465848
-56.9637383911636,-21.0024286715848
-56.9772383911636,-20.9790459965848
-56.9907383911636,-20.9556633215848
-57.0042383911636,-20.9322806465848
-57.0177383911636,-20.9088979715848
-57.0312383911636,-20.8855152965847
-57.0447383911636,-20.8621326215847
-57.0582383911636,-20.8387499465847
-57.0717383911636,-20.8153672715847
-57.0852383911636,-20.7919845965847
-57.1257383911636,-20.7686019215847
-57.1527383911636,-20.7686019215847
-57.1797383911636,-20.7686019215847
-57.2067383911636,-20.7686019215847
-57.2337383911636,-20.7686019215847
-57.2607383911636,-20.7686019215847
-57.2877383911636,-20.7686019215847
-57.3147383911636,-20.7686019215847
-57.3417383911636,-20.7686019215847
-57.3687383911636,-20.7686019215847
-57.3957383911636,-20.7686019215847
-57.4227383911636,-20.7686019215847
-57.4497383911636,-20.7686019215847
-57.4767383911636,-20.7686019215847
-57.5037383911636,-20.7686019215847
-57.5307383911636,-20.7686019215847
-57.5577383911636,-20.7686019215847
-57.5847383911636,-20.7686019215847
-57.6117383911636,-20.7686019215847
-57.6522383911636,-20.7919845965847
-57.6657383911636,-20.8153672715847
-57.6792383911636,-20.8387499465847
-57.6927383911636,-20.8621326215847
-57.7062383911636,-20.8855152965847
-57.7197383911636,-20.9088979715848
-57.7332383911636,-20.9322806465848
-57.7467383911636,-20.9556633215848
-57.7602383911636,-20.9790459965848
-57.7737383911636,-21.0024286715848
-57.7872383911636,-21.0258113465848
-57.8007383911636,-21.0491940215848
-57.8142383911636,-21.0725766965848
-57.8277383911636,-21.0959593715848
-57.8412383911636,-21.1193420465848
-57.8547383911636,-21.1427247215848
-57.8952383911636,-21.2596380965848
-57.8817383911636,-21.2830207715848
-57.8682383911636,-21.3064034465848
-57.8412383911636,-21.3531687965848
-57.8277383911636,-21.3765514715848
-57.8142383911636,-21.3999341465848
-57.8007383911636,-21.4233168215848
-57.7872383911636,-21.4466994965848
-57.7737383911636,-21.4700821715848
-57.7602383911636,-21.4934648465848
-57.7467383911636,-21.5168475215848
-57.7332383911636,-21.5402301965848
-57.7197383911636,-21.5636128715848
-57.7062383911636,-21.5869955465848
-57.6927383911636,-21.6103782215848
-57.6792383911636,-21.6337608965848
-57.6657383911636,-21.6571435715848
-57.6522383911636,-21.6805262465848
-57.6117383911636,-21.7039089215848
-57.5847383911636,-21.7039089215848
-57.5577383911636,-21.7039089215848
-57.5307383911636,-21.7039089215848
-57.5037383911636,-21.7039089215848
-57.4767383911636,-21.7039089215848
-57.4497383911636,-21.7039089215848
-57.4227383911636,-21.7039089215848
-57.3957383911636,-21.7039089215848
-57.3687383911636,-21.7039089215848
-57.3417383911636,-21.7039089215848
-57.3147383911636,-21.7039089215848
-57.2877383911636,-21.7039089215848
-57.2607383911636,-21.7039089215848
-57.2337383911636,-21.7039089215848
-57.2067383911636,-21.7039089215848
-57.1797383911636,-21.7039089215848
-57.1527383911636,-21.7039089215848
-57.1257383911636,-21.7039089215848
-57.0717383911636,-21.6571435715848
-57.0582383911636,-21.6337608965848
-57.0447383911636,-21.6103782215848
-57.0312383911636,-21.5869955465848
-57.0177383911636,-21.5636128715848
-57.0042383911636,-21.5402301965848
-56.9907383911636,-21.5168475215848
-56.9772383911636,-21.4934648465848
-56.9637383911636,-21.4700821715848
-56.9502383911636,-21.4466994965848
-56.9367383911636,-21.4233168215848
-56.9232383911636,-21.3999341465848
-56.9097383911636,-21.3765514715848
-56.8962383911636,-21.3531687965848
-56.8827383911636,-21.3297861215848
-56.8692383911636,-21.3064034465848
-56.8557383911636,-21.2830207715848
-56.8422383911636,-21.2596380965848
-56.8017383911636,-21.2362554215848
-57.0852383911636,-20.7452192465847
-57.6522383911636,-20.7452192465847
-57.6522383911636,-21.7272915965848
-56.8152383911636,-21.2128727465848
-56.8287383911636,-21.1894900715848
-56.8422383911636,-21.1661073965848
-56.8557383911636,-21.1427247215848
-56.8692383911636,-21.1193420465848
-56.8827383911636,-21.0959593715848
-56.8962383911636,-21.0725766965848
-56.9097383911636,-21.0491940215848
-56.9232383911636,-21.0258113465848
-56.9367383911636,-21.0024286715848
-56.9502383911636,-20.9790459965848
-56.9637383911636,-20.9556633215848
-56.9772383911636,-20.9322806465848
-56.9907383911636,-20.9088979715848
-57.0042383911636,-20.8855152965847
-57.0177383911636,-20.8621326215847
-57.0312383911636,-20.8387499465847
-57.0447383911636,-20.8153672715847
-57.0582383911636,-20.7919845965847
-57.0717383911636,-20.7686019215847
-57.1122383911636,-20.7452192465847
-57.1392383911636,-20.7452192465847
-57.1662383911636,-20.7452192465847
-57.1932383911636,-20.7452192465847
-57.2202383911636,-20.7452192465847
-57.2472383911636,-20.7452192465847
-57.2742383911636,-20.7452192465847
-57.3012383911636,-20.7452192465847
-57.3282383911636,-20.7452192465847
-57.3552383911636,-20.7452192465847
-57.3822383911636,-20.7452192465847
-57.4092383911636,-20.7452192465847
-57.4362383911636,-20.7452192465847
-57.4632383911636,-20.7452192465847
-57.4902383911636,-20.7452192465847
-57.5172383911636,-20.7452192465847
-57.5442383911636,-20.7452192465847
-57.5712383911636,-20.7452192465847
-57.5982383911636,-20.7452192465847
-57.6252383911636,-20.7452192465847
-57.6657383911636,-20.7686019215847
-57.6792383911636,-20.7919845965847
-57.6927383911636,-20.8153672715847
-57.7062383911636,-20.8387499465847
-57.7197383911636,-20.8621326215847
-57.7332383911636,-20.8855152965847
-57.7467383911636,-20.9088979715848
-57.7602383911636,-20.9322806465848
-57.7737383911636,-20.9556633215848
-57.7872383911636,-20.9790459965848
-57.8007383911636,-21.0024286715848
-57.8142383911636,-21.0258113465848
-57.8277383911636,-21.0491940215848
-57.8412383911636,-21.0725766965848
-57.9087383911636,-21.2830207715848
-57.8682383911636,-21.3531687965848
-57.8547383911636,-21.3765514715848
-57.8412383911636,-21.3999341465848
-57.8277383911636,-21.4233168215848
-57.8142383911636,-21.4466994965848
-57.8007383911636,-21.4700821715848
-57.7872383911636,-21.4934648465848
-57.7737383911636,-21.5168475215848
-57.7602383911636,-21.5402301965848
-57.7467383911636,-21.5636128715848
-57.7332383911636,-21.5869955465848
-57.7197383911636,-21.6103782215848
-57.7062383911636,-21.6337608965848
-57.6927383911636,-21.6571435715848
-57.6792383911636,-21.6805262465848
-57.6657383911636,-21.7039089215848
-57.6252383911636,-21.7272915965848
-57.5982383911636,-21.7272915965848
-57.5712383911636,-21.7272915965848
-57.5442383911636,-21.7272915965848
-57.5172383911636,-21.7272915965848
-57.4902383911636,-21.7272915965848
-57.4632383911636,-21.7272915965848
-57.4362383911636,-21.7272915965848
-57.4092383911636,-21.7272915965848
-57.3822383911636,-21.7272915965848
-57.3552383911636,-21.7272915965848
-57.3282383911636,-21.7272915965848
-57.3012383911636,-21.7272915965848
-57.2742383911636,-21.7272915965848
-57.2472383911636,-21.7272915965848
-57.2202383911636,-21.7272915965848
-57.1932383911636,-21.7272915965848
-57.1662383911636,-21.7272915965848
-57.1392383911636,-21.7272915965848
-57.0312383911636,-21.6337608965848
-57.0177383911636,-21.6103782215848
-57.0042383911636,-21.5869955465848
-56.9907383911636,-21.5636128715848
-56.9772383911636,-21.5402301965848
-56.9637383911636,-21.5168475215848
-56.9502383911636,-21.4934648465848
-56.9367383911636,-21.4700821715848
-56.9232383911636,-21.4466994965848
-56.9097383911636,-21.4233168215848
-56.8962383911636,-21.3999341465848
-56.8827383911636,-21.3765514715848
-56.8692383911636,-21.3531687965848
-56.8557383911636,-21.3297861215848
-56.8422383911636,-21.3064034465848
-56.8287383911636,-21.2830207715848
-56.8152383911636,-21.2596380965848
-56.7747383911636,-21.2362554215848
-57.0717383911636,-20.7218365715847
-57.6657383911636,-20.7218365715847
-57.6657383911636,-21.7506742715848
-56.7882383911636,-21.2128727465848
-56.8557383911636,-21.0959593715848
-56.8692383911636,-21.0725766965848
-56.8827383911636,-21.0491940215848
-56.8962383911636,-21.0258113465848
-56.9097383911636,-21.0024286715848
-56.9232383911636,-20.9790459965848
-56.9367383911636,-20.9556633215848
-56.9502383911636,-20.9322806465848
-56.9637383911636,-20.9088979715848
-56.9772383911636,-20.8855152965847
-56.9907383911636,-20.8621326215847
-57.0042383911636,-20.8387499465847
-57.0177383911636,-20.8153672715847
-57.0312383911636,-20.7919845965847
-57.0447383911636,-20.7686019215847
-57.0582383911636,-20.7452192465847
-57.0987383911636,-20.7218365715847
-57.1257383911636,-20.7218365715847
-57.1527383911636,-20.7218365715847
-57.1797383911636,-20.7218365715847
-57.2067383911636,-20.7218365715847
-57.2337383911636,-20.7218365715847
-57.2607383911636,-20.7218365715847
-57.2877383911636,-20.7218365715847
-57.3147383911636,-20.7218365715847
-57.3417383911636,-20.7218365715847
-57.3687383911636,-20.7218365715847
-57.3957383911636,-20.7218365715847
-57.4227383911636,-20.7218365715847
-57.4497383911636,-20.7218365715847
-57.4767383911636,-20.7218365715847
-57.5037383911636,-20.7218365715847
-57.5307383911636,-20.7218365715847
-57.5577383911636,-20.7218365715847
-57.5847383911636,-20.7218365715847
-57.6117383911636,-20.7218365715847
-57.6387383911636,-20.7218365715847
-57.6792383911636,-20.7452192465847
-57.6927383911636,-20.7686019215847
-57.7062383911636,-20.7919845965847
-57.7197383911636,-20.8153672715847
-57.7332383911636,-20.8387499465847
-57.7467383911636,-20.8621326215847
-57.7602383911636,-20.8855152965847
-57.7737383911636,-20.9088979715848
-57.7872383911636,-20.9322806465848
-57.8007383911636,-20.9556633215848
-57.8142383911636,-20.9790459965848
-57.8277383911636,-21.0024286715848
-57.8412383911636,-21.0258113465848
-57.8547383911636,-21.0491940215848
-57.8817383911636,-21.3765514715848
-57.8682383911636,-21.3999341465848
-57.8547383911636,-21.4233168215848
-57.8412383911636,-21.4466994965848
-57.8277383911636,-21.4700821715848
-57.8142383911636,-21.4934648465848
-57.8007383911636,-21.5168475215848
-57.7872383911636,-21.5402301965848
-57.7737383911636,-21.5636128715848
-57.7602383911636,-21.5869955465848
-57.7467383911636,-21.6103782215848
-57.7332383911636,-21.6337608965848
-57.7197383911636,-21.6571435715848
-57.7062383911636,-21.6805262465848
-57.6927383911636,-21.7039089215848
-57.6792383911636,-21.7272915965848
-57.6387383911636,-21.7506742715848
-57.6117383911636,-21.7506742715848
-57.5847383911636,-21.7506742715848
-57.5577383911636,-21.7506742715848
-57.5307383911636,-21.7506742715848
-57.5037383911636,-21.7506742715848
-57.4767383911636,-21.7506742715848
-57.4497383911636,-21.7506742715848
-57.4227383911636,-21.7506742715848
-57.3957383911636,-21.7506742715848
-57.3687383911636,-21.7506742715848
-57.3417383911636,-21.7506742715848
-57.3147383911636,-21.7506742715848
-57.2877383911636,-21.7506742715848
-57.2607383911636,-21.7506742715848
-57.2337383911636,-21.7506742715848
-57.2067383911636,-21.7506742715848
-57.1797383911636,-21.7506742715848
-56.9907383911636,-21.6103782215848
-56.9772383911636,-21.5869955465848
-56.9637383911636,-21.5636128715848
-56.9502383911636,-21.5402301965848
-56.9367383911636,-21.5168475215848
-56.9232383911636,-21.4934648465848
-56.9097383911636,-21.4700821715848
-56.8962383911636,-21.4466994965848
-56.8827383911636,-21.4233168215848
-56.8692383911636,-21.3999341465848
-56.8557383911636,-21.3765514715848
-56.8422383911636,-21.3531687965848
-56.8287383911636,-21.3297861215848
-56.8152383911636,-21.3064034465848
-56.8017383911636,-21.2830207715848
-56.7882383911636,-21.2596380965848
-56.7477383911636,-21.2362554215848
-57.0582383911636,-20.6984538965847
-57.6792383911636,-21.7740569465848
-56.7612383911636,-21.2128727465848
-56.7747383911636,-21.1894900715848
-56.8422383911636,-21.0725766965848
-56.8557383911636,-21.0491940215848
-56.8692383911636,-21.0258113465848
-56.8827383911636,-21.0024286715848
-56.8962383911636,-20.9790459965848
-56.9097383911636,-20.9556633215848
-56.9232383911636,-20.9322806465848
-56.9367383911636,-20.9088979715848
-56.9502383911636,-20.8855152965847
-56.9637383911636,-20.8621326215847
-56.9772383911636,-20.8387499465847
-56.9907383911636,-20.8153672715847
-57.0042383911636,-20.7919845965847
-57.0177383911636,-20.7686019215847
-57.0312383911636,-20.7452192465847
-57.0447383911636,-20.7218365715847
-57.0852383911636,-20.6984538965847
-57.1122383911636,-20.6984538965847
-57.1392383911636,-20.6984538965847
-57.1662383911636,-20.6984538965847
-57.1932383911636,-20.6984538965847
-57.2202383911636,-20.6984538965847
-57.2472383911636,-20.6984538965847
-57.2742383911636,-20.6984538965847
-57.3012383911636,-20.6984538965847
-57.3282383911636,-20.6984538965847
-57.3552383911636,-20.6984538965847
-57.3822383911636,-20.6984538965847
-57.4092383911636,-20.6984538965847
-57.4362383911636,-20.6984538965847
-57.4632383911636,-20.6984538965847
-57.4902383911636,-20.6984538965847
-57.5172383911636,-20.6984538965847
-57.5442383911636,-20.6984538965847
-57.5712383911636,-20.6984538965847
-57.5982383911636,-20.6984538965847
-57.6252383911636,-20.6984538965847
-57.7062383911636,-20.7452192465847
-57.7197383911636,-20.7686019215847
-57.7332383911636,-20.7919845965847
-57.7467383911636,-20.8153672715847
-57.7602383911636,-20.8387499465847
-57.7737383911636,-20.8621326215847
-57.7872383911636,-20.8855152965847
-57.8007383911636,-20.9088979715848
-57.8142383911636,-20.9322806465848
-57.8952383911636,-21.3999341465848
-57.8817383911636,-21.4233168215848
-57.8682383911636,-21.4466994965848
-57.8547383911636,-21.4700821715848
-57.8412383911636,-21.4934648465848
-57.8277383911636,-21.5168475215848
-57.8142383911636,-21.5402301965848
-57.8007383911636,-21.5636128715848
-57.7872383911636,-21.5869955465848
-57.7737383911636,-21.6103782215848
-57.7602383911636,-21.6337608965848
-57.7467383911636,-21.6571435715848
-57.7332383911636,-21.6805262465848
-57.7197383911636,-21.7039089215848
-57.7062383911636,-21.7272915965848
-57.6927383911636,-21.7506742715848
-57.6522383911636,-21.7740569465848
-57.6252383911636,-21.7740569465848
-57.5982383911636,-21.7740569465848
-57.5712383911636,-21.7740569465848
-57.5442383911636,-21.7740569465848
-57.5172383911636,-21.7740569465848
-57.4902383911636,-21.7740569465848
-57.4632383911636,-21.7740569465848
-57.4362383911636,-21.7740569465848
-57.4092383911636,-21.7740569465848
-57.3822383911636,-21.7740569465848
-57.3552383911636,-21.7740569465848
-57.3282383911636,-21.7740569465848
-57.3012383911636,-21.7740569465848
-57.2742383911636,-21.7740569465848
-57.2472383911636,-21.7740569465848
-57.2202383911636,-21.7740569465848
-57.1932383911636,-21.7740569465848
-57.1662383911636,-21.7740569465848
-56.9772383911636,-21.6337608965848
-56.9637383911636,-21.6103782215848
-56.9502383911636,-21.5869955465848
-56.9097383911636,-21.5168475215848
-56.8962383911636,-21.4934648465848
-56.8827383911636,-21.4700821715848
-56.8692383911636,-21.4466994965848
-56.8557383911636,-21.4233168215848
-56.8422383911636,-21.3999341465848
-56.8287383911636,-21.3765514715848
-56.8152383911636,-21.3531687965848
-56.8017383911636,-21.3297861215848
-56.7882383911636,-21.3064034465848
-56.7747383911636,-21.2830207715848
-56.7612383911636,-21.2596380965848
-56.7207383911636,-21.2362554215848
-57.0447383911636,-20.6750712215847
-57.6927383911636,-21.7974396215848
-56.7342383911636,-21.2128727465848
-56.7477383911636,-21.1894900715848
-56.8692383911636,-20.9790459965848
-56.8827383911636,-20.9556633215848
-56.8962383911636,-20.9322806465848
-56.9097383911636,-20.9088979715848
-56.9232383911636,-20.8855152965847
-56.9367383911636,-20.8621326215847
-56.9502383911636,-20.8387499465847
-56.9637383911636,-20.8153672715847
-56.9772383911636,-20.7919845965847
-56.9907383911636,-20.7686019215847
-57.0042383911636,-20.7452192465847
-57.0177383911636,-20.7218365715847
-57.0312383911636,-20.6984538965847
-57.0717383911636,-20.6750712215847
-57.0987383911636,-20.6750712215847
-57.1257383911636,-20.6750712215847
-57.1527383911636,-20.6750712215847
-57.1797383911636,-20.6750712215847
-57.2067383911636,-20.6750712215847
-57.2337383911636,-20.6750712215847
-57.2607383911636,-20.6750712215847
-57.2877383911636,-20.6750712215847
-57.3147383911636,-20.6750712215847
-57.3417383911636,-20.6750712215847
-57.3687383911636,-20.6750712215847
-57.3957383911636,-20.6750712215847
-57.4227383911636,-20.6750712215847
-57.4497383911636,-20.6750712215847
-57.4767383911636,-20.6750712215847
-57.5037383911636,-20.6750712215847
-57.5307383911636,-20.6750712215847
-57.5577383911636,-20.6750712215847
-57.5847383911636,-20.6750712215847
-57.6117383911636,-20.6750712215847
-57.6387383911636,-20.6750712215847
-57.7737383911636,-20.8153672715847
-57.7872383911636,-20.8387499465847
-57.8007383911636,-20.8621326215847
-57.8142383911636,-20.8855152965847
-57.8277383911636,-20.9088979715848
-57.9087383911636,-21.4233168215848
-57.8952383911636,-21.4466994965848
-57.8817383911636,-21.4700821715848
-57.8682383911636,-21.4934648465848
-57.8547383911636,-21.5168475215848
-57.8412383911636,-21.5402301965848
-57.8277383911636,-21.5636128715848
-57.8142383911636,-21.5869955465848
-57.8007383911636,-21.6103782215848
-57.7872383911636,-21.6337608965848
-57.7737383911636,-21.6571435715848
-57.7602383911636,-21.6805262465848
-57.7467383911636,-21.7039089215848
-57.7332383911636,-21.7272915965848
-57.7197383911636,-21.7506742715848
-57.7062383911636,-21.7740569465848
-57.6657383911636,-21.7974396215848
-57.6387383911636,-21.7974396215848
-57.6117383911636,-21.7974396215848
-57.5847383911636,-21.7974396215848
-57.5577383911636,-21.7974396215848
-57.5307383911636,-21.7974396215848
-57.5037383911636,-21.7974396215848
-57.4767383911636,-21.7974396215848
-57.4497383911636,-21.7974396215848
-57.4227383911636,-21.7974396215848
-57.3957383911636,-21.7974396215848
-57.3687383911636,-21.7974396215848
-57.3417383911636,-21.7974396215848
-57.3147383911636,-21.7974396215848
-57.2877383911636,-21.7974396215848
-57.2607383911636,-21.7974396215848
-57.2337383911636,-21.7974396215848
-57.2067383911636,-21.7974396215848
-57.1797383911636,-21.7974396215848
-56.8422383911636,-21.4466994965848
-56.8287383911636,-21.4233168215848
-56.8152383911636,-21.3999341465848
-56.8017383911636,-21.3765514715848
-56.7882383911636,-21.3531687965848
-56.7747383911636,-21.3297861215848
-56.7612383911636,-21.3064034465848
-56.7477383911636,-21.2830207715848
-56.7342383911636,-21.2596380965848
-56.6937383911636,-21.2362554215848
-57.0312383911636,-20.6516885465847
-57.7062383911636,-21.8208222965848
-56.7072383911636,-21.2128727465848
-56.7207383911636,-21.1894900715848
-56.8692383911636,-20.9322806465848
-56.8827383911636,-20.9088979715848
-56.8962383911636,-20.8855152965847
-56.9097383911636,-20.8621326215847
-56.9232383911636,-20.8387499465847
-56.9367383911636,-20.8153672715847
-56.9502383911636,-20.7919845965847
-56.9637383911636,-20.7686019215847
-56.9772383911636,-20.7452192465847
-56.9907383911636,-20.7218365715847
-57.0042383911636,-20.6984538965847
-57.0177383911636,-20.6750712215847
-57.0582383911636,-20.6516885465847
-57.0852383911636,-20.6516885465847
-57.1122383911636,-20.6516885465847
-57.1392383911636,-20.6516885465847
-57.1662383911636,-20.6516885465847
-57.1932383911636,-20.6516885465847
-57.2202383911636,-20.6516885465847
-57.2472383911636,-20.6516885465847
-57.2742383911636,-20.6516885465847
-57.3012383911636,-20.6516885465847
-57.3282383911636,-20.6516885465847
-57.3552383911636,-20.6516885465847
-57.3822383911636,-20.6516885465847
-57.4092383911636,-20.6516885465847
-57.4362383911636,-20.6516885465847
-57.4632383911636,-20.6516885465847
-57.4902383911636,-20.6516885465847
-57.5172383911636,-20.6516885465847
-57.5442383911636,-20.6516885465847
-57.5712383911636,-20.6516885465847
-57.5982383911636,-20.6516885465847
-57.6252383911636,-20.6516885465847
-57.8007383911636,-20.8153672715847
-57.8142383911636,-20.8387499465847
-57.8412383911636,-20.8855152965847
-57.9087383911636,-21.4700821715848
-57.8952383911636,-21.4934648465848
-57.8817383911636,-21.5168475215848
-57.8682383911636,-21.5402301965848
-57.8547383911636,-21.5636128715848
-57.8412383911636,-21.5869955465848
-57.8277383911636,-21.6103782215848
-57.8142383911636,-21.6337608965848
-57.8007383911636,-21.6571435715848
-57.7872383911636,-21.6805262465848
-57.7737383911636,-21.7039089215848
-57.7602383911636,-21.7272915965848
-57.7467383911636,-21.7506742715848
-57.7332383911636,-21.7740569465848
-57.7197383911636,-21.7974396215848
-57.6792383911636,-21.8208222965848
-57.6522383911636,-21.8208222965848
-57.6252383911636,-21.8208222965848
-57.5982383911636,-21.8208222965848
-57.5712383911636,-21.8208222965848
-57.5442383911636,-21.8208222965848
-57.5172383911636,-21.8208222965848
-57.4902383911636,-21.8208222965848
-57.4632383911636,-21.8208222965848
-57.4362383911636,-21.8208222965848
-57.4092383911636,-21.8208222965848
-57.3822383911636,-21.8208222965848
-57.3552383911636,-21.8208222965848
-57.3282383911636,-21.8208222965848
-57.3012383911636,-21.8208222965848
-57.2742383911636,-21.8208222965848
-57.2472383911636,-21.8208222965848
-57.2202383911636,-21.8208222965848
-57.1932383911636,-21.8208222965848
-56.8152383911636,-21.4466994965848
-56.8017383911636,-21.4233168215848
-56.7882383911636,-21.3999341465848
-56.7747383911636,-21.3765514715848
-56.7612383911636,-21.3531687965848
-56.7477383911636,-21.3297861215848
-56.7342383911636,-21.3064034465848
-56.7207383911636,-21.2830207715848
-56.7072383911636,-21.2596380965848
-57.0177383911636,-20.6283058715847
-57.7197383911636,-21.8442049715848
-56.6802383911636,-21.2128727465848
-56.6937383911636,-21.1894900715848
-56.8692383911636,-20.8855152965847
-56.8827383911636,-20.8621326215847
-56.8962383911636,-20.8387499465847
-56.9097383911636,-20.8153672715847
-56.9232383911636,-20.7919845965847
-56.9367383911636,-20.7686019215847
-56.9502383911636,-20.7452192465847
-56.9637383911636,-20.7218365715847
-56.9772383911636,-20.6984538965847
-56.9907383911636,-20.6750712215847
-57.0042383911636,-20.6516885465847
-57.0447383911636,-20.6283058715847
-57.0717383911636,-20.6283058715847
-57.0987383911636,-20.6283058715847
-57.1257383911636,-20.6283058715847
-57.1527383911636,-20.6283058715847
-57.1797383911636,-20.6283058715847
-57.2067383911636,-20.6283058715847
-57.2337383911636,-20.6283058715847
-57.2607383911636,-20.6283058715847
-57.2877383911636,-20.6283058715847
-57.3147383911636,-20.6283058715847
-57.3417383911636,-20.6283058715847
-57.3687383911636,-20.6283058715847
-57.3957383911636,-20.6283058715847
-57.4227383911636,-20.6283058715847
-57.4497383911636,-20.6283058715847
-57.4767383911636,-20.6283058715847
-57.5037383911636,-20.6283058715847
-57.5307383911636,-20.6283058715847
-57.5577383911636,-20.6283058715847
-57.9222383911636,-21.4934648465848
-57.9087383911636,-21.5168475215848
-57.8952383911636,-21.5402301965848
-57.8817383911636,-21.5636128715848
-57.8682383911636,-21.5869955465848
-57.8547383911636,-21.6103782215848
-57.8412383911636,-21.6337608965848
-57.8277383911636,-21.6571435715848
-57.8142383911636,-21.6805262465848
-57.8007383911636,-21.7039089215848
-57.7872383911636,-21.7272915965848
-57.7737383911636,-21.7506742715848
-57.7602383911636,-21.7740569465848
-57.7467383911636,-21.7974396215848
-57.7332383911636,-21.8208222965848
-57.6927383911636,-21.8442049715848
-57.6657383911636,-21.8442049715848
-57.6387383911636,-21.8442049715848
-57.6117383911636,-21.8442049715848
-57.5847383911636,-21.8442049715848
-57.5577383911636,-21.8442049715848
-57.5307383911636,-21.8442049715848
-57.5037383911636,-21.8442049715848
-57.4767383911636,-21.8442049715848
-57.4497383911636,-21.8442049715848
-57.4227383911636,-21.8442049715848
-57.3957383911636,-21.8442049715848
-57.3687383911636,-21.8442049715848
-57.3417383911636,-21.8442049715848
-57.3147383911636,-21.8442049715848
-57.2877383911636,-21.8442049715848
-57.2607383911636,-21.8442049715848
-57.2337383911636,-21.8442049715848
-57.2067383911636,-21.8442049715848
-56.7882383911636,-21.4466994965848
-56.7747383911636,-21.4233168215848
-56.7612383911636,-21.3999341465848
-56.7477383911636,-21.3765514715848
-56.7342383911636,-21.3531687965848
-56.7207383911636,-21.3297861215848
-56.7072383911636,-21.3064034465848
-56.6937383911636,-21.2830207715848
-56.6802383911636,-21.2596380965848
-57.0042383911636,-20.6049231965847
-57.7332383911636,-21.8675876465848
-56.6667383911636,-21.1894900715848
-56.8692383911636,-20.8387499465847
-56.8827383911636,-20.8153672715847
-56.8962383911636,-20.7919845965847
-56.9097383911636,-20.7686019215847
-56.9232383911636,-20.7452192465847
-56.9367383911636,-20.7218365715847
-56.9502383911636,-20.6984538965847
-56.9637383911636,-20.6750712215847
-56.9772383911636,-20.6516885465847
-56.9907383911636,-20.6283058715847
-57.0312383911636,-20.6049231965847
-57.0582383911636,-20.6049231965847
-57.0852383911636,-20.6049231965847
-57.1122383911636,-20.6049231965847
-57.1392383911636,-20.6049231965847
-57.1662383911636,-20.6049231965847
-57.1932383911636,-20.6049231965847
-57.2202383911636,-20.6049231965847
-57.2472383911636,-20.6049231965847
-57.2742383911636,-20.6049231965847
-57.3012383911636,-20.6049231965847
-57.3282383911636,-20.6049231965847
-57.3552383911636,-20.6049231965847
-57.3822383911636,-20.6049231965847
-57.4092383911636,-20.6049231965847
-57.4362383911636,-20.6049231965847
-57.4632383911636,-20.6049231965847
-57.4902383911636,-20.6049231965847
-57.9357383911636,-21.5168475215848
-57.9222383911636,-21.5402301965848
-57.9087383911636,-21.5636128715848
-57.8952383911636,-21.5869955465848
-57.8817383911636,-21.6103782215848
-57.8682383911636,-21.6337608965848
-57.8547383911636,-21.6571435715848
-57.8412383911636,-21.6805262465848
-57.8277383911636,-21.7039089215848
-57.8142383911636,-21.7272915965848
-57.8007383911636,-21.7506742715848
-57.7872383911636,-21.7740569465848
-57.7737383911636,-21.7974396215848
-57.7602383911636,-21.8208222965848
-57.7467383911636,-21.8442049715848
-57.7062383911636,-21.8675876465848
-57.6792383911636,-21.8675876465848
-57.6522383911636,-21.8675876465848
-57.6252383911636,-21.8675876465848
-57.5982383911636,-21.8675876465848
-57.5712383911636,-21.8675876465848
-57.5442383911636,-21.8675876465848
-57.5172383911636,-21.8675876465848
-57.4902383911636,-21.8675876465848
-57.4632383911636,-21.8675876465848
-57.4362383911636,-21.8675876465848
-57.4092383911636,-21.8675876465848
-57.3822383911636,-21.8675876465848
-57.3552383911636,-21.8675876465848
-57.3282383911636,-21.8675876465848
-57.3012383911636,-21.8675876465848
-57.2742383911636,-21.8675876465848
-57.2472383911636,-21.8675876465848
-57.2202383911636,-21.8675876465848
-57.1932383911636,-21.8675876465848
-56.7612383911636,-21.4466994965848
-56.7477383911636,-21.4233168215848
-56.7342383911636,-21.3999341465848
-56.7207383911636,-21.3765514715848
-56.7072383911636,-21.3531687965848
-56.6937383911636,-21.3297861215848
-56.6802383911636,-21.3064034465848
-56.9907383911636,-20.5815405215847
-57.7467383911636,-21.8909703215848
-56.8557383911636,-20.8153672715847
-56.8692383911636,-20.7919845965847
-56.8827383911636,-20.7686019215847
-56.8962383911636,-20.7452192465847
-56.9097383911636,-20.7218365715847
-56.9232383911636,-20.6984538965847
-56.9367383911636,-20.6750712215847
-56.9502383911636,-20.6516885465847
-56.9637383911636,-20.6283058715847
-56.9772383911636,-20.6049231965847
-57.0177383911636,-20.5815405215847
-57.0447383911636,-20.5815405215847
-57.0717383911636,-20.5815405215847
-57.0987383911636,-20.5815405215847
-57.1257383911636,-20.5815405215847
-57.1527383911636,-20.5815405215847
-57.1797383911636,-20.5815405215847
-57.2067383911636,-20.5815405215847
-57.2337383911636,-20.5815405215847
-57.2607383911636,-20.5815405215847
-57.2877383911636,-20.5815405215847
-57.3147383911636,-20.5815405215847
-57.3417383911636,-20.5815405215847
-57.3687383911636,-20.5815405215847
-57.3957383911636,-20.5815405215847
-57.4227383911636,-20.5815405215847
-57.4497383911636,-20.5815405215847
-57.9492383911636,-21.5402301965848
-57.9357383911636,-21.5636128715848
-57.9087383911636,-21.6103782215848
-57.8952383911636,-21.6337608965848
-57.8817383911636,-21.6571435715848
-57.8682383911636,-21.6805262465848
-57.8547383911636,-21.7039089215848
-57.8412383911636,-21.7272915965848
-57.8277383911636,-21.7506742715848
-57.8142383911636,-21.7740569465848
-57.8007383911636,-21.7974396215848
-57.7872383911636,-21.8208222965848
-57.7737383911636,-21.8442049715848
-57.7602383911636,-21.8675876465848
-57.7197383911636,-21.8909703215848
-57.6927383911636,-21.8909703215848
-57.6657383911636,-21.8909703215848
-57.6387383911636,-21.8909703215848
-57.6117383911636,-21.8909703215848
-57.5847383911636,-21.8909703215848
-57.5577383911636,-21.8909703215848
-57.5307383911636,-21.8909703215848
-57.5037383911636,-21.8909703215848
-57.4767383911636,-21.8909703215848
-57.4497383911636,-21.8909703215848
-57.4227383911636,-21.8909703215848
-57.3957383911636,-21.8909703215848
-57.3687383911636,-21.8909703215848
-57.3417383911636,-21.8909703215848
-57.3147383911636,-21.8909703215848
-57.2877383911636,-21.8909703215848
-57.2607383911636,-21.8909703215848
-57.2337383911636,-21.8909703215848
-56.7207383911636,-21.4233168215848
-56.7072383911636,-21.3999341465848
-56.6937383911636,-21.3765514715848
-56.6802383911636,-21.3531687965848
-56.6667383911636,-21.3297861215848
-56.9772383911636,-20.5581578465847
-57.7602383911636,-21.9143529965848
-56.8422383911636,-20.7919845965847
-56.8827383911636,-20.7218365715847
-56.8962383911636,-20.6984538965847
-56.9097383911636,-20.6750712215847
-56.9232383911636,-20.6516885465847
-56.9367383911636,-20.6283058715847
-56.9502383911636,-20.6049231965847
-56.9637383911636,-20.5815405215847
-57.0042383911636,-20.5581578465847
-57.0312383911636,-20.5581578465847
-57.0582383911636,-20.5581578465847
-57.0852383911636,-20.5581578465847
-57.1122383911636,-20.5581578465847
-57.1392383911636,-20.5581578465847
-57.1662383911636,-20.5581578465847
-57.1932383911636,-20.5581578465847
-57.2202383911636,-20.5581578465847
-57.2472383911636,-20.5581578465847
-57.2742383911636,-20.5581578465847
-57.3012383911636,-20.5581578465847
-57.3282383911636,-20.5581578465847
-57.3552383911636,-20.5581578465847
-57.3822383911636,-20.5581578465847
-57.4092383911636,-20.5581578465847
-57.4362383911636,-20.5581578465847
-57.9222383911636,-21.6337608965848
-57.9087383911636,-21.6571435715848
-57.8952383911636,-21.6805262465848
-57.8817383911636,-21.7039089215848
-57.8682383911636,-21.7272915965848
-57.8547383911636,-21.7506742715848
-57.8412383911636,-21.7740569465848
-57.8277383911636,-21.7974396215848
-57.8142383911636,-21.8208222965848
-57.8007383911636,-21.8442049715848
-57.7872383911636,-21.8675876465848
-57.7737383911636,-21.8909703215848
-57.7332383911636,-21.9143529965848
-57.7062383911636,-21.9143529965848
-57.6792383911636,-21.9143529965848
-57.6522383911636,-21.9143529965848
-57.6252383911636,-21.9143529965848
-57.5982383911636,-21.9143529965848
-57.5712383911636,-21.9143529965848
-57.5442383911636,-21.9143529965848
-57.5172383911636,-21.9143529965848
-57.4902383911636,-21.9143529965848
-57.4632383911636,-21.9143529965848
-57.4362383911636,-21.9143529965848
-57.4092383911636,-21.9143529965848
-57.3822383911636,-21.9143529965848
-57.3552383911636,-21.9143529965848
-57.3282383911636,-21.9143529965848
-57.3012383911636,-21.9143529965848
-57.2742383911636,-21.9143529965848
-57.2472383911636,-21.9143529965848
-56.6802383911636,-21.3999341465848
-56.6667383911636,-21.3765514715848
-56.6532383911636,-21.3531687965848
-56.9637383911636,-20.5347751715847
-57.7737383911636,-21.9377356715848
-56.8962383911636,-20.6516885465847
-56.9097383911636,-20.6283058715847
-56.9232383911636,-20.6049231965847
-56.9367383911636,-20.5815405215847
-56.9502383911636,-20.5581578465847
-56.9907383911636,-20.5347751715847
-57.0177383911636,-20.5347751715847
-57.0447383911636,-20.5347751715847
-57.0717383911636,-20.5347751715847
-57.0987383911636,-20.5347751715847
-57.1257383911636,-20.5347751715847
-57.1527383911636,-20.5347751715847
-57.1797383911636,-20.5347751715847
-57.2067383911636,-20.5347751715847
-57.2337383911636,-20.5347751715847
-57.2607383911636,-20.5347751715847
-57.2877383911636,-20.5347751715847
-57.3147383911636,-20.5347751715847
-57.3417383911636,-20.5347751715847
-57.3687383911636,-20.5347751715847
-57.3957383911636,-20.5347751715847
-57.4227383911636,-20.5347751715847
-57.8952383911636,-21.7272915965848
-57.8817383911636,-21.7506742715848
-57.8682383911636,-21.7740569465848
-57.8547383911636,-21.7974396215848
-57.8412383911636,-21.8208222965848
-57.8277383911636,-21.8442049715848
-57.8142383911636,-21.8675876465848
-57.8007383911636,-21.8909703215848
-57.7872383911636,-21.9143529965848
-57.7467383911636,-21.9377356715848
-57.7197383911636,-21.9377356715848
-57.6927383911636,-21.9377356715848
-57.6657383911636,-21.9377356715848
-57.6387383911636,-21.9377356715848
-57.6117383911636,-21.9377356715848
-57.5847383911636,-21.9377356715848
-57.5577383911636,-21.9377356715848
-57.5307383911636,-21.9377356715848
-57.5037383911636,-21.9377356715848
-57.4767383911636,-21.9377356715848
-57.4497383911636,-21.9377356715848
-57.4227383911636,-21.9377356715848
-57.3957383911636,-21.9377356715848
-57.3687383911636,-21.9377356715848
-57.3417383911636,-21.9377356715848
-57.3147383911636,-21.9377356715848
-57.2607383911636,-21.9377356715848
-56.6532383911636,-21.3999341465848
-56.9502383911636,-20.5113924965847
-57.7872383911636,-21.9611183465848
-56.8827383911636,-20.6283058715847
-56.8962383911636,-20.6049231965847
-56.9097383911636,-20.5815405215847
-56.9232383911636,-20.5581578465847
-56.9367383911636,-20.5347751715847
-56.9772383911636,-20.5113924965847
-57.0042383911636,-20.5113924965847
-57.0312383911636,-20.5113924965847
-57.0582383911636,-20.5113924965847
-57.0852383911636,-20.5113924965847
-57.1122383911636,-20.5113924965847
-57.1392383911636,-20.5113924965847
-57.1662383911636,-20.5113924965847
-57.1932383911636,-20.5113924965847
-57.2202383911636,-20.5113924965847
-57.2472383911636,-20.5113924965847
-57.2742383911636,-20.5113924965847
-57.3012383911636,-20.5113924965847
-57.3282383911636,-20.5113924965847
-57.3552383911636,-20.5113924965847
-57.3822383911636,-20.5113924965847
-57.4092383911636,-20.5113924965847
-57.4362383911636,-20.5113924965847
-57.9222383911636,-21.7272915965848
-57.9087383911636,-21.7506742715848
-57.8952383911636,-21.7740569465848
-57.8817383911636,-21.7974396215848
-57.8682383911636,-21.8208222965848
-57.8547383911636,-21.8442049715848
-57.8412383911636,-21.8675876465848
-57.8277383911636,-21.8909703215848
-57.8142383911636,-21.9143529965848
-57.8007383911636,-21.9377356715848
-57.7602383911636,-21.9611183465848
-57.7332383911636,-21.9611183465848
-57.7062383911636,-21.9611183465848
-57.6792383911636,-21.9611183465848
-57.6522383911636,-21.9611183465848
-57.6252383911636,-21.9611183465848
-57.5982383911636,-21.9611183465848
-57.5712383911636,-21.9611183465848
-57.5442383911636,-21.9611183465848
-57.5172383911636,-21.9611183465848
-57.4902383911636,-21.9611183465848
-57.4632383911636,-21.9611183465848
-57.4362383911636,-21.9611183465848
-57.4092383911636,-21.9611183465848
-57.3822383911636,-21.9611183465848
-57.3552383911636,-21.9611183465848
-56.9367383911636,-20.4880098215847
-57.8007383911636,-21.9845010215848
-56.8692383911636,-20.6049231965847
-56.8827383911636,-20.5815405215847
-56.8962383911636,-20.5581578465847
-56.9097383911636,-20.5347751715847
-56.9232383911636,-20.5113924965847
-56.9637383911636,-20.4880098215847
-56.9907383911636,-20.4880098215847
-57.0177383911636,-20.4880098215847
-57.0447383911636,-20.4880098215847
-57.0717383911636,-20.4880098215847
-57.0987383911636,-20.4880098215847
-57.1257383911636,-20.4880098215847
-57.1527383911636,-20.4880098215847
-57.1797383911636,-20.4880098215847
-57.2067383911636,-20.4880098215847
-57.2337383911636,-20.4880098215847
-57.2607383911636,-20.4880098215847
-57.2877383911636,-20.4880098215847
-57.3147383911636,-20.4880098215847
-57.3417383911636,-20.4880098215847
-57.3687383911636,-20.4880098215847
-57.3957383911636,-20.4880098215847
-57.4227383911636,-20.4880098215847
-57.9357383911636,-21.7506742715848
-57.9087383911636,-21.7974396215848
-57.8952383911636,-21.8208222965848
-57.8817383911636,-21.8442049715848
-57.8682383911636,-21.8675876465848
-57.8547383911636,-21.8909703215848
-57.8412383911636,-21.9143529965848
-57.8277383911636,-21.9377356715848
-57.8142383911636,-21.9611183465848
-57.7737383911636,-21.9845010215848
-57.7467383911636,-21.9845010215848
-57.7197383911636,-21.9845010215848
-57.6927383911636,-21.9845010215848
-57.6657383911636,-21.9845010215848
-57.6387383911636,-21.9845010215848
-57.6117383911636,-21.9845010215848
-57.5847383911636,-21.9845010215848
-57.5577383911636,-21.9845010215848
-57.5307383911636,-21.9845010215848
-57.5037383911636,-21.9845010215848
-57.4767383911636,-21.9845010215848
-57.4497383911636,-21.9845010215848
-57.4227383911636,-21.9845010215848
-57.3957383911636,-21.9845010215848
-56.9232383911636,-20.4646271465847
-57.8142383911636,-22.0078836965848
-56.9502383911636,-20.4646271465847
-56.9772383911636,-20.4646271465847
-57.0042383911636,-20.4646271465847
-57.0312383911636,-20.4646271465847
-57.0582383911636,-20.4646271465847
-57.0852383911636,-20.4646271465847
-57.1122383911636,-20.4646271465847
-57.1392383911636,-20.4646271465847
-57.1662383911636,-20.4646271465847
-57.1932383911636,-20.4646271465847
-57.2202383911636,-20.4646271465847
-57.2472383911636,-20.4646271465847
-57.2742383911636,-20.4646271465847
-57.3012383911636,-20.4646271465847
-57.3282383911636,-20.4646271465847
-57.3552383911636,-20.4646271465847
-57.3822383911636,-20.4646271465847
-57.4092383911636,-20.4646271465847
-57.9222383911636,-21.8208222965848
-57.9087383911636,-21.8442049715848
-57.8952383911636,-21.8675876465848
-57.8817383911636,-21.8909703215848
-57.8682383911636,-21.9143529965848
-57.8547383911636,-21.9377356715848
-57.8412383911636,-21.9611183465848
-57.8277383911636,-21.9845010215848
-57.7872383911636,-22.0078836965848
-57.7602383911636,-22.0078836965848
-57.7332383911636,-22.0078836965848
-57.7062383911636,-22.0078836965848
-57.6792383911636,-22.0078836965848
-57.6522383911636,-22.0078836965848
-57.6252383911636,-22.0078836965848
-57.5982383911636,-22.0078836965848
-57.5712383911636,-22.0078836965848
-57.5442383911636,-22.0078836965848
-57.5172383911636,-22.0078836965848
-57.4902383911636,-22.0078836965848
-57.4632383911636,-22.0078836965848
-57.4362383911636,-22.0078836965848
-57.4092383911636,-22.0078836965848
-57.8277383911636,-22.0312663715848
-56.9367383911636,-20.4412444715847
-56.9637383911636,-20.4412444715847
-56.9907383911636,-20.4412444715847
-57.0177383911636,-20.4412444715847
-57.0447383911636,-20.4412444715847
-57.0717383911636,-20.4412444715847
-57.0987383911636,-20.4412444715847
-57.1257383911636,-20.4412444715847
-57.1527383911636,-20.4412444715847
-57.1797383911636,-20.4412444715847
-57.2067383911636,-20.4412444715847
-57.2337383911636,-20.4412444715847
-57.2607383911636,-20.4412444715847
-57.2877383911636,-20.4412444715847
-57.3147383911636,-20.4412444715847
-57.3417383911636,-20.4412444715847
-57.3687383911636,-20.4412444715847
-57.3957383911636,-20.4412444715847
-57.4227383911636,-20.4412444715847
-57.9357383911636,-21.8442049715848
-57.9222383911636,-21.8675876465848
-57.9087383911636,-21.8909703215848
-57.8952383911636,-21.9143529965848
-57.8817383911636,-21.9377356715848
-57.8682383911636,-21.9611183465848
-57.8547383911636,-21.9845010215848
-57.8412383911636,-22.0078836965848
-57.8007383911636,-22.0312663715848
-57.7737383911636,-22.0312663715848
-57.7467383911636,-22.0312663715848
-57.7197383911636,-22.0312663715848
-57.6927383911636,-22.0312663715848
-57.6657383911636,-22.0312663715848
-57.6387383911636,-22.0312663715848
-57.6117383911636,-22.0312663715848
-57.5847383911636,-22.0312663715848
-57.5577383911636,-22.0312663715848
-57.5307383911636,-22.0312663715848
-57.5037383911636,-22.0312663715848
-57.4767383911636,-22.0312663715848
-57.4497383911636,-22.0312663715848
-57.4227383911636,-22.0312663715848
-57.8412383911636,-22.0546490465848
-56.9502383911636,-20.4178617965847
-56.9772383911636,-20.4178617965847
-57.0042383911636,-20.4178617965847
-57.0312383911636,-20.4178617965847
-57.0582383911636,-20.4178617965847
-57.0852383911636,-20.4178617965847
-57.1122383911636,-20.4178617965847
-57.1392383911636,-20.4178617965847
-57.1662383911636,-20.4178617965847
-57.1932383911636,-20.4178617965847
-57.2202383911636,-20.4178617965847
-57.2472383911636,-20.4178617965847
-57.2742383911636,-20.4178617965847
-57.3012383911636,-20.4178617965847
-57.3282383911636,-20.4178617965847
-57.3552383911636,-20.4178617965847
-57.3822383911636,-20.4178617965847
-57.4092383911636,-20.4178617965847
-57.9222383911636,-21.9143529965848
-57.9087383911636,-21.9377356715848
-57.8952383911636,-21.9611183465848
-57.8817383911636,-21.9845010215848
-57.8682383911636,-22.0078836965848
-57.8547383911636,-22.0312663715848
-57.8142383911636,-22.0546490465848
-57.7872383911636,-22.0546490465848
-57.7602383911636,-22.0546490465848
-57.7332383911636,-22.0546490465848
-57.7062383911636,-22.0546490465848
-57.6792383911636,-22.0546490465848
-57.6522383911636,-22.0546490465848
-57.6252383911636,-22.0546490465848
-57.5982383911636,-22.0546490465848
-57.5712383911636,-22.0546490465848
-57.5442383911636,-22.0546490465848
-57.5172383911636,-22.0546490465848
-57.4902383911636,-22.0546490465848
-57.4632383911636,-22.0546490465848
-57.4362383911636,-22.0546490465848
-57.8547383911636,-22.0780317215848
-56.9637383911636,-20.3944791215847
-56.9907383911636,-20.3944791215847
-57.0177383911636,-20.3944791215847
-57.0447383911636,-20.3944791215847
-57.0717383911636,-20.3944791215847
-57.0987383911636,-20.3944791215847
-57.1257383911636,-20.3944791215847
-57.1527383911636,-20.3944791215847
-57.1797383911636,-20.3944791215847
-57.2067383911636,-20.3944791215847
-57.2337383911636,-20.3944791215847
-57.2607383911636,-20.3944791215847
-57.2877383911636,-20.3944791215847
-57.3147383911636,-20.3944791215847
-57.3417383911636,-20.3944791215847
-57.3687383911636,-20.3944791215847
-57.3957383911636,-20.3944791215847
-57.9357383911636,-21.9377356715848
-57.9222383911636,-21.9611183465848
-57.9087383911636,-21.9845010215848
-57.8952383911636,-22.0078836965848
-57.8817383911636,-22.0312663715848
-57.8682383911636,-22.0546490465848
-57.8277383911636,-22.0780317215848
-57.8007383911636,-22.0780317215848
-57.7737383911636,-22.0780317215848
-57.7467383911636,-22.0780317215848
-57.7197383911636,-22.0780317215848
-57.6927383911636,-22.0780317215848
-57.6657383911636,-22.0780317215848
-57.6387383911636,-22.0780317215848
-57.6117383911636,-22.0780317215848
-57.5847383911636,-22.0780317215848
-57.5577383911636,-22.0780317215848
-57.5307383911636,-22.0780317215848
-57.5037383911636,-22.0780317215848
-57.4767383911636,-22.0780317215848
-57.8682383911636,-22.1014143965848
-57.0042383911636,-20.3710964465847
-57.0312383911636,-20.3710964465847
-57.0582383911636,-20.3710964465847
-57.0852383911636,-20.3710964465847
-57.1122383911636,-20.3710964465847
-57.1392383911636,-20.3710964465847
-57.1662383911636,-20.3710964465847
-57.1932383911636,-20.3710964465847
-57.2202383911636,-20.3710964465847
-57.2472383911636,-20.3710964465847
-57.2742383911636,-20.3710964465847
-57.3012383911636,-20.3710964465847
-57.3282383911636,-20.3710964465847
-57.3552383911636,-20.3710964465847
-57.3822383911636,-20.3710964465847
-57.4092383911636,-20.3710964465847
-57.9492383911636,-21.9611183465848
-57.9357383911636,-21.9845010215848
-57.9222383911636,-22.0078836965848
-57.9087383911636,-22.0312663715848
-57.8952383911636,-22.0546490465848
-57.8817383911636,-22.0780317215848
-57.8412383911636,-22.1014143965848
-57.8142383911636,-22.1014143965848
-57.7872383911636,-22.1014143965848
-57.7602383911636,-22.1014143965848
-57.7332383911636,-22.1014143965848
-57.6522383911636,-22.1014143965848
-57.5982383911636,-22.1014143965848
-57.5712383911636,-22.1014143965848
-57.5442383911636,-22.1014143965848
-57.5172383911636,-22.1014143965848
-57.4902383911636,-22.1014143965848
-57.4632383911636,-22.1014143965848
-57.8817383911636,-22.1247970715848
-56.9907383911636,-20.3477137715847
-57.0177383911636,-20.3477137715847
-57.0447383911636,-20.3477137715847
-57.0717383911636,-20.3477137715847
-57.0987383911636,-20.3477137715847
-57.1257383911636,-20.3477137715847
-57.1527383911636,-20.3477137715847
-57.1797383911636,-20.3477137715847
-57.2067383911636,-20.3477137715847
-57.2337383911636,-20.3477137715847
-57.2607383911636,-20.3477137715847
-57.2877383911636,-20.3477137715847
-57.3147383911636,-20.3477137715847
-57.3417383911636,-20.3477137715847
-57.3687383911636,-20.3477137715847
-57.3957383911636,-20.3477137715847
-57.9492383911636,-22.0078836965848
-57.9357383911636,-22.0312663715848
-57.9222383911636,-22.0546490465848
-57.9087383911636,-22.0780317215848
-57.8952383911636,-22.1014143965848
-57.8547383911636,-22.1247970715848
-57.8007383911636,-22.1247970715848
-57.7737383911636,-22.1247970715848
-57.7467383911636,-22.1247970715848
-57.5847383911636,-22.1247970715848
-57.5577383911636,-22.1247970715848
-57.5307383911636,-22.1247970715848
-57.5037383911636,-22.1247970715848
-57.4767383911636,-22.1247970715848
-56.9502383911636,-20.3243310965847
-56.9772383911636,-20.3243310965847
-57.0042383911636,-20.3243310965847
-57.0312383911636,-20.3243310965847
-57.0582383911636,-20.3243310965847
-57.0852383911636,-20.3243310965847
-57.1122383911636,-20.3243310965847
-57.1392383911636,-20.3243310965847
-57.1662383911636,-20.3243310965847
-57.1932383911636,-20.3243310965847
-57.2202383911636,-20.3243310965847
-57.2472383911636,-20.3243310965847
-57.2742383911636,-20.3243310965847
-57.3012383911636,-20.3243310965847
-57.3282383911636,-20.3243310965847
-57.9627383911636,-22.0312663715848
-57.9492383911636,-22.0546490465848
-57.9357383911636,-22.0780317215848
-57.9222383911636,-22.1014143965848
-57.5712383911636,-22.1481797465848
-57.5442383911636,-22.1481797465848
-57.5172383911636,-22.1481797465848
-56.9367383911636,-20.3009484215847
-56.9637383911636,-20.3009484215847
-56.9907383911636,-20.3009484215847
-57.0177383911636,-20.3009484215847
-57.0447383911636,-20.3009484215847
-57.0717383911636,-20.3009484215847
-57.0987383911636,-20.3009484215847
-57.1257383911636,-20.3009484215847
-57.1527383911636,-20.3009484215847
-57.1797383911636,-20.3009484215847
-57.2067383911636,-20.3009484215847
-57.9897383911636,-22.0312663715848
-57.9762383911636,-22.0546490465848
-57.9627383911636,-22.0780317215848
-57.5577383911636,-22.1715624215848
-57.5307383911636,-22.1715624215848
-56.9772383911636,-20.2775657465847
-57.0582383911636,-20.2775657465847
-57.0852383911636,-20.2775657465847
-57.1122383911636,-20.2775657465847
-56.9637383911636,-20.2541830715847
