-53.1776599653910,-22.3905821764908
-53.1506599653910,-22.3905821764908
-53.1641599653910,-22.3671995014908
-53.1911599653910,-22.3671995014908
-53.2046599653910,-22.3905821764908
-53.1911599653910,-22.4139648514908
-53.1641599653910,-22.4139648514908
-53.1236599653910,-22.3905821764908
-53.1506599653910,-22.3438168264908
-53.2046599653910,-22.3438168264908
-53.2316599653910,-22.3905821764908
-53.2046599653910,-22.4373475264908
-53.1506599653910,-22.4373475264908
-53.1371599653910,-22.3671995014908
-53.1776599653910,-22.3438168264908
-53.2181599653910,-22.3671995014908
-53.2181599653910,-22.4139648514908
-53.1776599653910,-22.4373475264908
-53.1371599653910,-22.4139648514908
-53.0966599653910,-22.3905821764908
-53.1371599653910,-22.3204341514908
-53.2181599653910,-22.3204341514908
-53.2586599653910,-22.3905821764908
-53.2181599653910,-22.4607302014908
-53.1371599653910,-22.4607302014908
-53.1101599653910,-22.3671995014908
-53.1236599653910,-22.3438168264908
-53.1641599653910,-22.3204341514908
-53.1911599653910,-22.3204341514908
-53.2316599653910,-22.3438168264908
-53.2451599653910,-22.3671995014908
-53.2451599653910,-22.4139648514908
-53.2316599653910,-22.4373475264908
-53.1911599653910,-22.4607302014908
-53.1641599653910,-22.4607302014908
-53.1236599653910,-22.4373475264908
-53.1101599653910,-22.4139648514908
-53.0696599653910,-22.3905821764908
-53.1236599653910,-22.2970514764908
-53.2316599653910,-22.2970514764908
-53.2856599653910,-22.3905821764908
-53.2316599653910,-22.4841128764908
-53.1236599653910,-22.4841128764908
-53.0831599653910,-22.3671995014908
-53.0966599653910,-22.3438168264908
-53.1101599653910,-22.3204341514908
-53.1506599653910,-22.2970514764908
-53.1776599653910,-22.2970514764908
-53.2046599653910,-22.2970514764908
-53.2451599653910,-22.3204341514908
-53.2586599653910,-22.3438168264908
-53.2721599653910,-22.3671995014908
-53.2721599653910,-22.4139648514908
-53.2586599653910,-22.4373475264908
-53.2451599653910,-22.4607302014908
-53.2046599653910,-22.4841128764908
-53.1776599653910,-22.4841128764908
-53.1506599653910,-22.4841128764908
-53.1101599653910,-22.4607302014908
-53.0966599653910,-22.4373475264908
-53.0831599653910,-22.4139648514908
-53.0426599653910,-22.3905821764908
-53.1101599653910,-22.2736688014908
-53.2451599653910,-22.2736688014908
-53.3126599653910,-22.3905821764908
-53.2451599653910,-22.5074955514908
-53.1101599653910,-22.5074955514908
-53.0561599653910,-22.3671995014908
-53.0696599653910,-22.3438168264908
-53.0831599653910,-22.3204341514908
-53.0966599653910,-22.2970514764908
-53.1371599653910,-22.2736688014908
-53.1641599653910,-22.2736688014908
-53.1911599653910,-22.2736688014908
-53.2181599653910,-22.2736688014908
-53.2586599653910,-22.2970514764908
-53.2721599653910,-22.3204341514908
-53.2856599653910,-22.3438168264908
-53.2991599653910,-22.3671995014908
-53.2991599653910,-22.4139648514908
-53.2856599653910,-22.4373475264908
-53.2721599653910,-22.4607302014908
-53.2586599653910,-22.4841128764908
-53.2181599653910,-22.5074955514908
-53.1911599653910,-22.5074955514908
-53.1641599653910,-22.5074955514908
-53.1371599653910,-22.5074955514908
-53.0966599653910,-22.4841128764908
-53.0831599653910,-22.4607302014908
-53.0696599653910,-22.4373475264908
-53.0561599653910,-22.4139648514908
-53.0156599653910,-22.3905821764908
-53.0966599653910,-22.2502861264908
-53.2586599653910,-22.2502861264908
-53.2586599653910,-22.5308782264908
-53.0966599653910,-22.5308782264908
-53.0291599653910,-22.3671995014908
-53.0426599653910,-22.3438168264908
-53.0561599653910,-22.3204341514908
-53.0696599653910,-22.2970514764908
-53.0831599653910,-22.2736688014908
-53.1236599653910,-22.2502861264908
-53.1506599653910,-22.2502861264908
-53.1776599653910,-22.2502861264908
-53.2046599653910,-22.2502861264908
-53.2316599653910,-22.2502861264908
-53.2721599653910,-22.2736688014908
-53.2856599653910,-22.2970514764908
-53.2991599653910,-22.3204341514908
-53.3126599653910,-22.3438168264908
-53.3261599653910,-22.3671995014908
-53.3261599653910,-22.4139648514908
-53.3126599653910,-22.4373475264908
-53.2991599653910,-22.4607302014908
-53.2856599653910,-22.4841128764908
-53.2721599653910,-22.5074955514908
-53.2316599653910,-22.5308782264908
-53.2046599653910,-22.5308782264908
-53.1776599653910,-22.5308782264908
-53.1506599653910,-22.5308782264908
-53.1236599653910,-22.5308782264908
-53.0831599653910,-22.5074955514908
-53.0696599653910,-22.4841128764908
-53.0561599653910,-22.4607302014908
-53.0426599653910,-22.4373475264908
-53.0291599653910,-22.4139648514908
-53.0831599653910,-22.2269034514908
-53.2721599653910,-22.2269034514908
-53.2721599653910,-22.5542609014908
-53.0831599653910,-22.5542609014908
-53.0021599653910,-22.3671995014908
-53.0156599653910,-22.3438168264908
-53.0561599653910,-22.2736688014908
-53.0696599653910,-22.2502861264908
-53.1101599653910,-22.2269034514908
-53.1371599653910,-22.2269034514908
-53.1641599653910,-22.2269034514908
-53.1911599653910,-22.2269034514908
-53.2181599653910,-22.2269034514908
-53.2451599653910,-22.2269034514908
-53.2856599653910,-22.2502861264908
-53.2991599653910,-22.2736688014908
-53.3126599653910,-22.2970514764908
-53.3261599653910,-22.3204341514908
-53.3396599653910,-22.3438168264908
-53.3261599653910,-22.4607302014908
-53.3126599653910,-22.4841128764908
-53.2991599653910,-22.5074955514908
-53.2856599653910,-22.5308782264908
-53.2451599653910,-22.5542609014908
-53.2181599653910,-22.5542609014908
-53.1911599653910,-22.5542609014908
-53.1641599653910,-22.5542609014908
-53.1371599653910,-22.5542609014908
-53.1101599653910,-22.5542609014908
-53.0696599653910,-22.5308782264908
-53.0561599653910,-22.5074955514908
-53.0426599653910,-22.4841128764908
-53.0291599653910,-22.4607302014908
-53.0156599653910,-22.4373475264908
-53.0021599653910,-22.4139648514908
-53.0966599653910,-22.2035207764908
-53.1236599653910,-22.2035207764908
-53.1506599653910,-22.2035207764908
-53.1776599653910,-22.2035207764908
-53.2046599653910,-22.2035207764908
-53.2316599653910,-22.2035207764908
-53.2586599653910,-22.2035207764908
-53.2586599653910,-22.5776435764908
-53.2316599653910,-22.5776435764908
-53.2046599653910,-22.5776435764908
-53.1776599653910,-22.5776435764908
-53.1506599653910,-22.5776435764908
-53.1236599653910,-22.5776435764908
-53.0966599653910,-22.5776435764908
-53.0291599653910,-22.5074955514908
-53.0156599653910,-22.4841128764908
-53.0021599653910,-22.4607302014908
-52.9886599653910,-22.4373475264908
-53.1101599653910,-22.1801381014908
-53.1371599653910,-22.1801381014908
-53.1641599653910,-22.1801381014908
-53.1911599653910,-22.1801381014908
-53.2181599653910,-22.1801381014908
-53.2451599653910,-22.1801381014908
-53.2721599653910,-22.6010262514909
-53.2451599653910,-22.6010262514909
-53.2181599653910,-22.6010262514909
-53.1911599653910,-22.6010262514909
-53.1641599653910,-22.6010262514909
-53.1371599653910,-22.6010262514909
-53.1101599653910,-22.6010262514909
-52.9886599653910,-22.4841128764908
-52.9751599653910,-22.4607302014908
-53.1236599653910,-22.1567554264908
-53.1506599653910,-22.1567554264908
-53.1776599653910,-22.1567554264908
-53.2046599653910,-22.1567554264908
-53.2316599653910,-22.1567554264908
-53.2586599653910,-22.6244089264909
-53.2316599653910,-22.6244089264909
-53.2046599653910,-22.6244089264909
-53.1776599653910,-22.6244089264909
-53.1506599653910,-22.6244089264909
-53.1236599653910,-22.6244089264909
-53.1371599653910,-22.1333727514908
-53.1641599653910,-22.1333727514908
-53.1911599653910,-22.1333727514908
-53.2181599653910,-22.1333727514908
-53.2721599653910,-22.6477916014909
-53.2451599653910,-22.6477916014909
-53.2181599653910,-22.6477916014909
-53.1911599653910,-22.6477916014909
-53.1641599653910,-22.6477916014909
-53.1371599653910,-22.6477916014909
-53.1236599653910,-22.1099900764908
-53.1506599653910,-22.1099900764908
-53.1776599653910,-22.1099900764908
-53.2046599653910,-22.1099900764908
-53.2586599653910,-22.6711742764909
-53.2316599653910,-22.6711742764909
-53.2046599653910,-22.6711742764909
-53.1776599653910,-22.6711742764909
-53.1506599653910,-22.6711742764909
-53.1101599653910,-22.0866074014908
-53.1371599653910,-22.0866074014908
-53.1641599653910,-22.0866074014908
-53.1911599653910,-22.0866074014908
-53.2721599653910,-22.6945569514909
-53.2451599653910,-22.6945569514909
-53.2181599653910,-22.6945569514909
-53.1911599653910,-22.6945569514909
-53.1236599653910,-22.0632247264908
-53.1506599653910,-22.0632247264908
-53.1776599653910,-22.0632247264908
-53.2856599653910,-22.7179396264909
-53.2586599653910,-22.7179396264909
-53.2316599653910,-22.7179396264909
-53.2046599653910,-22.7179396264909
-53.1371599653910,-22.0398420514908
-53.1641599653910,-22.0398420514908
-53.3261599653910,-22.7413223014909
-53.2991599653910,-22.7413223014909
-53.2721599653910,-22.7413223014909
-53.1236599653910,-22.0164593764908
-53.1506599653910,-22.0164593764908
-53.1371599653910,-21.9930767014908
