-53.8628647844577,-18.7437548467216
-53.8358647844577,-18.7437548467216
-53.8493647844577,-18.7203721717216
-53.8763647844577,-18.7203721717216
-53.8898647844577,-18.7437548467216
-53.8763647844577,-18.7671375217216
-53.8493647844577,-18.7671375217216
-53.8088647844577,-18.7437548467216
-53.8358647844577,-18.6969894967216
-53.8898647844577,-18.6969894967216
-53.9168647844577,-18.7437548467216
-53.8898647844577,-18.7905201967216
-53.8358647844577,-18.7905201967216
-53.8223647844577,-18.7203721717216
-53.8628647844577,-18.6969894967216
-53.9033647844577,-18.7203721717216
-53.9033647844577,-18.7671375217216
-53.8628647844577,-18.7905201967216
-53.8223647844577,-18.7671375217216
-53.7818647844577,-18.7437548467216
-53.8223647844577,-18.6736068217216
-53.9033647844577,-18.6736068217216
-53.9438647844577,-18.7437548467216
-53.9033647844577,-18.8139028717216
-53.8223647844577,-18.8139028717216
-53.7953647844577,-18.7203721717216
-53.8088647844577,-18.6969894967216
-53.8493647844577,-18.6736068217216
-53.8763647844577,-18.6736068217216
-53.9168647844577,-18.6969894967216
-53.9303647844577,-18.7203721717216
-53.9303647844577,-18.7671375217216
-53.9168647844577,-18.7905201967216
-53.8763647844577,-18.8139028717216
-53.8493647844577,-18.8139028717216
-53.8088647844577,-18.7905201967216
-53.7953647844577,-18.7671375217216
-53.7548647844577,-18.7437548467216
-53.8088647844577,-18.6502241467216
-53.9168647844577,-18.6502241467216
-53.9708647844577,-18.7437548467216
-53.9168647844577,-18.8372855467216
-53.8088647844577,-18.8372855467216
-53.7683647844577,-18.7203721717216
-53.7818647844577,-18.6969894967216
-53.7953647844577,-18.6736068217216
-53.8358647844577,-18.6502241467216
-53.8628647844577,-18.6502241467216
-53.8898647844577,-18.6502241467216
-53.9303647844577,-18.6736068217216
-53.9438647844577,-18.6969894967216
-53.9573647844577,-18.7203721717216
-53.9573647844577,-18.7671375217216
-53.9438647844577,-18.7905201967216
-53.9303647844577,-18.8139028717216
-53.8898647844577,-18.8372855467216
-53.8628647844577,-18.8372855467216
-53.8358647844577,-18.8372855467216
-53.7953647844577,-18.8139028717216
-53.7818647844577,-18.7905201967216
-53.7683647844577,-18.7671375217216
-53.7278647844577,-18.7437548467216
-53.7953647844577,-18.6268414717216
-53.9303647844577,-18.6268414717216
-53.9978647844577,-18.7437548467216
-53.9303647844577,-18.8606682217216
-53.7953647844577,-18.8606682217216
-53.7413647844577,-18.7203721717216
-53.7548647844577,-18.6969894967216
-53.7683647844577,-18.6736068217216
-53.7818647844577,-18.6502241467216
-53.8223647844577,-18.6268414717216
-53.8493647844577,-18.6268414717216
-53.8763647844577,-18.6268414717216
-53.9033647844577,-18.6268414717216
-53.9438647844577,-18.6502241467216
-53.9573647844577,-18.6736068217216
-53.9708647844577,-18.6969894967216
-53.9843647844577,-18.7203721717216
-53.9843647844577,-18.7671375217216
-53.9708647844577,-18.7905201967216
-53.9573647844577,-18.8139028717216
-53.9438647844577,-18.8372855467216
-53.9033647844577,-18.8606682217216
-53.8763647844577,-18.8606682217216
-53.8493647844577,-18.8606682217216
-53.8223647844577,-18.8606682217216
-53.7818647844577,-18.8372855467216
-53.7683647844577,-18.8139028717216
-53.7548647844577,-18.7905201967216
-53.7413647844577,-18.7671375217216
-53.7008647844577,-18.7437548467216
-53.7818647844577,-18.6034587967216
-53.9438647844577,-18.6034587967216
-54.0248647844577,-18.7437548467216
-53.9438647844577,-18.8840508967216
-53.7818647844577,-18.8840508967216
-53.7143647844577,-18.7203721717216
-53.7278647844577,-18.6969894967216
-53.7413647844577,-18.6736068217216
-53.7548647844577,-18.6502241467216
-53.7683647844577,-18.6268414717216
-53.8088647844577,-18.6034587967216
-53.8358647844577,-18.6034587967216
-53.8628647844577,-18.6034587967216
-53.8898647844577,-18.6034587967216
-53.9168647844577,-18.6034587967216
-53.9573647844577,-18.6268414717216
-53.9708647844577,-18.6502241467216
-53.9843647844577,-18.6736068217216
-53.9978647844577,-18.6969894967216
-54.0113647844577,-18.7203721717216
-54.0113647844577,-18.7671375217216
-53.9978647844577,-18.7905201967216
-53.9843647844577,-18.8139028717216
-53.9708647844577,-18.8372855467216
-53.9573647844577,-18.8606682217216
-53.9168647844577,-18.8840508967216
-53.8898647844577,-18.8840508967216
-53.8628647844577,-18.8840508967216
-53.8358647844577,-18.8840508967216
-53.8088647844577,-18.8840508967216
-53.7683647844577,-18.8606682217216
-53.7548647844577,-18.8372855467216
-53.7413647844577,-18.8139028717216
-53.7278647844577,-18.7905201967216
-53.7143647844577,-18.7671375217216
-53.6738647844577,-18.7437548467216
-53.7683647844577,-18.5800761217216
-53.9573647844577,-18.5800761217216
-54.0518647844577,-18.7437548467216
-53.9573647844577,-18.9074335717216
-53.7683647844577,-18.9074335717216
-53.6873647844577,-18.7203721717216
-53.7008647844577,-18.6969894967216
-53.7143647844577,-18.6736068217216
-53.7278647844577,-18.6502241467216
-53.7413647844577,-18.6268414717216
-53.7548647844577,-18.6034587967216
-53.7953647844577,-18.5800761217216
-53.8223647844577,-18.5800761217216
-53.8493647844577,-18.5800761217216
-53.8763647844577,-18.5800761217216
-53.9033647844577,-18.5800761217216
-53.9303647844577,-18.5800761217216
-53.9708647844577,-18.6034587967216
-53.9843647844577,-18.6268414717216
-53.9978647844577,-18.6502241467216
-54.0113647844577,-18.6736068217216
-54.0248647844577,-18.6969894967216
-54.0383647844577,-18.7203721717216
-54.0383647844577,-18.7671375217216
-54.0248647844577,-18.7905201967216
-54.0113647844577,-18.8139028717216
-53.9978647844577,-18.8372855467216
-53.9843647844577,-18.8606682217216
-53.9708647844577,-18.8840508967216
-53.9303647844577,-18.9074335717216
-53.9033647844577,-18.9074335717216
-53.8763647844577,-18.9074335717216
-53.8493647844577,-18.9074335717216
-53.8223647844577,-18.9074335717216
-53.7953647844577,-18.9074335717216
-53.7548647844577,-18.8840508967216
-53.7413647844577,-18.8606682217216
-53.7278647844577,-18.8372855467216
-53.7143647844577,-18.8139028717216
-53.7008647844577,-18.7905201967216
-53.6873647844577,-18.7671375217216
-53.6468647844577,-18.7437548467216
-53.7548647844577,-18.5566934467216
-53.9708647844577,-18.5566934467216
-54.0788647844577,-18.7437548467216
-53.9708647844577,-18.9308162467216
-53.7548647844577,-18.9308162467216
-53.6603647844577,-18.7203721717216
-53.6738647844577,-18.6969894967216
-53.6873647844577,-18.6736068217216
-53.7008647844577,-18.6502241467216
-53.7143647844577,-18.6268414717216
-53.7278647844577,-18.6034587967216
-53.7413647844577,-18.5800761217216
-53.7818647844577,-18.5566934467216
-53.8088647844577,-18.5566934467216
-53.8358647844577,-18.5566934467216
-53.8628647844577,-18.5566934467216
-53.8898647844577,-18.5566934467216
-53.9168647844577,-18.5566934467216
-53.9438647844577,-18.5566934467216
-53.9843647844577,-18.5800761217216
-53.9978647844577,-18.6034587967216
-54.0113647844577,-18.6268414717216
-54.0248647844577,-18.6502241467216
-54.0383647844577,-18.6736068217216
-54.0518647844577,-18.6969894967216
-54.0653647844577,-18.7203721717216
-54.0653647844577,-18.7671375217216
-54.0518647844577,-18.7905201967216
-54.0383647844577,-18.8139028717216
-54.0248647844577,-18.8372855467216
-54.0113647844577,-18.8606682217216
-53.9978647844577,-18.8840508967216
-53.9843647844577,-18.9074335717216
-53.9438647844577,-18.9308162467216
-53.9168647844577,-18.9308162467216
-53.8898647844577,-18.9308162467216
-53.8628647844577,-18.9308162467216
-53.8358647844577,-18.9308162467216
-53.8088647844577,-18.9308162467216
-53.7818647844577,-18.9308162467216
-53.7413647844577,-18.9074335717216
-53.7278647844577,-18.8840508967216
-53.7143647844577,-18.8606682217216
-53.7008647844577,-18.8372855467216
-53.6873647844577,-18.8139028717216
-53.6738647844577,-18.7905201967216
-53.6603647844577,-18.7671375217216
-53.6198647844577,-18.7437548467216
-53.7413647844577,-18.5333107717216
-54.1058647844577,-18.7437548467216
-53.9843647844577,-18.9541989217216
-53.7413647844577,-18.9541989217216
-53.6333647844577,-18.7203721717216
-53.6468647844577,-18.6969894967216
-53.6603647844577,-18.6736068217216
-53.6738647844577,-18.6502241467216
-53.6873647844577,-18.6268414717216
-53.7008647844577,-18.6034587967216
-53.7143647844577,-18.5800761217216
-53.7278647844577,-18.5566934467216
-53.7683647844577,-18.5333107717216
-53.7953647844577,-18.5333107717216
-53.8223647844577,-18.5333107717216
-53.8493647844577,-18.5333107717216
-53.8763647844577,-18.5333107717216
-53.9033647844577,-18.5333107717216
-53.9303647844577,-18.5333107717216
-53.9573647844577,-18.5333107717216
-53.9978647844577,-18.5566934467216
-54.0113647844577,-18.5800761217216
-54.0248647844577,-18.6034587967216
-54.0383647844577,-18.6268414717216
-54.0518647844577,-18.6502241467216
-54.0653647844577,-18.6736068217216
-54.0788647844577,-18.6969894967216
-54.0923647844577,-18.7203721717216
-54.0923647844577,-18.7671375217216
-54.0788647844577,-18.7905201967216
-54.0653647844577,-18.8139028717216
-54.0518647844577,-18.8372855467216
-54.0383647844577,-18.8606682217216
-54.0248647844577,-18.8840508967216
-54.0113647844577,-18.9074335717216
-53.9978647844577,-18.9308162467216
-53.9573647844577,-18.9541989217216
-53.9303647844577,-18.9541989217216
-53.9033647844577,-18.9541989217216
-53.8763647844577,-18.9541989217216
-53.8493647844577,-18.9541989217216
-53.8223647844577,-18.9541989217216
-53.7953647844577,-18.9541989217216
-53.7683647844577,-18.9541989217216
-53.7278647844577,-18.9308162467216
-53.7143647844577,-18.9074335717216
-53.7008647844577,-18.8840508967216
-53.6873647844577,-18.8606682217216
-53.6738647844577,-18.8372855467216
-53.6603647844577,-18.8139028717216
-53.6468647844577,-18.7905201967216
-53.6333647844577,-18.7671375217216
-53.5928647844577,-18.7437548467216
-53.7278647844577,-18.5099280967216
-54.1328647844577,-18.7437548467216
-53.9978647844577,-18.9775815967216
-53.7278647844577,-18.9775815967216
-53.6063647844577,-18.7203721717216
-53.6198647844577,-18.6969894967216
-53.6333647844577,-18.6736068217216
-53.6468647844577,-18.6502241467216
-53.6603647844577,-18.6268414717216
-53.6738647844577,-18.6034587967216
-53.6873647844577,-18.5800761217216
-53.7008647844577,-18.5566934467216
-53.7143647844577,-18.5333107717216
-53.7548647844577,-18.5099280967216
-53.7818647844577,-18.5099280967216
-53.8088647844577,-18.5099280967216
-53.8358647844577,-18.5099280967216
-53.8628647844577,-18.5099280967216
-53.8898647844577,-18.5099280967216
-54.0113647844577,-18.5333107717216
-54.0248647844577,-18.5566934467216
-54.0383647844577,-18.5800761217216
-54.0518647844577,-18.6034587967216
-54.0653647844577,-18.6268414717216
-54.0788647844577,-18.6502241467216
-54.0923647844577,-18.6736068217216
-54.1058647844577,-18.6969894967216
-54.1193647844577,-18.7203721717216
-54.1193647844577,-18.7671375217216
-54.1058647844577,-18.7905201967216
-54.0923647844577,-18.8139028717216
-54.0788647844577,-18.8372855467216
-54.0653647844577,-18.8606682217216
-54.0518647844577,-18.8840508967216
-54.0383647844577,-18.9074335717216
-54.0248647844577,-18.9308162467216
-54.0113647844577,-18.9541989217216
-53.9708647844577,-18.9775815967216
-53.9438647844577,-18.9775815967216
-53.9168647844577,-18.9775815967216
-53.8898647844577,-18.9775815967216
-53.8628647844577,-18.9775815967216
-53.8358647844577,-18.9775815967216
-53.8088647844577,-18.9775815967216
-53.7818647844577,-18.9775815967216
-53.7548647844577,-18.9775815967216
-53.7143647844577,-18.9541989217216
-53.7008647844577,-18.9308162467216
-53.6873647844577,-18.9074335717216
-53.6738647844577,-18.8840508967216
-53.6603647844577,-18.8606682217216
-53.6468647844577,-18.8372855467216
-53.6333647844577,-18.8139028717216
-53.6198647844577,-18.7905201967216
-53.6063647844577,-18.7671375217216
-53.5658647844577,-18.7437548467216
-53.7143647844577,-18.4865454217216
-54.1598647844577,-18.7437548467216
-54.0113647844577,-19.0009642717216
-53.5793647844577,-18.7203721717216
-53.5928647844577,-18.6969894967216
-53.6063647844577,-18.6736068217216
-53.6198647844577,-18.6502241467216
-53.6333647844577,-18.6268414717216
-53.6468647844577,-18.6034587967216
-53.6603647844577,-18.5800761217216
-53.6738647844577,-18.5566934467216
-53.6873647844577,-18.5333107717216
-53.7008647844577,-18.5099280967216
-53.7413647844577,-18.4865454217216
-53.7683647844577,-18.4865454217216
-53.7953647844577,-18.4865454217216
-53.8223647844577,-18.4865454217216
-53.8493647844577,-18.4865454217216
-54.0383647844577,-18.5333107717216
-54.0518647844577,-18.5566934467216
-54.0653647844577,-18.5800761217216
-54.0788647844577,-18.6034587967216
-54.0923647844577,-18.6268414717216
-54.1058647844577,-18.6502241467216
-54.1193647844577,-18.6736068217216
-54.1328647844577,-18.6969894967216
-54.1463647844577,-18.7203721717216
-54.1463647844577,-18.7671375217216
-54.1328647844577,-18.7905201967216
-54.1193647844577,-18.8139028717216
-54.1058647844577,-18.8372855467216
-54.0923647844577,-18.8606682217216
-54.0788647844577,-18.8840508967216
-54.0653647844577,-18.9074335717216
-54.0518647844577,-18.9308162467216
-54.0383647844577,-18.9541989217216
-54.0248647844577,-18.9775815967216
-53.9843647844577,-19.0009642717216
-53.9573647844577,-19.0009642717216
-53.9303647844577,-19.0009642717216
-53.9033647844577,-19.0009642717216
-53.8763647844577,-19.0009642717216
-53.8493647844577,-19.0009642717216
-53.7953647844577,-19.0009642717216
-53.7683647844577,-19.0009642717216
-53.7008647844577,-18.9775815967216
-53.6873647844577,-18.9541989217216
-53.6738647844577,-18.9308162467216
-53.6603647844577,-18.9074335717216
-53.6468647844577,-18.8840508967216
-53.6333647844577,-18.8606682217216
-53.6198647844577,-18.8372855467216
-53.6063647844577,-18.8139028717216
-53.5928647844577,-18.7905201967216
-53.5793647844577,-18.7671375217216
-53.5388647844577,-18.7437548467216
-53.7008647844577,-18.4631627467216
-54.1868647844577,-18.7437548467216
-54.0248647844577,-19.0243469467216
-53.5523647844577,-18.7203721717216
-53.5658647844577,-18.6969894967216
-53.5793647844577,-18.6736068217216
-53.5928647844577,-18.6502241467216
-53.6063647844577,-18.6268414717216
-53.6198647844577,-18.6034587967216
-53.6333647844577,-18.5800761217216
-53.6468647844577,-18.5566934467216
-53.6603647844577,-18.5333107717216
-53.6738647844577,-18.5099280967216
-53.6873647844577,-18.4865454217216
-53.7278647844577,-18.4631627467216
-53.7548647844577,-18.4631627467216
-53.8358647844577,-18.4631627467216
-54.0518647844577,-18.5099280967216
-54.0653647844577,-18.5333107717216
-54.0788647844577,-18.5566934467216
-54.0923647844577,-18.5800761217216
-54.1058647844577,-18.6034587967216
-54.1193647844577,-18.6268414717216
-54.1328647844577,-18.6502241467216
-54.1463647844577,-18.6736068217216
-54.1598647844577,-18.6969894967216
-54.1733647844577,-18.7203721717216
-54.1733647844577,-18.7671375217216
-54.1598647844577,-18.7905201967216
-54.1463647844577,-18.8139028717216
-54.1328647844577,-18.8372855467216
-54.1193647844577,-18.8606682217216
-54.1058647844577,-18.8840508967216
-54.0923647844577,-18.9074335717216
-54.0788647844577,-18.9308162467216
-54.0653647844577,-18.9541989217216
-54.0518647844577,-18.9775815967216
-54.0383647844577,-19.0009642717216
-53.9978647844577,-19.0243469467216
-53.6738647844577,-18.9775815967216
-53.6603647844577,-18.9541989217216
-53.6468647844577,-18.9308162467216
-53.6333647844577,-18.9074335717216
-53.6198647844577,-18.8840508967216
-53.6063647844577,-18.8606682217216
-53.5928647844577,-18.8372855467216
-53.5793647844577,-18.8139028717216
-53.5658647844577,-18.7905201967216
-53.5523647844577,-18.7671375217216
-53.5118647844577,-18.7437548467216
-54.2138647844577,-18.7437548467216
-54.0383647844577,-19.0477296217216
-53.5253647844577,-18.7203721717216
-53.5388647844577,-18.6969894967216
-53.5523647844577,-18.6736068217216
-53.5658647844577,-18.6502241467216
-53.5793647844577,-18.6268414717216
-53.5928647844577,-18.6034587967216
-53.6063647844577,-18.5800761217216
-53.6198647844577,-18.5566934467216
-53.6333647844577,-18.5333107717216
-53.6468647844577,-18.5099280967216
-53.6603647844577,-18.4865454217216
-53.6738647844577,-18.4631627467216
-54.0923647844577,-18.5333107717216
-54.1058647844577,-18.5566934467216
-54.1193647844577,-18.5800761217216
-54.1328647844577,-18.6034587967216
-54.1463647844577,-18.6268414717216
-54.1598647844577,-18.6502241467216
-54.1733647844577,-18.6736068217216
-54.1868647844577,-18.6969894967216
-54.2003647844577,-18.7203721717216
-54.2003647844577,-18.7671375217216
-54.1868647844577,-18.7905201967216
-54.1733647844577,-18.8139028717216
-54.1598647844577,-18.8372855467216
-54.1463647844577,-18.8606682217216
-54.1328647844577,-18.8840508967216
-54.1193647844577,-18.9074335717216
-54.1058647844577,-18.9308162467216
-54.0923647844577,-18.9541989217216
-54.0788647844577,-18.9775815967216
-54.0653647844577,-19.0009642717216
-54.0518647844577,-19.0243469467216
-54.0113647844577,-19.0477296217216
-53.6468647844577,-18.9775815967216
-53.6333647844577,-18.9541989217216
-53.6198647844577,-18.9308162467216
-53.6063647844577,-18.9074335717216
-53.5928647844577,-18.8840508967216
-53.5793647844577,-18.8606682217216
-53.5658647844577,-18.8372855467216
-53.5523647844577,-18.8139028717216
-53.5388647844577,-18.7905201967216
-53.5253647844577,-18.7671375217216
-53.4848647844577,-18.7437548467216
-54.2408647844577,-18.7437548467216
-54.0518647844577,-19.0711122967216
-53.4983647844577,-18.7203721717216
-53.5118647844577,-18.6969894967216
-53.5253647844577,-18.6736068217216
-53.5388647844577,-18.6502241467216
-53.5523647844577,-18.6268414717216
-53.5658647844577,-18.6034587967216
-53.5793647844577,-18.5800761217216
-53.5928647844577,-18.5566934467216
-53.6063647844577,-18.5333107717216
-53.6198647844577,-18.5099280967216
-53.6333647844577,-18.4865454217216
-53.6468647844577,-18.4631627467216
-54.1193647844577,-18.5333107717216
-54.1328647844577,-18.5566934467216
-54.1463647844577,-18.5800761217216
-54.1598647844577,-18.6034587967216
-54.1733647844577,-18.6268414717216
-54.1868647844577,-18.6502241467216
-54.2003647844577,-18.6736068217216
-54.2138647844577,-18.6969894967216
-54.2273647844577,-18.7203721717216
-54.2273647844577,-18.7671375217216
-54.2138647844577,-18.7905201967216
-54.2003647844577,-18.8139028717216
-54.1868647844577,-18.8372855467216
-54.1733647844577,-18.8606682217216
-54.1598647844577,-18.8840508967216
-54.1463647844577,-18.9074335717216
-54.1328647844577,-18.9308162467216
-54.1193647844577,-18.9541989217216
-54.1058647844577,-18.9775815967216
-54.0923647844577,-19.0009642717216
-54.0788647844577,-19.0243469467216
-54.0653647844577,-19.0477296217216
-54.0248647844577,-19.0711122967216
-53.9978647844577,-19.0711122967216
-53.6063647844577,-18.9541989217216
-53.5928647844577,-18.9308162467216
-53.5793647844577,-18.9074335717216
-53.5658647844577,-18.8840508967216
-53.5523647844577,-18.8606682217216
-53.5388647844577,-18.8372855467216
-53.5253647844577,-18.8139028717216
-53.5118647844577,-18.7905201967216
-53.4983647844577,-18.7671375217216
-53.4578647844577,-18.7437548467216
-54.2678647844577,-18.7437548467216
-53.4713647844577,-18.7203721717216
-53.4848647844577,-18.6969894967216
-53.4983647844577,-18.6736068217216
-53.5118647844577,-18.6502241467216
-53.5253647844577,-18.6268414717216
-53.5388647844577,-18.6034587967216
-53.5523647844577,-18.5800761217216
-53.5658647844577,-18.5566934467216
-53.5793647844577,-18.5333107717216
-53.5928647844577,-18.5099280967216
-53.6063647844577,-18.4865454217216
-53.6198647844577,-18.4631627467216
-54.1598647844577,-18.5566934467216
-54.1733647844577,-18.5800761217216
-54.1868647844577,-18.6034587967216
-54.2003647844577,-18.6268414717216
-54.2138647844577,-18.6502241467216
-54.2273647844577,-18.6736068217216
-54.2408647844577,-18.6969894967216
-54.2543647844577,-18.7203721717216
-54.2543647844577,-18.7671375217216
-54.2408647844577,-18.7905201967216
-54.2273647844577,-18.8139028717216
-54.2138647844577,-18.8372855467216
-54.2003647844577,-18.8606682217216
-54.1868647844577,-18.8840508967216
-54.1733647844577,-18.9074335717216
-54.1598647844577,-18.9308162467216
-54.1463647844577,-18.9541989217216
-54.1328647844577,-18.9775815967216
-54.1193647844577,-19.0009642717216
-54.1058647844577,-19.0243469467216
-54.0923647844577,-19.0477296217216
-54.0383647844577,-19.0944949717216
-53.5658647844577,-18.9308162467216
-53.5523647844577,-18.9074335717216
-53.5388647844577,-18.8840508967216
-53.5253647844577,-18.8606682217216
-53.5118647844577,-18.8372855467216
-53.4983647844577,-18.8139028717216
-53.4848647844577,-18.7905201967216
-53.4713647844577,-18.7671375217216
-53.4308647844577,-18.7437548467216
-53.4443647844577,-18.7203721717216
-53.4578647844577,-18.6969894967216
-53.4713647844577,-18.6736068217216
-53.4848647844577,-18.6502241467216
-53.4983647844577,-18.6268414717216
-53.5118647844577,-18.6034587967216
-53.5253647844577,-18.5800761217216
-53.5388647844577,-18.5566934467216
-53.5523647844577,-18.5333107717216
-53.5658647844577,-18.5099280967216
-53.5793647844577,-18.4865454217216
-53.5928647844577,-18.4631627467216
-54.2003647844577,-18.5800761217216
-54.2138647844577,-18.6034587967216
-54.2273647844577,-18.6268414717216
-54.2408647844577,-18.6502241467216
-54.2543647844577,-18.6736068217216
-54.2678647844577,-18.6969894967216
-54.2813647844577,-18.7203721717216
-54.2543647844577,-18.8139028717216
-54.2408647844577,-18.8372855467216
-54.2273647844577,-18.8606682217216
-54.2138647844577,-18.8840508967216
-54.2003647844577,-18.9074335717216
-54.1868647844577,-18.9308162467216
-54.1733647844577,-18.9541989217216
-54.1598647844577,-18.9775815967216
-54.1463647844577,-19.0009642717216
-53.5253647844577,-18.9074335717216
-53.5118647844577,-18.8840508967216
-53.4983647844577,-18.8606682217216
-53.4713647844577,-18.8139028717216
-53.4578647844577,-18.7905201967216
-53.4443647844577,-18.7671375217216
-53.4038647844577,-18.7437548467216
-53.4173647844577,-18.7203721717216
-53.4308647844577,-18.6969894967216
-53.4443647844577,-18.6736068217216
-53.4578647844577,-18.6502241467216
-53.4713647844577,-18.6268414717216
-53.4848647844577,-18.6034587967216
-53.4983647844577,-18.5800761217216
-53.5118647844577,-18.5566934467216
-53.5253647844577,-18.5333107717216
-53.5388647844577,-18.5099280967216
-53.5523647844577,-18.4865454217216
-53.5658647844577,-18.4631627467216
-53.5793647844577,-18.4397800717216
-54.2273647844577,-18.5800761217216
-54.2408647844577,-18.6034587967216
-54.2543647844577,-18.6268414717216
-54.2678647844577,-18.6502241467216
-54.2813647844577,-18.6736068217216
-54.2948647844577,-18.6969894967216
-54.3083647844577,-18.7203721717216
-54.2003647844577,-18.9541989217216
-54.1868647844577,-18.9775815967216
-54.1733647844577,-19.0009642717216
-53.4443647844577,-18.8139028717216
-53.4308647844577,-18.7905201967216
-53.4173647844577,-18.7671375217216
-53.3768647844577,-18.7437548467216
-53.3903647844577,-18.7203721717216
-53.4038647844577,-18.6969894967216
-53.4173647844577,-18.6736068217216
-53.4848647844577,-18.5566934467216
-53.4983647844577,-18.5333107717216
-54.2678647844577,-18.6034587967216
-54.2813647844577,-18.6268414717216
-54.2948647844577,-18.6502241467216
-54.3083647844577,-18.6736068217216
-54.3218647844577,-18.6969894967216
-54.3353647844577,-18.7203721717216
-53.4038647844577,-18.7905201967216
-53.3903647844577,-18.7671375217216
-53.3768647844577,-18.6969894967216
-53.3903647844577,-18.6736068217216
-54.2813647844577,-18.5800761217216
-54.2948647844577,-18.6034587967216
-54.3083647844577,-18.6268414717216
-54.3218647844577,-18.6502241467216
-54.3353647844577,-18.6736068217216
-54.3488647844577,-18.6969894967216
-53.3633647844577,-18.7671375217216
-54.3083647844577,-18.5800761217216
-54.3218647844577,-18.6034587967216
-54.3353647844577,-18.6268414717216
-54.3488647844577,-18.6502241467216
-54.3623647844577,-18.6736068217216
-54.3758647844577,-18.6969894967216
