-55.9002026991576,-21.1010003131801
-55.8732026991576,-21.1010003131801
-55.8867026991576,-21.0776176381801
-55.9137026991576,-21.0776176381801
-55.9272026991576,-21.1010003131801
-55.9137026991576,-21.1243829881801
-55.8867026991576,-21.1243829881801
-55.8462026991576,-21.1010003131801
-55.8732026991576,-21.0542349631801
-55.9272026991576,-21.0542349631801
-55.9542026991576,-21.1010003131801
-55.9272026991576,-21.1477656631801
-55.8732026991576,-21.1477656631801
-55.8597026991576,-21.0776176381801
-55.9002026991576,-21.0542349631801
-55.9407026991576,-21.0776176381801
-55.9407026991576,-21.1243829881801
-55.9002026991576,-21.1477656631801
-55.8597026991576,-21.1243829881801
-55.8192026991576,-21.1010003131801
-55.8597026991576,-21.0308522881801
-55.9407026991576,-21.0308522881801
-55.9812026991576,-21.1010003131801
-55.9407026991576,-21.1711483381801
-55.8597026991576,-21.1711483381801
-55.8327026991576,-21.0776176381801
-55.8462026991576,-21.0542349631801
-55.8867026991576,-21.0308522881801
-55.9137026991576,-21.0308522881801
-55.9542026991576,-21.0542349631801
-55.9677026991576,-21.0776176381801
-55.9677026991576,-21.1243829881801
-55.9542026991576,-21.1477656631801
-55.9137026991576,-21.1711483381801
-55.8867026991576,-21.1711483381801
-55.8462026991576,-21.1477656631801
-55.8327026991576,-21.1243829881801
-55.7922026991576,-21.1010003131801
-55.8462026991576,-21.0074696131801
-55.9542026991576,-21.0074696131801
-56.0082026991576,-21.1010003131801
-55.9542026991576,-21.1945310131801
-55.8462026991576,-21.1945310131801
-55.8057026991576,-21.0776176381801
-55.8192026991576,-21.0542349631801
-55.8327026991576,-21.0308522881801
-55.8732026991576,-21.0074696131801
-55.9002026991576,-21.0074696131801
-55.9272026991576,-21.0074696131801
-55.9677026991576,-21.0308522881801
-55.9812026991576,-21.0542349631801
-55.9947026991576,-21.0776176381801
-55.9947026991576,-21.1243829881801
-55.9812026991576,-21.1477656631801
-55.9677026991576,-21.1711483381801
-55.9272026991576,-21.1945310131801
-55.9002026991576,-21.1945310131801
-55.8732026991576,-21.1945310131801
-55.8327026991576,-21.1711483381801
-55.8192026991576,-21.1477656631801
-55.8057026991576,-21.1243829881801
-55.7652026991576,-21.1010003131801
-55.8327026991576,-20.9840869381801
-55.9677026991576,-20.9840869381801
-56.0352026991576,-21.1010003131801
-55.9677026991576,-21.2179136881801
-55.8327026991576,-21.2179136881801
-55.7787026991576,-21.0776176381801
-55.7922026991576,-21.0542349631801
-55.8057026991576,-21.0308522881801
-55.8192026991576,-21.0074696131801
-55.8597026991576,-20.9840869381801
-55.8867026991576,-20.9840869381801
-55.9137026991576,-20.9840869381801
-55.9407026991576,-20.9840869381801
-55.9812026991576,-21.0074696131801
-55.9947026991576,-21.0308522881801
-56.0082026991576,-21.0542349631801
-56.0217026991576,-21.0776176381801
-56.0217026991576,-21.1243829881801
-56.0082026991576,-21.1477656631801
-55.9947026991576,-21.1711483381801
-55.9812026991576,-21.1945310131801
-55.9407026991576,-21.2179136881801
-55.9137026991576,-21.2179136881801
-55.8867026991576,-21.2179136881801
-55.8597026991576,-21.2179136881801
-55.8192026991576,-21.1945310131801
-55.8057026991576,-21.1711483381801
-55.7922026991576,-21.1477656631801
-55.7787026991576,-21.1243829881801
-55.7382026991576,-21.1010003131801
-55.8192026991576,-20.9607042631801
-55.9812026991576,-20.9607042631801
-56.0622026991576,-21.1010003131801
-55.9812026991576,-21.2412963631801
-55.8192026991576,-21.2412963631801
-55.7517026991576,-21.0776176381801
-55.7652026991576,-21.0542349631801
-55.7787026991576,-21.0308522881801
-55.7922026991576,-21.0074696131801
-55.8057026991576,-20.9840869381801
-55.8462026991576,-20.9607042631801
-55.8732026991576,-20.9607042631801
-55.9002026991576,-20.9607042631801
-55.9272026991576,-20.9607042631801
-55.9542026991576,-20.9607042631801
-55.9947026991576,-20.9840869381801
-56.0082026991576,-21.0074696131801
-56.0217026991576,-21.0308522881801
-56.0352026991576,-21.0542349631801
-56.0487026991576,-21.0776176381801
-56.0487026991576,-21.1243829881801
-56.0352026991576,-21.1477656631801
-56.0217026991576,-21.1711483381801
-56.0082026991576,-21.1945310131801
-55.9947026991576,-21.2179136881801
-55.9542026991576,-21.2412963631801
-55.9272026991576,-21.2412963631801
-55.9002026991576,-21.2412963631801
-55.8732026991576,-21.2412963631801
-55.8462026991576,-21.2412963631801
-55.8057026991576,-21.2179136881801
-55.7922026991576,-21.1945310131801
-55.7787026991576,-21.1711483381801
-55.7652026991576,-21.1477656631801
-55.7517026991576,-21.1243829881801
-55.7112026991576,-21.1010003131801
-55.8057026991576,-20.9373215881801
-55.9947026991576,-20.9373215881801
-56.0892026991576,-21.1010003131801
-55.9947026991576,-21.2646790381801
-55.8057026991576,-21.2646790381801
-55.7247026991576,-21.0776176381801
-55.7382026991576,-21.0542349631801
-55.7517026991576,-21.0308522881801
-55.7652026991576,-21.0074696131801
-55.7787026991576,-20.9840869381801
-55.7922026991576,-20.9607042631801
-55.8327026991576,-20.9373215881801
-55.8597026991576,-20.9373215881801
-55.8867026991576,-20.9373215881801
-55.9137026991576,-20.9373215881801
-55.9407026991576,-20.9373215881801
-55.9677026991576,-20.9373215881801
-56.0082026991576,-20.9607042631801
-56.0217026991576,-20.9840869381801
-56.0352026991576,-21.0074696131801
-56.0487026991576,-21.0308522881801
-56.0622026991576,-21.0542349631801
-56.0757026991576,-21.0776176381801
-56.0757026991576,-21.1243829881801
-56.0622026991576,-21.1477656631801
-56.0487026991576,-21.1711483381801
-56.0352026991576,-21.1945310131801
-56.0217026991576,-21.2179136881801
-56.0082026991576,-21.2412963631801
-55.9677026991576,-21.2646790381801
-55.9407026991576,-21.2646790381801
-55.9137026991576,-21.2646790381801
-55.8867026991576,-21.2646790381801
-55.8597026991576,-21.2646790381801
-55.8327026991576,-21.2646790381801
-55.7922026991576,-21.2412963631801
-55.7787026991576,-21.2179136881801
-55.7652026991576,-21.1945310131801
-55.7517026991576,-21.1711483381801
-55.7382026991576,-21.1477656631801
-55.7247026991576,-21.1243829881801
-55.6842026991576,-21.1010003131801
-55.7922026991576,-20.9139389131801
-56.0082026991576,-20.9139389131801
-56.1162026991576,-21.1010003131801
-56.0082026991576,-21.2880617131801
-55.7922026991576,-21.2880617131801
-55.6977026991576,-21.0776176381801
-55.7112026991576,-21.0542349631801
-55.7247026991576,-21.0308522881801
-55.7382026991576,-21.0074696131801
-55.7517026991576,-20.9840869381801
-55.7652026991576,-20.9607042631801
-55.7787026991576,-20.9373215881801
-55.8192026991576,-20.9139389131801
-55.8462026991576,-20.9139389131801
-55.8732026991576,-20.9139389131801
-55.9002026991576,-20.9139389131801
-55.9272026991576,-20.9139389131801
-55.9542026991576,-20.9139389131801
-55.9812026991576,-20.9139389131801
-56.0217026991576,-20.9373215881801
-56.0352026991576,-20.9607042631801
-56.0487026991576,-20.9840869381801
-56.0622026991576,-21.0074696131801
-56.0757026991576,-21.0308522881801
-56.0892026991576,-21.0542349631801
-56.1027026991576,-21.0776176381801
-56.1027026991576,-21.1243829881801
-56.0892026991576,-21.1477656631801
-56.0757026991576,-21.1711483381801
-56.0622026991576,-21.1945310131801
-56.0487026991576,-21.2179136881801
-56.0352026991576,-21.2412963631801
-56.0217026991576,-21.2646790381801
-55.9812026991576,-21.2880617131801
-55.9542026991576,-21.2880617131801
-55.9272026991576,-21.2880617131801
-55.9002026991576,-21.2880617131801
-55.8732026991576,-21.2880617131801
-55.8462026991576,-21.2880617131801
-55.8192026991576,-21.2880617131801
-55.7787026991576,-21.2646790381801
-55.7652026991576,-21.2412963631801
-55.7517026991576,-21.2179136881801
-55.7382026991576,-21.1945310131801
-55.7247026991576,-21.1711483381801
-55.7112026991576,-21.1477656631801
-55.6977026991576,-21.1243829881801
-55.6572026991576,-21.1010003131801
-55.7787026991576,-20.8905562381801
-56.0217026991576,-20.8905562381801
-56.1432026991576,-21.1010003131801
-56.0217026991576,-21.3114443881801
-55.7787026991576,-21.3114443881801
-55.6707026991576,-21.0776176381801
-55.6842026991576,-21.0542349631801
-55.6977026991576,-21.0308522881801
-55.7112026991576,-21.0074696131801
-55.7247026991576,-20.9840869381801
-55.7382026991576,-20.9607042631801
-55.7517026991576,-20.9373215881801
-55.7652026991576,-20.9139389131801
-55.8057026991576,-20.8905562381801
-55.8327026991576,-20.8905562381801
-55.8597026991576,-20.8905562381801
-55.8867026991576,-20.8905562381801
-55.9137026991576,-20.8905562381801
-55.9407026991576,-20.8905562381801
-55.9677026991576,-20.8905562381801
-55.9947026991576,-20.8905562381801
-56.0352026991576,-20.9139389131801
-56.0487026991576,-20.9373215881801
-56.0622026991576,-20.9607042631801
-56.0757026991576,-20.9840869381801
-56.0892026991576,-21.0074696131801
-56.1027026991576,-21.0308522881801
-56.1162026991576,-21.0542349631801
-56.1297026991576,-21.0776176381801
-56.1297026991576,-21.1243829881801
-56.1162026991576,-21.1477656631801
-56.1027026991576,-21.1711483381801
-56.0892026991576,-21.1945310131801
-56.0757026991576,-21.2179136881801
-56.0622026991576,-21.2412963631801
-56.0487026991576,-21.2646790381801
-56.0352026991576,-21.2880617131801
-55.9947026991576,-21.3114443881801
-55.9677026991576,-21.3114443881801
-55.9407026991576,-21.3114443881801
-55.9137026991576,-21.3114443881801
-55.8867026991576,-21.3114443881801
-55.8597026991576,-21.3114443881801
-55.8327026991576,-21.3114443881801
-55.8057026991576,-21.3114443881801
-55.7652026991576,-21.2880617131801
-55.7517026991576,-21.2646790381801
-55.7382026991576,-21.2412963631801
-55.7247026991576,-21.2179136881801
-55.7112026991576,-21.1945310131801
-55.6977026991576,-21.1711483381801
-55.6842026991576,-21.1477656631801
-55.6707026991576,-21.1243829881801
-55.7652026991576,-20.8671735631801
-56.0352026991576,-20.8671735631801
-56.1702026991576,-21.1010003131801
-56.0352026991576,-21.3348270631801
-55.7652026991576,-21.3348270631801
-55.6437026991576,-21.0776176381801
-55.6572026991576,-21.0542349631801
-55.6707026991576,-21.0308522881801
-55.6842026991576,-21.0074696131801
-55.6977026991576,-20.9840869381801
-55.7112026991576,-20.9607042631801
-55.7247026991576,-20.9373215881801
-55.7382026991576,-20.9139389131801
-55.7517026991576,-20.8905562381801
-55.7922026991576,-20.8671735631801
-55.8192026991576,-20.8671735631801
-55.8462026991576,-20.8671735631801
-55.8732026991576,-20.8671735631801
-55.9002026991576,-20.8671735631801
-55.9272026991576,-20.8671735631801
-55.9542026991576,-20.8671735631801
-55.9812026991576,-20.8671735631801
-56.0082026991576,-20.8671735631801
-56.0487026991576,-20.8905562381801
-56.0622026991576,-20.9139389131801
-56.0757026991576,-20.9373215881801
-56.0892026991576,-20.9607042631801
-56.1027026991576,-20.9840869381801
-56.1162026991576,-21.0074696131801
-56.1297026991576,-21.0308522881801
-56.1432026991576,-21.0542349631801
-56.1567026991576,-21.0776176381801
-56.1567026991576,-21.1243829881801
-56.1432026991576,-21.1477656631801
-56.1297026991576,-21.1711483381801
-56.1162026991576,-21.1945310131801
-56.1027026991576,-21.2179136881801
-56.0892026991576,-21.2412963631801
-56.0757026991576,-21.2646790381801
-56.0622026991576,-21.2880617131801
-56.0487026991576,-21.3114443881801
-56.0082026991576,-21.3348270631801
-55.9812026991576,-21.3348270631801
-55.9542026991576,-21.3348270631801
-55.9272026991576,-21.3348270631801
-55.9002026991576,-21.3348270631801
-55.8732026991576,-21.3348270631801
-55.8462026991576,-21.3348270631801
-55.8192026991576,-21.3348270631801
-55.7922026991576,-21.3348270631801
-55.7517026991576,-21.3114443881801
-55.7382026991576,-21.2880617131801
-55.7247026991576,-21.2646790381801
-55.7112026991576,-21.2412963631801
-55.6977026991576,-21.2179136881801
-55.6842026991576,-21.1945310131801
-55.6707026991576,-21.1711483381801
-55.6572026991576,-21.1477656631801
-55.7517026991576,-20.8437908881801
-56.0487026991576,-20.8437908881801
-56.1972026991576,-21.1010003131801
-55.7517026991576,-21.3582097381801
-55.6167026991576,-21.0776176381801
-55.6302026991576,-21.0542349631801
-55.6437026991576,-21.0308522881801
-55.6572026991576,-21.0074696131801
-55.6707026991576,-20.9840869381801
-55.6842026991576,-20.9607042631801
-55.6977026991576,-20.9373215881801
-55.7112026991576,-20.9139389131801
-55.7247026991576,-20.8905562381801
-55.7382026991576,-20.8671735631801
-55.7787026991576,-20.8437908881801
-55.8057026991576,-20.8437908881801
-55.8327026991576,-20.8437908881801
-55.8597026991576,-20.8437908881801
-55.8867026991576,-20.8437908881801
-55.9137026991576,-20.8437908881801
-55.9407026991576,-20.8437908881801
-55.9677026991576,-20.8437908881801
-55.9947026991576,-20.8437908881801
-56.0217026991576,-20.8437908881801
-56.0622026991576,-20.8671735631801
-56.0757026991576,-20.8905562381801
-56.0892026991576,-20.9139389131801
-56.1027026991576,-20.9373215881801
-56.1162026991576,-20.9607042631801
-56.1297026991576,-20.9840869381801
-56.1432026991576,-21.0074696131801
-56.1567026991576,-21.0308522881801
-56.1702026991576,-21.0542349631801
-56.1837026991576,-21.0776176381801
-56.1837026991576,-21.1243829881801
-56.1702026991576,-21.1477656631801
-56.1567026991576,-21.1711483381801
-56.1432026991576,-21.1945310131801
-56.1297026991576,-21.2179136881801
-56.1162026991576,-21.2412963631801
-56.1027026991576,-21.2646790381801
-56.0892026991576,-21.2880617131801
-56.0757026991576,-21.3114443881801
-56.0622026991576,-21.3348270631801
-56.0217026991576,-21.3582097381801
-55.9947026991576,-21.3582097381801
-55.9677026991576,-21.3582097381801
-55.9407026991576,-21.3582097381801
-55.9137026991576,-21.3582097381801
-55.8867026991576,-21.3582097381801
-55.8597026991576,-21.3582097381801
-55.8327026991576,-21.3582097381801
-55.8057026991576,-21.3582097381801
-55.7787026991576,-21.3582097381801
-55.7382026991576,-21.3348270631801
-55.7247026991576,-21.3114443881801
-55.7112026991576,-21.2880617131801
-55.6977026991576,-21.2646790381801
-55.6707026991576,-21.2179136881801
-55.6572026991576,-21.1945310131801
-55.6437026991576,-21.1711483381801
-55.6302026991576,-21.1477656631801
-55.7382026991576,-20.8204082131801
-56.0622026991576,-20.8204082131801
-56.2242026991577,-21.1010003131801
-55.7382026991576,-21.3815924131801
-55.6032026991576,-21.0542349631801
-55.6167026991576,-21.0308522881801
-55.6302026991576,-21.0074696131801
-55.6437026991576,-20.9840869381801
-55.6572026991576,-20.9607042631801
-55.6707026991576,-20.9373215881801
-55.6977026991576,-20.8905562381801
-55.7112026991576,-20.8671735631801
-55.7247026991576,-20.8437908881801
-55.7652026991576,-20.8204082131801
-55.7922026991576,-20.8204082131801
-55.8192026991576,-20.8204082131801
-55.8462026991576,-20.8204082131801
-55.8732026991576,-20.8204082131801
-55.9002026991576,-20.8204082131801
-55.9272026991576,-20.8204082131801
-55.9542026991576,-20.8204082131801
-55.9812026991576,-20.8204082131801
-56.0082026991576,-20.8204082131801
-56.0352026991576,-20.8204082131801
-56.0757026991576,-20.8437908881801
-56.0892026991576,-20.8671735631801
-56.1027026991576,-20.8905562381801
-56.1162026991576,-20.9139389131801
-56.1297026991576,-20.9373215881801
-56.1432026991576,-20.9607042631801
-56.1567026991576,-20.9840869381801
-56.1702026991576,-21.0074696131801
-56.1837026991576,-21.0308522881801
-56.2107026991577,-21.1243829881801
-56.1972026991576,-21.1477656631801
-56.1837026991576,-21.1711483381801
-56.1702026991576,-21.1945310131801
-56.1567026991576,-21.2179136881801
-56.1432026991576,-21.2412963631801
-56.1297026991576,-21.2646790381801
-56.1162026991576,-21.2880617131801
-56.1027026991576,-21.3114443881801
-56.0892026991576,-21.3348270631801
-55.9812026991576,-21.3815924131801
-55.9542026991576,-21.3815924131801
-55.9272026991576,-21.3815924131801
-55.9002026991576,-21.3815924131801
-55.8732026991576,-21.3815924131801
-55.8462026991576,-21.3815924131801
-55.8192026991576,-21.3815924131801
-55.7922026991576,-21.3815924131801
-55.7652026991576,-21.3815924131801
-55.7247026991576,-21.3582097381801
-55.7112026991576,-21.3348270631801
-55.6977026991576,-21.3114443881801
-55.6842026991576,-21.2880617131801
-55.6437026991576,-21.2179136881801
-55.7247026991576,-20.7970255381801
-56.0757026991576,-20.7970255381801
-55.5897026991576,-21.0308522881801
-55.6032026991576,-21.0074696131801
-55.6167026991576,-20.9840869381801
-55.7517026991576,-20.7970255381801
-55.7787026991576,-20.7970255381801
-55.8057026991576,-20.7970255381801
-55.8327026991576,-20.7970255381801
-55.8597026991576,-20.7970255381801
-56.0217026991576,-20.7970255381801
-56.0487026991576,-20.7970255381801
-56.0892026991576,-20.8204082131801
-56.1027026991576,-20.8437908881801
-56.1162026991576,-20.8671735631801
-56.1297026991576,-20.8905562381801
-56.1432026991576,-20.9139389131801
-56.1567026991576,-20.9373215881801
-56.1702026991576,-20.9607042631801
-56.1837026991576,-20.9840869381801
-56.1972026991576,-21.0074696131801
-56.2107026991577,-21.1711483381801
-56.1837026991576,-21.2179136881801
-56.1702026991576,-21.2412963631801
-56.1567026991576,-21.2646790381801
-56.1432026991576,-21.2880617131801
-56.1297026991576,-21.3114443881801
-56.1162026991576,-21.3348270631801
-55.9407026991576,-21.4049750881801
-55.9137026991576,-21.4049750881801
-55.8867026991576,-21.4049750881801
-55.8597026991576,-21.4049750881801
-55.8327026991576,-21.4049750881801
-55.8057026991576,-21.4049750881801
-55.7787026991576,-21.4049750881801
-55.7517026991576,-21.4049750881801
-55.7112026991576,-21.3815924131801
-55.6977026991576,-21.3582097381801
-55.6842026991576,-21.3348270631801
-55.6302026991576,-21.2412963631801
-55.5627026991576,-21.0308522881801
-55.5762026991576,-21.0074696131801
-55.7382026991576,-20.7736428631801
-55.7652026991576,-20.7736428631801
-55.7922026991576,-20.7736428631801
-55.8192026991576,-20.7736428631801
-55.8462026991576,-20.7736428631801
-56.0082026991576,-20.7736428631801
-56.0352026991576,-20.7736428631801
-56.0622026991576,-20.7736428631801
-56.1027026991576,-20.7970255381801
-56.1162026991576,-20.8204082131801
-56.1432026991576,-20.8671735631801
-56.1567026991576,-20.8905562381801
-56.1702026991576,-20.9139389131801
-56.1972026991576,-20.9607042631801
-56.2107026991577,-21.2179136881801
-56.1972026991576,-21.2412963631801
-56.1837026991576,-21.2646790381801
-56.1702026991576,-21.2880617131801
-56.1567026991576,-21.3114443881801
-56.1432026991576,-21.3348270631801
-55.9002026991576,-21.4283577631801
-55.8732026991576,-21.4283577631801
-55.8462026991576,-21.4283577631801
-55.8192026991576,-21.4283577631801
-55.7652026991576,-21.4283577631801
-55.7382026991576,-21.4283577631801
-55.6977026991576,-21.4049750881801
-55.6977026991576,-21.4517404381801
-55.5087026991576,-21.0776176381801
-55.5222026991576,-21.0542349631801
-55.5357026991576,-21.0308522881801
-55.5492026991576,-21.0074696131801
-55.8057026991576,-20.7502601881801
-55.8327026991576,-20.7502601881801
-56.1162026991576,-20.7736428631801
-56.1567026991576,-20.8437908881801
-56.1972026991576,-21.2880617131801
-56.1837026991576,-21.3114443881801
-55.8597026991576,-21.4517404381801
-55.8327026991576,-21.4517404381801
-55.8057026991576,-21.4517404381801
-55.7517026991576,-21.4517404381801
-55.6842026991576,-21.4283577631801
-55.6707026991576,-21.4049750881801
-55.4952026991576,-21.0542349631801
-55.5087026991576,-21.0308522881801
-55.5222026991576,-21.0074696131801
-55.8462026991576,-21.4751231131801
-55.6707026991576,-21.4517404381801
-55.6437026991576,-21.4049750881801
-55.4682026991576,-21.0542349631801
