-52.9268568792264,-19.9611814337167
-52.8998568792264,-19.9611814337167
-52.9133568792264,-19.9377987587167
-52.9403568792264,-19.9377987587167
-52.9538568792264,-19.9611814337167
-52.9403568792264,-19.9845641087167
-52.9133568792264,-19.9845641087167
-52.8728568792264,-19.9611814337167
-52.8998568792264,-19.9144160837167
-52.9538568792264,-19.9144160837167
-52.9808568792264,-19.9611814337167
-52.9538568792264,-20.0079467837167
-52.8998568792264,-20.0079467837167
-52.8863568792264,-19.9377987587167
-52.9268568792264,-19.9144160837167
-52.9673568792264,-19.9377987587167
-52.9673568792264,-19.9845641087167
-52.9268568792264,-20.0079467837167
-52.8863568792264,-19.9845641087167
-52.8458568792264,-19.9611814337167
-52.8863568792264,-19.8910334087167
-52.9673568792264,-19.8910334087167
-53.0078568792264,-19.9611814337167
-52.9673568792264,-20.0313294587167
-52.8863568792264,-20.0313294587167
-52.8593568792264,-19.9377987587167
-52.8728568792264,-19.9144160837167
-52.9133568792264,-19.8910334087167
-52.9403568792264,-19.8910334087167
-52.9808568792264,-19.9144160837167
-52.9943568792264,-19.9377987587167
-52.9943568792264,-19.9845641087167
-52.9808568792264,-20.0079467837167
-52.9403568792264,-20.0313294587167
-52.9133568792264,-20.0313294587167
-52.8728568792264,-20.0079467837167
-52.8593568792264,-19.9845641087167
-52.8188568792264,-19.9611814337167
-52.8728568792264,-19.8676507337167
-52.9808568792264,-19.8676507337167
-53.0348568792264,-19.9611814337167
-52.9808568792264,-20.0547121337167
-52.8728568792264,-20.0547121337167
-52.8323568792264,-19.9377987587167
-52.8458568792264,-19.9144160837167
-52.8593568792264,-19.8910334087167
-52.8998568792264,-19.8676507337167
-52.9268568792264,-19.8676507337167
-52.9538568792264,-19.8676507337167
-52.9943568792264,-19.8910334087167
-53.0078568792264,-19.9144160837167
-53.0213568792264,-19.9377987587167
-53.0213568792264,-19.9845641087167
-53.0078568792264,-20.0079467837167
-52.9943568792264,-20.0313294587167
-52.9538568792264,-20.0547121337167
-52.9268568792264,-20.0547121337167
-52.8998568792264,-20.0547121337167
-52.8593568792264,-20.0313294587167
-52.8458568792264,-20.0079467837167
-52.8323568792264,-19.9845641087167
-52.7918568792264,-19.9611814337167
-52.8593568792264,-19.8442680587167
-52.9943568792264,-19.8442680587167
-53.0618568792264,-19.9611814337167
-52.9943568792264,-20.0780948087167
-52.8593568792264,-20.0780948087167
-52.8053568792264,-19.9377987587167
-52.8188568792264,-19.9144160837167
-52.8323568792264,-19.8910334087167
-52.8458568792264,-19.8676507337167
-52.8863568792264,-19.8442680587167
-52.9133568792264,-19.8442680587167
-52.9403568792264,-19.8442680587167
-52.9673568792264,-19.8442680587167
-53.0078568792264,-19.8676507337167
-53.0213568792264,-19.8910334087167
-53.0348568792264,-19.9144160837167
-53.0483568792264,-19.9377987587167
-53.0483568792264,-19.9845641087167
-53.0348568792264,-20.0079467837167
-53.0213568792264,-20.0313294587167
-53.0078568792264,-20.0547121337167
-52.9673568792264,-20.0780948087167
-52.9403568792264,-20.0780948087167
-52.9133568792264,-20.0780948087167
-52.8863568792264,-20.0780948087167
-52.8458568792264,-20.0547121337167
-52.8323568792264,-20.0313294587167
-52.8188568792264,-20.0079467837167
-52.8053568792264,-19.9845641087167
-52.7648568792264,-19.9611814337167
-52.8458568792264,-19.8208853837167
-53.0078568792264,-19.8208853837167
-53.0888568792264,-19.9611814337167
-53.0078568792264,-20.1014774837167
-52.8458568792264,-20.1014774837167
-52.7783568792264,-19.9377987587167
-52.7918568792264,-19.9144160837167
-52.8053568792264,-19.8910334087167
-52.8188568792264,-19.8676507337167
-52.8323568792264,-19.8442680587167
-52.8728568792264,-19.8208853837167
-52.8998568792264,-19.8208853837167
-52.9268568792264,-19.8208853837167
-52.9538568792264,-19.8208853837167
-52.9808568792264,-19.8208853837167
-53.0213568792264,-19.8442680587167
-53.0348568792264,-19.8676507337167
-53.0483568792264,-19.8910334087167
-53.0618568792264,-19.9144160837167
-53.0753568792264,-19.9377987587167
-53.0753568792264,-19.9845641087167
-53.0618568792264,-20.0079467837167
-53.0483568792264,-20.0313294587167
-53.0348568792264,-20.0547121337167
-53.0213568792264,-20.0780948087167
-52.9808568792264,-20.1014774837167
-52.9538568792264,-20.1014774837167
-52.9268568792264,-20.1014774837167
-52.8998568792264,-20.1014774837167
-52.8728568792264,-20.1014774837167
-52.8323568792264,-20.0780948087167
-52.8188568792264,-20.0547121337167
-52.8053568792264,-20.0313294587167
-52.7918568792264,-20.0079467837167
-52.7783568792264,-19.9845641087167
-52.7378568792264,-19.9611814337167
-52.8323568792264,-19.7975027087167
-53.0213568792264,-19.7975027087167
-53.1158568792264,-19.9611814337167
-53.0213568792264,-20.1248601587167
-52.8323568792264,-20.1248601587167
-52.7513568792264,-19.9377987587167
-52.7648568792264,-19.9144160837167
-52.7918568792264,-19.8676507337167
-52.8053568792264,-19.8442680587167
-52.8188568792264,-19.8208853837167
-52.8593568792264,-19.7975027087167
-52.8863568792264,-19.7975027087167
-52.9133568792264,-19.7975027087167
-52.9403568792264,-19.7975027087167
-52.9673568792264,-19.7975027087167
-52.9943568792264,-19.7975027087167
-53.0348568792264,-19.8208853837167
-53.0483568792264,-19.8442680587167
-53.0618568792264,-19.8676507337167
-53.0753568792264,-19.8910334087167
-53.0888568792264,-19.9144160837167
-53.1023568792264,-19.9377987587167
-53.1023568792264,-19.9845641087167
-53.0888568792264,-20.0079467837167
-53.0753568792264,-20.0313294587167
-53.0618568792264,-20.0547121337167
-53.0483568792264,-20.0780948087167
-53.0348568792264,-20.1014774837167
-52.9943568792264,-20.1248601587167
-52.9673568792264,-20.1248601587167
-52.9403568792264,-20.1248601587167
-52.9133568792264,-20.1248601587167
-52.8863568792264,-20.1248601587167
-52.8593568792264,-20.1248601587167
-52.8188568792264,-20.1014774837167
-52.8053568792264,-20.0780948087167
-52.7918568792264,-20.0547121337167
-52.7783568792264,-20.0313294587167
-52.7648568792264,-20.0079467837167
-52.7513568792264,-19.9845641087167
-52.8188568792264,-19.7741200337167
-53.0348568792264,-19.7741200337167
-53.1428568792264,-19.9611814337167
-53.0348568792264,-20.1482428337167
-52.8188568792264,-20.1482428337167
-52.7378568792264,-19.9144160837167
-52.7513568792264,-19.8910334087167
-52.7783568792264,-19.8442680587167
-52.7918568792264,-19.8208853837167
-52.8053568792264,-19.7975027087167
-52.8458568792264,-19.7741200337167
-52.8728568792264,-19.7741200337167
-52.8998568792264,-19.7741200337167
-52.9268568792264,-19.7741200337167
-52.9538568792264,-19.7741200337167
-52.9808568792264,-19.7741200337167
-53.0078568792264,-19.7741200337167
-53.0483568792264,-19.7975027087167
-53.0618568792264,-19.8208853837167
-53.0753568792264,-19.8442680587167
-53.0888568792264,-19.8676507337167
-53.1023568792264,-19.8910334087167
-53.1158568792264,-19.9144160837167
-53.1293568792264,-19.9377987587167
-53.1293568792264,-19.9845641087167
-53.1158568792264,-20.0079467837167
-53.1023568792264,-20.0313294587167
-53.0888568792264,-20.0547121337167
-53.0753568792264,-20.0780948087167
-53.0618568792264,-20.1014774837167
-53.0483568792264,-20.1248601587167
-53.0078568792264,-20.1482428337167
-52.9808568792264,-20.1482428337167
-52.9538568792264,-20.1482428337167
-52.9268568792264,-20.1482428337167
-52.8998568792264,-20.1482428337167
-52.8728568792264,-20.1482428337167
-52.8458568792264,-20.1482428337167
-52.8053568792264,-20.1248601587167
-52.7918568792264,-20.1014774837167
-52.7783568792264,-20.0780948087167
-52.7648568792264,-20.0547121337167
-52.7513568792264,-20.0313294587167
-52.7378568792264,-20.0079467837167
-52.7243568792264,-19.9845641087167
-52.8053568792264,-19.7507373587167
-53.0483568792264,-19.7507373587167
-53.1698568792264,-19.9611814337167
-53.0483568792264,-20.1716255087167
-52.8053568792264,-20.1716255087167
-52.7648568792264,-19.8208853837167
-52.7783568792264,-19.7975027087167
-52.7918568792264,-19.7741200337167
-52.8323568792264,-19.7507373587167
-52.8593568792264,-19.7507373587167
-52.8863568792264,-19.7507373587167
-52.9133568792264,-19.7507373587167
-52.9403568792264,-19.7507373587167
-52.9673568792264,-19.7507373587167
-52.9943568792264,-19.7507373587167
-53.0213568792264,-19.7507373587167
-53.0618568792264,-19.7741200337167
-53.0753568792264,-19.7975027087167
-53.0888568792264,-19.8208853837167
-53.1023568792264,-19.8442680587167
-53.1158568792264,-19.8676507337167
-53.1293568792264,-19.8910334087167
-53.1428568792264,-19.9144160837167
-53.1563568792264,-19.9377987587167
-53.1563568792264,-19.9845641087167
-53.1428568792264,-20.0079467837167
-53.1293568792264,-20.0313294587167
-53.1158568792264,-20.0547121337167
-53.1023568792264,-20.0780948087167
-53.0888568792264,-20.1014774837167
-53.0753568792264,-20.1248601587167
-53.0618568792264,-20.1482428337167
-53.0213568792264,-20.1716255087167
-52.9943568792264,-20.1716255087167
-52.9673568792264,-20.1716255087167
-52.9403568792264,-20.1716255087167
-52.9133568792264,-20.1716255087167
-52.8863568792264,-20.1716255087167
-52.8593568792264,-20.1716255087167
-52.8323568792264,-20.1716255087167
-52.7918568792264,-20.1482428337167
-52.7783568792264,-20.1248601587167
-52.7648568792264,-20.1014774837167
-52.7513568792264,-20.0780948087167
-52.7378568792264,-20.0547121337167
-52.7243568792264,-20.0313294587167
-52.7108568792264,-20.0079467837167
-52.7918568792264,-19.7273546837167
-53.0618568792264,-19.7273546837167
-53.1968568792264,-19.9611814337167
-53.0618568792264,-20.1950081837167
-52.7918568792264,-20.1950081837167
-52.7378568792264,-19.8208853837167
-52.7513568792264,-19.7975027087167
-52.7648568792264,-19.7741200337167
-52.7783568792264,-19.7507373587167
-52.8188568792264,-19.7273546837167
-52.8458568792264,-19.7273546837167
-52.8728568792264,-19.7273546837167
-52.8998568792264,-19.7273546837167
-52.9268568792264,-19.7273546837167
-52.9538568792264,-19.7273546837167
-52.9808568792264,-19.7273546837167
-53.0078568792264,-19.7273546837167
-53.0348568792264,-19.7273546837167
-53.0753568792264,-19.7507373587167
-53.0888568792264,-19.7741200337167
-53.1023568792264,-19.7975027087167
-53.1158568792264,-19.8208853837167
-53.1293568792264,-19.8442680587167
-53.1428568792264,-19.8676507337167
-53.1563568792264,-19.8910334087167
-53.1698568792264,-19.9144160837167
-53.1833568792264,-19.9377987587167
-53.1833568792264,-19.9845641087167
-53.1698568792264,-20.0079467837167
-53.1563568792264,-20.0313294587167
-53.1428568792264,-20.0547121337167
-53.1293568792264,-20.0780948087167
-53.1158568792264,-20.1014774837167
-53.1023568792264,-20.1248601587167
-53.0888568792264,-20.1482428337167
-53.0753568792264,-20.1716255087167
-53.0348568792264,-20.1950081837167
-53.0078568792264,-20.1950081837167
-52.9808568792264,-20.1950081837167
-52.9538568792264,-20.1950081837167
-52.9268568792264,-20.1950081837167
-52.8998568792264,-20.1950081837167
-52.8728568792264,-20.1950081837167
-52.8458568792264,-20.1950081837167
-52.8188568792264,-20.1950081837167
-52.7783568792264,-20.1716255087167
-52.7648568792264,-20.1482428337167
-52.7513568792264,-20.1248601587167
-52.7243568792264,-20.0780948087167
-52.7108568792264,-20.0547121337167
-52.7783568792264,-19.7039720087167
-53.0753568792264,-19.7039720087167
-53.2238568792264,-19.9611814337167
-53.0753568792264,-20.2183908587167
-52.7783568792264,-20.2183908587167
-52.7243568792264,-19.7975027087167
-52.7378568792264,-19.7741200337167
-52.7513568792264,-19.7507373587167
-52.7648568792264,-19.7273546837167
-52.8053568792264,-19.7039720087167
-52.8323568792264,-19.7039720087167
-52.8593568792264,-19.7039720087167
-52.8863568792264,-19.7039720087167
-52.9133568792264,-19.7039720087167
-52.9403568792264,-19.7039720087167
-52.9673568792264,-19.7039720087167
-52.9943568792264,-19.7039720087167
-53.0213568792264,-19.7039720087167
-53.0483568792264,-19.7039720087167
-53.0888568792264,-19.7273546837167
-53.1023568792264,-19.7507373587167
-53.1158568792264,-19.7741200337167
-53.1293568792264,-19.7975027087167
-53.1428568792264,-19.8208853837167
-53.1563568792264,-19.8442680587167
-53.1698568792264,-19.8676507337167
-53.1833568792264,-19.8910334087167
-53.1968568792264,-19.9144160837167
-53.2103568792264,-19.9377987587167
-53.2103568792264,-19.9845641087167
-53.1968568792264,-20.0079467837167
-53.1833568792264,-20.0313294587167
-53.1698568792264,-20.0547121337167
-53.1563568792264,-20.0780948087167
-53.1428568792264,-20.1014774837167
-53.1293568792264,-20.1248601587167
-53.1158568792264,-20.1482428337167
-53.1023568792264,-20.1716255087167
-53.0888568792264,-20.1950081837167
-53.0483568792264,-20.2183908587167
-53.0213568792264,-20.2183908587167
-52.9943568792264,-20.2183908587167
-52.9673568792264,-20.2183908587167
-52.9403568792264,-20.2183908587167
-52.9133568792264,-20.2183908587167
-52.8863568792264,-20.2183908587167
-52.8593568792264,-20.2183908587167
-52.8323568792264,-20.2183908587167
-52.8053568792264,-20.2183908587167
-52.7648568792264,-20.1950081837167
-52.7513568792264,-20.1716255087167
-52.7378568792264,-20.1482428337167
-52.7648568792264,-19.6805893337167
-53.0888568792264,-19.6805893337167
-53.2508568792264,-19.9611814337167
-53.0888568792264,-20.2417735337167
-52.7648568792264,-20.2417735337167
-52.6973568792264,-19.7975027087167
-52.7108568792264,-19.7741200337167
-52.7243568792264,-19.7507373587167
-52.7378568792264,-19.7273546837167
-52.7513568792264,-19.7039720087167
-52.7918568792264,-19.6805893337167
-52.8188568792264,-19.6805893337167
-52.8458568792264,-19.6805893337167
-52.8728568792264,-19.6805893337167
-52.8998568792264,-19.6805893337167
-52.9268568792264,-19.6805893337167
-52.9538568792264,-19.6805893337167
-52.9808568792264,-19.6805893337167
-53.0078568792264,-19.6805893337167
-53.0348568792264,-19.6805893337167
-53.0618568792264,-19.6805893337167
-53.1023568792264,-19.7039720087167
-53.1158568792264,-19.7273546837167
-53.1293568792264,-19.7507373587167
-53.1428568792264,-19.7741200337167
-53.1563568792264,-19.7975027087167
-53.1698568792264,-19.8208853837167
-53.1833568792264,-19.8442680587167
-53.1968568792264,-19.8676507337167
-53.2103568792264,-19.8910334087167
-53.2238568792264,-19.9144160837167
-53.2373568792264,-19.9377987587167
-53.2373568792264,-19.9845641087167
-53.2238568792264,-20.0079467837167
-53.2103568792264,-20.0313294587167
-53.1563568792264,-20.1248601587167
-53.0618568792264,-20.2417735337167
-53.0348568792264,-20.2417735337167
-53.0078568792264,-20.2417735337167
-52.9808568792264,-20.2417735337167
-52.9538568792264,-20.2417735337167
-52.9268568792264,-20.2417735337167
-52.8998568792264,-20.2417735337167
-52.8728568792264,-20.2417735337167
-52.8458568792264,-20.2417735337167
-52.8188568792264,-20.2417735337167
-52.7918568792264,-20.2417735337167
-52.7513568792264,-20.2183908587167
-52.7378568792264,-20.1950081837167
-52.7243568792264,-20.1716255087167
-52.7513568792264,-19.6572066587167
-53.1023568792264,-19.6572066587167
-53.2778568792264,-19.9611814337167
-52.7513568792264,-20.2651562087167
-52.6703568792264,-19.7975027087167
-52.6838568792264,-19.7741200337167
-52.6973568792264,-19.7507373587167
-52.7108568792264,-19.7273546837167
-52.7243568792264,-19.7039720087167
-52.7378568792264,-19.6805893337167
-52.7783568792264,-19.6572066587167
-52.8053568792264,-19.6572066587167
-52.8323568792264,-19.6572066587167
-52.8593568792264,-19.6572066587167
-52.8863568792264,-19.6572066587167
-52.9133568792264,-19.6572066587167
-52.9403568792264,-19.6572066587167
-52.9673568792264,-19.6572066587167
-52.9943568792264,-19.6572066587167
-53.0213568792264,-19.6572066587167
-53.0483568792264,-19.6572066587167
-53.0753568792264,-19.6572066587167
-53.1158568792264,-19.6805893337167
-53.1293568792264,-19.7039720087167
-53.1428568792264,-19.7273546837167
-53.1563568792264,-19.7507373587167
-53.1698568792264,-19.7741200337167
-53.1833568792264,-19.7975027087167
-53.1968568792264,-19.8208853837167
-53.2103568792264,-19.8442680587167
-53.2238568792264,-19.8676507337167
-53.2373568792264,-19.8910334087167
-53.2508568792264,-19.9144160837167
-53.2643568792264,-19.9377987587167
-53.2643568792264,-19.9845641087167
-53.2508568792264,-20.0079467837167
-53.0753568792264,-20.2651562087167
-53.0483568792264,-20.2651562087167
-53.0213568792264,-20.2651562087167
-52.9943568792264,-20.2651562087167
-52.9673568792264,-20.2651562087167
-52.9403568792264,-20.2651562087167
-52.9133568792264,-20.2651562087167
-52.8863568792264,-20.2651562087167
-52.8593568792264,-20.2651562087167
-52.8323568792264,-20.2651562087167
-52.8053568792264,-20.2651562087167
-52.7783568792264,-20.2651562087167
-52.7378568792264,-20.2417735337167
-52.7243568792264,-20.2183908587167
-52.7108568792264,-20.1950081837167
-52.7378568792264,-19.6338239837167
-53.1158568792264,-19.6338239837167
-52.7378568792264,-20.2885388837167
-52.6433568792264,-19.7975027087167
-52.6568568792264,-19.7741200337167
-52.6703568792264,-19.7507373587167
-52.6838568792264,-19.7273546837167
-52.6973568792264,-19.7039720087167
-52.7108568792264,-19.6805893337167
-52.7243568792264,-19.6572066587167
-52.7648568792264,-19.6338239837167
-52.7918568792264,-19.6338239837167
-52.8188568792264,-19.6338239837167
-52.8458568792264,-19.6338239837167
-52.8728568792264,-19.6338239837167
-52.8998568792264,-19.6338239837167
-52.9268568792264,-19.6338239837167
-52.9538568792264,-19.6338239837167
-52.9808568792264,-19.6338239837167
-53.0078568792264,-19.6338239837167
-53.0348568792264,-19.6338239837167
-53.0618568792264,-19.6338239837167
-53.0888568792264,-19.6338239837167
-53.1293568792264,-19.6572066587167
-53.1428568792264,-19.6805893337167
-53.1563568792264,-19.7039720087167
-53.1698568792264,-19.7273546837167
-53.1833568792264,-19.7507373587167
-53.1968568792264,-19.7741200337167
-53.2103568792264,-19.7975027087167
-53.2238568792264,-19.8208853837167
-53.2373568792264,-19.8442680587167
-53.2508568792264,-19.8676507337167
-53.2643568792264,-19.8910334087167
-53.2778568792264,-19.9144160837167
-53.2913568792264,-19.9377987587167
-53.0618568792264,-20.2885388837167
-53.0348568792264,-20.2885388837167
-53.0078568792264,-20.2885388837167
-52.9808568792264,-20.2885388837167
-52.9538568792264,-20.2885388837167
-52.9268568792264,-20.2885388837167
-52.8998568792264,-20.2885388837167
-52.8728568792264,-20.2885388837167
-52.8458568792264,-20.2885388837167
-52.8188568792264,-20.2885388837167
-52.7918568792264,-20.2885388837167
-52.7648568792264,-20.2885388837167
-52.7243568792264,-19.6104413087167
-53.1293568792264,-19.6104413087167
-52.7243568792264,-20.3119215587167
-52.6298568792264,-19.7741200337167
-52.6433568792264,-19.7507373587167
-52.6568568792264,-19.7273546837167
-52.6703568792264,-19.7039720087167
-52.6838568792264,-19.6805893337167
-52.6973568792264,-19.6572066587167
-52.7108568792264,-19.6338239837167
-52.7513568792264,-19.6104413087167
-52.7783568792264,-19.6104413087167
-52.8053568792264,-19.6104413087167
-52.8323568792264,-19.6104413087167
-52.8593568792264,-19.6104413087167
-52.8863568792264,-19.6104413087167
-52.9133568792264,-19.6104413087167
-52.9403568792264,-19.6104413087167
-52.9673568792264,-19.6104413087167
-52.9943568792264,-19.6104413087167
-53.0213568792264,-19.6104413087167
-53.0483568792264,-19.6104413087167
-53.0753568792264,-19.6104413087167
-53.1023568792264,-19.6104413087167
-53.1428568792264,-19.6338239837167
-53.1563568792264,-19.6572066587167
-53.1698568792264,-19.6805893337167
-53.1833568792264,-19.7039720087167
-53.1968568792264,-19.7273546837167
-53.2103568792264,-19.7507373587167
-53.2238568792264,-19.7741200337167
-53.2373568792264,-19.7975027087167
-53.2508568792264,-19.8208853837167
-53.2643568792264,-19.8442680587167
-53.2778568792264,-19.8676507337167
-53.2913568792264,-19.8910334087167
-53.3048568792264,-19.9144160837167
-53.0483568792264,-20.3119215587167
-53.0213568792264,-20.3119215587167
-52.9943568792264,-20.3119215587167
-52.9673568792264,-20.3119215587167
-52.9403568792264,-20.3119215587167
-52.9133568792264,-20.3119215587167
-52.8863568792264,-20.3119215587167
-52.8593568792264,-20.3119215587167
-52.8323568792264,-20.3119215587167
-52.8053568792264,-20.3119215587167
-52.7783568792264,-20.3119215587167
-52.7513568792264,-20.3119215587167
-52.7108568792264,-19.5870586337167
-53.1428568792264,-19.5870586337167
-52.7108568792264,-20.3353042337167
-52.6163568792264,-19.7507373587167
-52.6298568792264,-19.7273546837167
-52.6433568792264,-19.7039720087167
-52.6568568792264,-19.6805893337167
-52.6703568792264,-19.6572066587167
-52.6838568792264,-19.6338239837167
-52.6973568792264,-19.6104413087167
-52.7378568792264,-19.5870586337167
-52.7648568792264,-19.5870586337167
-52.7918568792264,-19.5870586337167
-52.8188568792264,-19.5870586337167
-52.8458568792264,-19.5870586337167
-52.8728568792264,-19.5870586337167
-52.8998568792264,-19.5870586337167
-52.9268568792264,-19.5870586337167
-52.9538568792264,-19.5870586337167
-52.9808568792264,-19.5870586337167
-53.0078568792264,-19.5870586337167
-53.0348568792264,-19.5870586337167
-53.0618568792264,-19.5870586337167
-53.0888568792264,-19.5870586337167
-53.1158568792264,-19.5870586337167
-53.1563568792264,-19.6104413087167
-53.1698568792264,-19.6338239837167
-53.1833568792264,-19.6572066587167
-53.1968568792264,-19.6805893337167
-53.2103568792264,-19.7039720087167
-53.2238568792264,-19.7273546837167
-53.2373568792264,-19.7507373587167
-53.2508568792264,-19.7741200337167
-53.2643568792264,-19.7975027087167
-53.2778568792264,-19.8208853837167
-53.2913568792264,-19.8442680587167
-53.3048568792264,-19.8676507337167
-53.3183568792264,-19.8910334087167
-53.0078568792264,-20.3353042337167
-52.9808568792264,-20.3353042337167
-52.9538568792264,-20.3353042337167
-52.9268568792264,-20.3353042337167
-52.8998568792264,-20.3353042337167
-52.8728568792264,-20.3353042337167
-52.8458568792264,-20.3353042337167
-52.8188568792264,-20.3353042337167
-52.7918568792264,-20.3353042337167
-52.7648568792264,-20.3353042337167
-52.7378568792264,-20.3353042337167
-52.6973568792264,-19.5636759587167
-53.1563568792264,-19.5636759587167
-52.6973568792264,-20.3586869087167
-52.6028568792264,-19.7273546837167
-52.6163568792264,-19.7039720087167
-52.6298568792264,-19.6805893337167
-52.6433568792264,-19.6572066587167
-52.6568568792264,-19.6338239837167
-52.6703568792264,-19.6104413087167
-52.6838568792264,-19.5870586337167
-52.7243568792264,-19.5636759587167
-52.7513568792264,-19.5636759587167
-52.7783568792264,-19.5636759587167
-52.8053568792264,-19.5636759587167
-52.8323568792264,-19.5636759587167
-52.8593568792264,-19.5636759587167
-52.8863568792264,-19.5636759587167
-52.9133568792264,-19.5636759587167
-52.9403568792264,-19.5636759587167
-52.9673568792264,-19.5636759587167
-52.9943568792264,-19.5636759587167
-53.0213568792264,-19.5636759587167
-53.0483568792264,-19.5636759587167
-53.0753568792264,-19.5636759587167
-53.1023568792264,-19.5636759587167
-53.1293568792264,-19.5636759587167
-53.1698568792264,-19.5870586337167
-53.1833568792264,-19.6104413087167
-53.1968568792264,-19.6338239837167
-53.2103568792264,-19.6572066587167
-53.2238568792264,-19.6805893337167
-53.2373568792264,-19.7039720087167
-53.2508568792264,-19.7273546837167
-53.2643568792264,-19.7507373587167
-53.2778568792264,-19.7741200337167
-53.2913568792264,-19.7975027087167
-53.3048568792264,-19.8208853837167
-53.3183568792264,-19.8442680587167
-53.3318568792264,-19.8676507337167
-52.9673568792264,-20.3586869087167
-52.9403568792264,-20.3586869087167
-52.9133568792264,-20.3586869087167
-52.8863568792264,-20.3586869087167
-52.8593568792264,-20.3586869087167
-52.8323568792264,-20.3586869087167
-52.8053568792264,-20.3586869087167
-52.7783568792264,-20.3586869087167
-52.7513568792264,-20.3586869087167
-52.7243568792264,-20.3586869087167
-52.6838568792264,-19.5402932837167
-53.1698568792264,-19.5402932837167
-52.6838568792264,-20.3820695837167
-52.6028568792264,-19.6805893337167
-52.6163568792264,-19.6572066587167
-52.6298568792264,-19.6338239837167
-52.6433568792264,-19.6104413087167
-52.6568568792264,-19.5870586337167
-52.6703568792264,-19.5636759587167
-52.7378568792264,-19.5402932837167
-52.7648568792264,-19.5402932837167
-52.7918568792264,-19.5402932837167
-52.8188568792264,-19.5402932837167
-52.8458568792264,-19.5402932837167
-52.8728568792264,-19.5402932837167
-52.8998568792264,-19.5402932837167
-52.9268568792264,-19.5402932837167
-52.9538568792264,-19.5402932837167
-52.9808568792264,-19.5402932837167
-53.0078568792264,-19.5402932837167
-53.0348568792264,-19.5402932837167
-53.0618568792264,-19.5402932837167
-53.0888568792264,-19.5402932837167
-53.1158568792264,-19.5402932837167
-53.1428568792264,-19.5402932837167
-53.1833568792264,-19.5636759587167
-53.1968568792264,-19.5870586337167
-53.2103568792264,-19.6104413087167
-53.2238568792264,-19.6338239837167
-53.2373568792264,-19.6572066587167
-53.2508568792264,-19.6805893337167
-53.2643568792264,-19.7039720087167
-53.2778568792264,-19.7273546837167
-53.2913568792264,-19.7507373587167
-53.3048568792264,-19.7741200337167
-53.3183568792264,-19.7975027087167
-53.3318568792264,-19.8208853837167
-53.3453568792264,-19.8442680587167
-53.3588568792264,-19.8676507337167
-52.9268568792264,-20.3820695837167
-52.8998568792264,-20.3820695837167
-52.8728568792264,-20.3820695837167
-52.8458568792264,-20.3820695837167
-52.8188568792264,-20.3820695837167
-52.7918568792264,-20.3820695837167
-52.7648568792264,-20.3820695837167
-52.7378568792264,-20.3820695837167
-52.7108568792264,-20.3820695837167
-52.6703568792264,-19.5169106087167
-53.1833568792264,-19.5169106087167
-52.6703568792264,-20.4054522587167
-52.5893568792264,-19.6572066587167
-52.6028568792264,-19.6338239837167
-52.6163568792264,-19.6104413087167
-52.6298568792264,-19.5870586337167
-52.6433568792264,-19.5636759587167
-52.6568568792264,-19.5402932837167
-52.9133568792264,-19.5169106087167
-52.9403568792264,-19.5169106087167
-52.9673568792264,-19.5169106087167
-52.9943568792264,-19.5169106087167
-53.0213568792264,-19.5169106087167
-53.0483568792264,-19.5169106087167
-53.0753568792264,-19.5169106087167
-53.1023568792264,-19.5169106087167
-53.1293568792264,-19.5169106087167
-53.1563568792264,-19.5169106087167
-53.1968568792264,-19.5402932837167
-53.2103568792264,-19.5636759587167
-53.2238568792264,-19.5870586337167
-53.2373568792264,-19.6104413087167
-53.2508568792264,-19.6338239837167
-53.2643568792264,-19.6572066587167
-53.2778568792264,-19.6805893337167
-53.2913568792264,-19.7039720087167
-53.3048568792264,-19.7273546837167
-53.3183568792264,-19.7507373587167
-53.3318568792264,-19.7741200337167
-53.3453568792264,-19.7975027087167
-53.3588568792264,-19.8208853837167
-53.3723568792264,-19.8442680587167
-52.9133568792264,-20.4054522587167
-52.8863568792264,-20.4054522587167
-52.8593568792264,-20.4054522587167
-52.8323568792264,-20.4054522587167
-52.8053568792264,-20.4054522587167
-52.7783568792264,-20.4054522587167
-52.7513568792264,-20.4054522587167
-52.7243568792264,-20.4054522587167
-52.6973568792264,-20.4054522587167
-52.6568568792264,-19.4935279337167
-53.1968568792264,-19.4935279337167
-52.6568568792264,-20.4288349337167
-52.5758568792264,-19.6338239837167
-52.5893568792264,-19.6104413087167
-52.6028568792264,-19.5870586337167
-52.6163568792264,-19.5636759587167
-52.6298568792264,-19.5402932837167
-52.6433568792264,-19.5169106087167
-52.9268568792264,-19.4935279337167
-52.9538568792264,-19.4935279337167
-52.9808568792264,-19.4935279337167
-53.0078568792264,-19.4935279337167
-53.0348568792264,-19.4935279337167
-53.0618568792264,-19.4935279337167
-53.0888568792264,-19.4935279337167
-53.1158568792264,-19.4935279337167
-53.1428568792264,-19.4935279337167
-53.1698568792264,-19.4935279337167
-53.2103568792264,-19.5169106087167
-53.2238568792264,-19.5402932837167
-53.2373568792264,-19.5636759587167
-53.2508568792264,-19.5870586337167
-53.2643568792264,-19.6104413087167
-53.2778568792264,-19.6338239837167
-53.2913568792264,-19.6572066587167
-53.3048568792264,-19.6805893337167
-53.3183568792264,-19.7039720087167
-53.3318568792264,-19.7273546837167
-53.3453568792264,-19.7507373587167
-53.3588568792264,-19.7741200337167
-53.3723568792264,-19.7975027087167
-53.3858568792264,-19.8208853837167
-52.8998568792264,-20.4288349337167
-52.8728568792264,-20.4288349337167
-52.8458568792264,-20.4288349337167
-52.8188568792264,-20.4288349337167
-52.7918568792264,-20.4288349337167
-52.7648568792264,-20.4288349337167
-52.7378568792264,-20.4288349337167
-52.7108568792264,-20.4288349337167
-52.6838568792264,-20.4288349337167
-52.6433568792264,-20.4054522587167
-52.6433568792264,-19.4701452587167
-52.6433568792264,-20.4522176087167
-52.5488568792264,-19.6338239837167
-52.5623568792264,-19.6104413087167
-52.5758568792264,-19.5870586337167
-52.5893568792264,-19.5636759587167
-52.6028568792264,-19.5402932837167
-52.6163568792264,-19.5169106087167
-52.6298568792264,-19.4935279337167
-52.9673568792264,-19.4701452587167
-52.9943568792264,-19.4701452587167
-53.0213568792264,-19.4701452587167
-53.0483568792264,-19.4701452587167
-53.0753568792264,-19.4701452587167
-53.1023568792264,-19.4701452587167
-53.1293568792264,-19.4701452587167
-53.1563568792264,-19.4701452587167
-53.1833568792264,-19.4701452587167
-53.2238568792264,-19.4935279337167
-53.2373568792264,-19.5169106087167
-53.2508568792264,-19.5402932837167
-53.2643568792264,-19.5636759587167
-53.2778568792264,-19.5870586337167
-53.2913568792264,-19.6104413087167
-53.3048568792264,-19.6338239837167
-53.3183568792264,-19.6572066587167
-53.3318568792264,-19.6805893337167
-53.3453568792264,-19.7039720087167
-53.3588568792264,-19.7273546837167
-53.3723568792264,-19.7507373587167
-53.3858568792264,-19.7741200337167
-53.3993568792264,-19.7975027087167
-52.8593568792264,-20.4522176087167
-52.8323568792264,-20.4522176087167
-52.8053568792264,-20.4522176087167
-52.7783568792264,-20.4522176087167
-52.7513568792264,-20.4522176087167
-52.7243568792264,-20.4522176087167
-52.6973568792264,-20.4522176087167
-52.6703568792264,-20.4522176087167
-52.6298568792264,-20.4288349337167
-52.6298568792264,-19.4467625837167
-52.6298568792264,-20.4756002837167
-52.5353568792264,-19.6104413087167
-52.5488568792264,-19.5870586337167
-52.5623568792264,-19.5636759587167
-52.5758568792264,-19.5402932837167
-52.5893568792264,-19.5169106087167
-52.6028568792264,-19.4935279337167
-52.6163568792264,-19.4701452587167
-53.0078568792264,-19.4467625837167
-53.0348568792264,-19.4467625837167
-53.0618568792264,-19.4467625837167
-53.0888568792264,-19.4467625837167
-53.2508568792264,-19.4935279337167
-53.2643568792264,-19.5169106087167
-53.2778568792264,-19.5402932837167
-53.2913568792264,-19.5636759587167
-53.3048568792264,-19.5870586337167
-53.3183568792264,-19.6104413087167
-53.3318568792264,-19.6338239837167
-53.3453568792264,-19.6572066587167
-53.3588568792264,-19.6805893337167
-53.3723568792264,-19.7039720087167
-53.3858568792264,-19.7273546837167
-53.3993568792264,-19.7507373587167
-53.4128568792264,-19.7741200337167
-52.8458568792264,-20.4756002837167
-52.8188568792264,-20.4756002837167
-52.7918568792264,-20.4756002837167
-52.7648568792264,-20.4756002837167
-52.7378568792264,-20.4756002837167
-52.7108568792264,-20.4756002837167
-52.6838568792264,-20.4756002837167
-52.6568568792264,-20.4756002837167
-52.6163568792264,-20.4522176087167
-52.6163568792264,-19.4233799087167
-52.6163568792264,-20.4989829587167
-52.5083568792264,-19.6104413087167
-52.5218568792264,-19.5870586337167
-52.5353568792264,-19.5636759587167
-52.5488568792264,-19.5402932837167
-52.5623568792264,-19.5169106087167
-52.5758568792264,-19.4935279337167
-52.5893568792264,-19.4701452587167
-52.6028568792264,-19.4467625837167
-53.0753568792264,-19.4233799087167
-53.2778568792264,-19.4935279337167
-53.2913568792264,-19.5169106087167
-53.3048568792264,-19.5402932837167
-53.3183568792264,-19.5636759587167
-53.3318568792264,-19.5870586337167
-53.3453568792264,-19.6104413087167
-53.3588568792264,-19.6338239837167
-53.3723568792264,-19.6572066587167
-53.3858568792264,-19.6805893337167
-53.3993568792264,-19.7039720087167
-53.4128568792264,-19.7273546837167
-53.4263568792264,-19.7507373587167
-52.8323568792264,-20.4989829587167
-52.8053568792264,-20.4989829587167
-52.7783568792264,-20.4989829587167
-52.7513568792264,-20.4989829587167
-52.7243568792264,-20.4989829587167
-52.6973568792264,-20.4989829587167
-52.6703568792264,-20.4989829587167
-52.6433568792264,-20.4989829587167
-52.6028568792264,-20.4756002837167
-52.5893568792264,-20.4522176087167
-52.6028568792264,-20.5223656337167
-52.4813568792264,-19.6104413087167
-52.4948568792264,-19.5870586337167
-52.5083568792264,-19.5636759587167
-52.5218568792264,-19.5402932837167
-52.5353568792264,-19.5169106087167
-52.5488568792264,-19.4935279337167
-52.5623568792264,-19.4701452587167
-52.5758568792264,-19.4467625837167
-52.5893568792264,-19.4233799087167
-53.3048568792264,-19.4935279337167
-53.3183568792264,-19.5169106087167
-53.3318568792264,-19.5402932837167
-53.3453568792264,-19.5636759587167
-53.3588568792264,-19.5870586337167
-53.3723568792264,-19.6104413087167
-53.3858568792264,-19.6338239837167
-53.3993568792264,-19.6572066587167
-53.4128568792264,-19.6805893337167
-53.4263568792264,-19.7039720087167
-53.4398568792264,-19.7273546837167
-52.8188568792264,-20.5223656337167
-52.7918568792264,-20.5223656337167
-52.7648568792264,-20.5223656337167
-52.7378568792264,-20.5223656337167
-52.7108568792264,-20.5223656337167
-52.6838568792264,-20.5223656337167
-52.6568568792264,-20.5223656337167
-52.6298568792264,-20.5223656337167
-52.5893568792264,-20.4989829587167
-52.5758568792264,-20.4756002837167
-52.5893568792264,-20.5457483087167
-52.5218568792264,-19.4935279337167
-53.3318568792264,-19.4935279337167
-53.3453568792264,-19.5169106087167
-53.3588568792264,-19.5402932837167
-53.3723568792264,-19.5636759587167
-53.3858568792264,-19.5870586337167
-53.3993568792264,-19.6104413087167
-53.4128568792264,-19.6338239837167
-53.4263568792264,-19.6572066587167
-53.4398568792264,-19.6805893337167
-53.4533568792264,-19.7039720087167
-52.8053568792264,-20.5457483087167
-52.7783568792264,-20.5457483087167
-52.7513568792264,-20.5457483087167
-52.7243568792264,-20.5457483087167
-52.6973568792264,-20.5457483087167
-52.6703568792264,-20.5457483087167
-52.6433568792264,-20.5457483087167
-52.6163568792264,-20.5457483087167
-52.5758568792264,-20.5223656337167
-52.5623568792264,-20.4989829587167
-52.5758568792264,-20.5691309837167
-53.3453568792264,-19.4701452587167
-53.3588568792264,-19.4935279337167
-53.3723568792264,-19.5169106087167
-53.3858568792264,-19.5402932837167
-53.3993568792264,-19.5636759587167
-53.4128568792264,-19.5870586337167
-53.4263568792264,-19.6104413087167
-53.4398568792264,-19.6338239837167
-53.4533568792264,-19.6572066587167
-53.4668568792264,-19.6805893337167
-52.7648568792264,-20.5691309837167
-52.7378568792264,-20.5691309837167
-52.7108568792264,-20.5691309837167
-52.6838568792264,-20.5691309837167
-52.6568568792264,-20.5691309837167
-52.6298568792264,-20.5691309837167
-52.6028568792264,-20.5691309837167
-52.5623568792264,-20.5457483087167
-52.5488568792264,-20.5223656337167
-52.5623568792264,-20.5925136587167
-53.4128568792264,-19.5402932837167
-53.4263568792264,-19.5636759587167
-53.4398568792264,-19.5870586337167
-53.4533568792264,-19.6104413087167
-53.4668568792264,-19.6338239837167
-53.4803568792264,-19.6572066587167
-52.7243568792264,-20.5925136587167
-52.6973568792264,-20.5925136587167
-52.6703568792264,-20.5925136587167
-52.6433568792264,-20.5925136587167
-52.6163568792264,-20.5925136587167
-52.5893568792264,-20.5925136587167
-52.5488568792264,-20.5691309837167
-52.5353568792264,-20.5457483087167
-52.5488568792264,-20.6158963337167
-53.4533568792264,-19.5636759587167
-53.4668568792264,-19.5870586337167
-52.7108568792264,-20.6158963337167
-52.6838568792264,-20.6158963337167
-52.6568568792264,-20.6158963337167
-52.6298568792264,-20.6158963337167
-52.6028568792264,-20.6158963337167
-52.5758568792264,-20.6158963337167
-52.5353568792264,-20.5925136587167
-52.5218568792264,-20.5691309837167
-52.5353568792264,-20.6392790087167
-52.6973568792264,-20.6392790087167
-52.6703568792264,-20.6392790087167
-52.6433568792264,-20.6392790087167
-52.6163568792264,-20.6392790087167
-52.5893568792264,-20.6392790087167
-52.5623568792264,-20.6392790087167
-52.5218568792264,-20.6158963337167
-52.5083568792264,-20.5925136587167
-52.4948568792264,-20.5691309837167
-52.5218568792264,-20.6626616837167
-52.6568568792264,-20.6626616837167
-52.6298568792264,-20.6626616837167
-52.6028568792264,-20.6626616837167
-52.5758568792264,-20.6626616837167
-52.5488568792264,-20.6626616837167
-52.5083568792264,-20.6392790087167
-52.4948568792264,-20.6158963337167
-52.4813568792264,-20.5925136587167
-52.5083568792264,-20.6860443587167
-52.6163568792264,-20.6860443587167
-52.5893568792264,-20.6860443587167
-52.5623568792264,-20.6860443587167
-52.5353568792264,-20.6860443587167
-52.4948568792264,-20.6626616837167
-52.4813568792264,-20.6392790087167
-52.4678568792264,-20.6158963337167
-52.4948568792264,-20.7094270337168
-52.6028568792264,-20.7094270337168
-52.5758568792264,-20.7094270337168
-52.5488568792264,-20.7094270337168
-52.5218568792264,-20.7094270337168
-52.4813568792264,-20.6860443587167
-52.4678568792264,-20.6626616837167
-52.4543568792264,-20.6392790087167
-52.4813568792264,-20.7328097087168
-52.5623568792264,-20.7328097087168
-52.5353568792264,-20.7328097087168
-52.5083568792264,-20.7328097087168
-52.4678568792264,-20.7094270337168
-52.4543568792264,-20.6860443587167
-52.4678568792264,-20.7561923837168
-52.5488568792264,-20.7561923837168
-52.5218568792264,-20.7561923837168
-52.4948568792264,-20.7561923837168
-52.4543568792264,-20.7328097087168
-52.4408568792264,-20.7094270337168
-52.4543568792264,-20.7795750587168
-52.5353568792264,-20.7795750587168
-52.5083568792264,-20.7795750587168
-52.4813568792264,-20.7795750587168
-52.4408568792264,-20.7561923837168
-52.4273568792264,-20.7328097087168
-52.4408568792264,-20.8029577337168
-52.4948568792264,-20.8029577337168
-52.4678568792264,-20.8029577337168
-52.4273568792264,-20.7795750587168
-52.4138568792264,-20.7561923837168
-52.4273568792264,-20.8263404087168
-52.4543568792264,-20.8263404087168
-52.4138568792264,-20.8029577337168
-52.4003568792264,-20.7795750587168
-52.4138568792264,-20.8497230837168
-52.4003568792264,-20.8263404087168
-52.3868568792264,-20.8029577337168
-52.3733568792263,-20.7795750587168
-52.3868568792264,-20.8497230837168
-52.3733568792263,-20.8263404087168
-52.3733568792263,-20.8731057587168
