-50.9373757744288,-14.8049632727168
-50.9103757744288,-14.8049632727168
-50.9238757744288,-14.7815805977168
-50.9508757744288,-14.7815805977168
-50.9643757744288,-14.8049632727168
-50.9508757744288,-14.8283459477168
-50.9238757744288,-14.8283459477168
-50.8833757744288,-14.8049632727168
-50.9103757744288,-14.7581979227168
-50.9643757744288,-14.7581979227168
-50.9913757744288,-14.8049632727168
-50.9643757744288,-14.8517286227168
-50.9103757744288,-14.8517286227168
-50.8968757744288,-14.7815805977168
-50.9373757744288,-14.7581979227168
-50.9778757744288,-14.7815805977168
-50.9778757744288,-14.8283459477168
-50.9373757744288,-14.8517286227168
-50.8968757744288,-14.8283459477168
-50.8563757744288,-14.8049632727168
-50.8968757744288,-14.7348152477168
-50.9778757744288,-14.7348152477168
-51.0183757744288,-14.8049632727168
-50.9778757744288,-14.8751112977168
-50.8968757744288,-14.8751112977168
-50.8698757744288,-14.7815805977168
-50.8833757744288,-14.7581979227168
-50.9238757744288,-14.7348152477168
-50.9508757744288,-14.7348152477168
-50.9913757744288,-14.7581979227168
-51.0048757744288,-14.7815805977168
-51.0048757744288,-14.8283459477168
-50.9913757744288,-14.8517286227168
-50.9508757744288,-14.8751112977168
-50.9238757744288,-14.8751112977168
-50.8833757744288,-14.8517286227168
-50.8698757744288,-14.8283459477168
-50.8293757744288,-14.8049632727168
-50.8833757744288,-14.7114325727168
-50.9913757744288,-14.7114325727168
-51.0453757744288,-14.8049632727168
-50.9913757744288,-14.8984939727168
-50.8833757744288,-14.8984939727168
-50.8428757744288,-14.7815805977168
-50.8563757744288,-14.7581979227168
-50.8698757744288,-14.7348152477168
-50.9103757744288,-14.7114325727168
-50.9373757744288,-14.7114325727168
-50.9643757744288,-14.7114325727168
-51.0048757744288,-14.7348152477168
-51.0183757744288,-14.7581979227168
-51.0318757744288,-14.7815805977168
-51.0318757744288,-14.8283459477168
-51.0183757744288,-14.8517286227168
-51.0048757744288,-14.8751112977168
-50.9643757744288,-14.8984939727168
-50.9373757744288,-14.8984939727168
-50.9103757744288,-14.8984939727168
-50.8698757744288,-14.8751112977168
-50.8563757744288,-14.8517286227168
-50.8428757744288,-14.8283459477168
-50.8698757744288,-14.6880498977168
-51.0048757744288,-14.6880498977168
-51.0048757744288,-14.9218766477168
-50.8698757744288,-14.9218766477168
-50.8428757744288,-14.7348152477168
-50.8563757744288,-14.7114325727168
-50.8968757744288,-14.6880498977168
-50.9238757744288,-14.6880498977168
-50.9508757744288,-14.6880498977168
-50.9778757744288,-14.6880498977168
-51.0183757744288,-14.7114325727168
-51.0318757744288,-14.7348152477168
-51.0453757744288,-14.7581979227168
-51.0588757744288,-14.8283459477168
-51.0453757744288,-14.8517286227168
-51.0318757744288,-14.8751112977168
-51.0183757744288,-14.8984939727168
-50.9778757744288,-14.9218766477168
-50.9508757744288,-14.9218766477168
-50.9238757744288,-14.9218766477168
-50.8968757744288,-14.9218766477168
-50.8563757744288,-14.8984939727168
-50.8428757744288,-14.8751112977168
-50.8293757744288,-14.8517286227168
-51.0183757744288,-14.6646672227168
-51.0183757744288,-14.9452593227168
-50.8563757744288,-14.9452593227168
-50.8833757744288,-14.6646672227168
-50.9103757744288,-14.6646672227168
-50.9373757744288,-14.6646672227168
-50.9643757744288,-14.6646672227168
-50.9913757744288,-14.6646672227168
-51.0723757744288,-14.8517286227168
-51.0588757744288,-14.8751112977168
-51.0453757744288,-14.8984939727168
-51.0318757744288,-14.9218766477168
-50.9913757744288,-14.9452593227168
-50.9643757744288,-14.9452593227168
-50.9373757744288,-14.9452593227168
-50.9103757744288,-14.9452593227168
-50.8833757744288,-14.9452593227168
-50.8428757744288,-14.9218766477168
-50.8293757744288,-14.8984939727168
-50.8158757744288,-14.8751112977168
-51.0318757744288,-14.9686419977168
-50.8428757744288,-14.9686419977168
-50.8698757744288,-14.6412845477168
-50.8968757744288,-14.6412845477168
-50.9238757744288,-14.6412845477168
-50.9508757744288,-14.6412845477168
-50.9778757744288,-14.6412845477168
-51.0048757744288,-14.6412845477168
-51.0858757744288,-14.8751112977168
-51.0723757744288,-14.8984939727168
-51.0588757744288,-14.9218766477168
-51.0453757744288,-14.9452593227168
-51.0048757744288,-14.9686419977168
-50.9778757744288,-14.9686419977168
-50.9508757744288,-14.9686419977168
-50.9238757744288,-14.9686419977168
-50.8968757744288,-14.9686419977168
-50.8698757744288,-14.9686419977168
-50.8293757744288,-14.9452593227168
-50.8158757744288,-14.9218766477168
-50.8023757744288,-14.8984939727168
-51.0453757744288,-14.9920246727168
-50.8293757744288,-14.9920246727168
-50.8563757744288,-14.6179018727168
-50.8833757744288,-14.6179018727168
-50.9103757744288,-14.6179018727168
-50.9373757744288,-14.6179018727168
-50.9643757744288,-14.6179018727168
-50.9913757744288,-14.6179018727168
-51.0858757744288,-14.9218766477168
-51.0723757744288,-14.9452593227168
-51.0588757744288,-14.9686419977168
-51.0183757744288,-14.9920246727168
-50.9913757744288,-14.9920246727168
-50.9643757744288,-14.9920246727168
-50.9373757744288,-14.9920246727168
-50.9103757744288,-14.9920246727168
-50.8833757744288,-14.9920246727168
-50.8563757744288,-14.9920246727168
-51.0588757744288,-15.0154073477168
-50.8158757744288,-15.0154073477168
-50.8968757744288,-14.5945191977168
-50.9238757744288,-14.5945191977168
-50.9508757744288,-14.5945191977168
-50.9778757744288,-14.5945191977168
-51.0993757744288,-14.9452593227168
-51.0858757744288,-14.9686419977168
-51.0723757744288,-14.9920246727168
-51.0318757744288,-15.0154073477168
-51.0048757744288,-15.0154073477168
-50.9778757744288,-15.0154073477168
-50.9508757744288,-15.0154073477168
-50.9238757744288,-15.0154073477168
-50.8968757744288,-15.0154073477168
-50.8698757744288,-15.0154073477168
-50.8428757744288,-15.0154073477168
-51.0723757744288,-15.0387900227168
-50.8023757744288,-15.0387900227168
-50.8833757744288,-14.5711365227168
-50.9103757744288,-14.5711365227168
-50.9373757744288,-14.5711365227168
-50.9643757744288,-14.5711365227168
-50.9913757744288,-14.5711365227168
-51.1128757744288,-14.9686419977168
-51.0993757744288,-14.9920246727168
-51.0858757744288,-15.0154073477168
-51.0453757744288,-15.0387900227168
-51.0183757744288,-15.0387900227168
-50.9913757744288,-15.0387900227168
-50.9643757744288,-15.0387900227168
-50.9373757744288,-15.0387900227168
-50.9103757744288,-15.0387900227168
-50.8833757744288,-15.0387900227168
-50.8563757744288,-15.0387900227168
-50.8293757744288,-15.0387900227168
-51.0858757744288,-15.0621726977168
-50.7888757744288,-15.0621726977168
-50.8698757744288,-14.5477538477168
-50.8968757744288,-14.5477538477168
-50.9238757744288,-14.5477538477168
-50.9508757744288,-14.5477538477168
-51.1263757744288,-14.9920246727168
-51.1128757744288,-15.0154073477168
-51.0993757744288,-15.0387900227168
-51.0588757744288,-15.0621726977168
-51.0318757744288,-15.0621726977168
-51.0048757744288,-15.0621726977168
-50.9778757744288,-15.0621726977168
-50.9508757744288,-15.0621726977168
-50.9238757744288,-15.0621726977168
-50.8968757744288,-15.0621726977168
-50.8698757744288,-15.0621726977168
-50.8428757744288,-15.0621726977168
-50.8158757744288,-15.0621726977168
-51.0993757744288,-15.0855553727168
-50.7753757744288,-15.0855553727168
-50.8563757744288,-14.5243711727168
-50.8833757744288,-14.5243711727168
-50.9103757744288,-14.5243711727168
-50.9373757744288,-14.5243711727168
-51.1398757744288,-15.0154073477168
-51.0723757744288,-15.0855553727168
-51.0453757744288,-15.0855553727168
-51.0183757744288,-15.0855553727168
-50.9913757744288,-15.0855553727168
-50.9643757744288,-15.0855553727168
-50.9373757744288,-15.0855553727168
-50.9103757744288,-15.0855553727168
-50.8833757744288,-15.0855553727168
-50.8563757744288,-15.0855553727168
-50.8293757744288,-15.0855553727168
-50.8023757744288,-15.0855553727168
-51.1128757744288,-15.1089380477168
-50.7618757744288,-15.1089380477168
-50.8698757744288,-14.5009884977168
-50.8968757744288,-14.5009884977168
-50.9238757744288,-14.5009884977168
-50.9508757744288,-14.5009884977168
-51.0858757744288,-15.1089380477168
-51.0588757744288,-15.1089380477168
-51.0318757744288,-15.1089380477168
-51.0048757744288,-15.1089380477168
-50.9778757744288,-15.1089380477168
-50.9508757744288,-15.1089380477168
-50.9238757744288,-15.1089380477168
-50.8968757744288,-15.1089380477168
-50.8698757744288,-15.1089380477168
-50.8428757744288,-15.1089380477168
-50.8158757744288,-15.1089380477168
-50.7888757744288,-15.1089380477168
-50.7483757744288,-15.0855553727168
-51.1263757744288,-15.1323207227168
-50.8563757744288,-14.4776058227168
-50.8833757744288,-14.4776058227168
-50.9103757744288,-14.4776058227168
-50.9373757744288,-14.4776058227168
-50.9643757744288,-14.4776058227168
-51.0993757744288,-15.1323207227168
-51.0723757744288,-15.1323207227168
-51.0453757744288,-15.1323207227168
-51.0183757744288,-15.1323207227168
-50.9913757744288,-15.1323207227168
-50.9643757744288,-15.1323207227168
-50.9373757744288,-15.1323207227168
-50.9103757744288,-15.1323207227168
-50.8833757744288,-15.1323207227168
-50.8563757744288,-15.1323207227168
-50.8293757744288,-15.1323207227168
-50.8023757744288,-15.1323207227168
-50.7753757744288,-15.1323207227168
-51.1398757744288,-15.1557033977168
-50.8428757744288,-14.4542231477168
-50.8698757744288,-14.4542231477168
-50.8968757744288,-14.4542231477168
-50.9238757744288,-14.4542231477168
-50.9508757744288,-14.4542231477168
-50.9778757744288,-14.4542231477168
-51.1128757744288,-15.1557033977168
-51.0858757744288,-15.1557033977168
-51.0588757744288,-15.1557033977168
-51.0318757744288,-15.1557033977168
-51.0048757744288,-15.1557033977168
-50.9778757744288,-15.1557033977168
-50.9508757744288,-15.1557033977168
-50.9238757744288,-15.1557033977168
-50.8968757744288,-15.1557033977168
-50.8698757744288,-15.1557033977168
-50.8428757744288,-15.1557033977168
-50.8158757744288,-15.1557033977168
-50.7888757744288,-15.1557033977168
-51.1533757744288,-15.1790860727168
-50.8563757744288,-14.4308404727168
-50.8833757744288,-14.4308404727168
-50.9103757744288,-14.4308404727168
-50.9373757744288,-14.4308404727168
-50.9643757744288,-14.4308404727168
-51.1263757744288,-15.1790860727168
-51.0993757744288,-15.1790860727168
-51.0723757744288,-15.1790860727168
-51.0453757744288,-15.1790860727168
-51.0183757744288,-15.1790860727168
-50.9913757744288,-15.1790860727168
-50.9643757744288,-15.1790860727168
-50.9373757744288,-15.1790860727168
-50.9103757744288,-15.1790860727168
-50.8833757744288,-15.1790860727168
-50.8563757744288,-15.1790860727168
-50.8293757744288,-15.1790860727168
-50.8023757744288,-15.1790860727168
-51.1668757744288,-15.2024687477168
-50.8428757744288,-14.4074577977168
-50.8698757744288,-14.4074577977168
-50.8968757744288,-14.4074577977168
-50.9238757744288,-14.4074577977168
-50.9508757744288,-14.4074577977168
-50.9778757744288,-14.4074577977168
-51.1398757744288,-15.2024687477168
-51.1128757744288,-15.2024687477168
-51.0858757744288,-15.2024687477168
-51.0588757744288,-15.2024687477168
-51.0318757744288,-15.2024687477168
-51.0048757744288,-15.2024687477168
-50.9778757744288,-15.2024687477168
-50.9508757744288,-15.2024687477168
-50.9238757744288,-15.2024687477168
-50.8968757744288,-15.2024687477168
-50.8023757744288,-14.3840751227168
-50.8293757744288,-14.3840751227168
-50.8563757744288,-14.3840751227168
-50.8833757744288,-14.3840751227168
-50.9103757744288,-14.3840751227168
-50.9373757744288,-14.3840751227168
-50.9643757744288,-14.3840751227168
-51.0993757744288,-15.2258514227168
-51.0723757744288,-15.2258514227168
-51.0453757744288,-15.2258514227168
-51.0183757744288,-15.2258514227168
-50.9913757744288,-15.2258514227168
-50.9643757744288,-15.2258514227168
-50.9373757744288,-15.2258514227168
-50.7888757744288,-14.3606924477168
-50.8158757744288,-14.3606924477168
-50.8428757744288,-14.3606924477168
-50.8698757744288,-14.3606924477168
-50.8968757744288,-14.3606924477168
-50.9238757744288,-14.3606924477168
-50.9508757744288,-14.3606924477168
-50.9778757744288,-14.3606924477168
-51.0588757744288,-15.2492340977168
-51.0318757744288,-15.2492340977168
-51.0048757744288,-15.2492340977168
-50.9778757744288,-15.2492340977168
-50.9508757744288,-15.2492340977168
-50.9238757744288,-15.2492340977168
-50.7753757744288,-14.3373097727168
-50.8023757744288,-14.3373097727168
-50.8293757744288,-14.3373097727168
-50.8563757744288,-14.3373097727168
-50.8833757744288,-14.3373097727168
-50.9103757744288,-14.3373097727168
-50.9373757744288,-14.3373097727168
-50.9643757744288,-14.3373097727168
-51.0183757744288,-15.2726167727168
-50.9913757744288,-15.2726167727168
-50.9643757744288,-15.2726167727168
-50.9373757744288,-15.2726167727168
-50.9103757744288,-15.2726167727168
-50.7618757744288,-14.3139270977168
-50.7888757744288,-14.3139270977168
-50.8158757744288,-14.3139270977168
-50.8428757744288,-14.3139270977168
-50.8698757744288,-14.3139270977168
-50.8968757744288,-14.3139270977168
-50.9238757744288,-14.3139270977168
-50.9508757744288,-14.3139270977168
-51.0048757744288,-15.2959994477168
-50.9778757744288,-15.2959994477168
-50.9508757744288,-15.2959994477168
-50.9238757744288,-15.2959994477168
-50.7753757744288,-14.2905444227168
-50.8023757744288,-14.2905444227168
-50.8293757744288,-14.2905444227168
-50.8563757744288,-14.2905444227168
-50.8833757744288,-14.2905444227168
-50.9103757744288,-14.2905444227168
-50.9373757744288,-14.2905444227168
-50.9643757744288,-14.2905444227168
-50.9913757744288,-15.3193821227168
-50.9103757744288,-15.3193821227168
-50.7888757744288,-14.2671617477168
-50.8158757744288,-14.2671617477168
-50.8428757744288,-14.2671617477168
-50.8698757744288,-14.2671617477168
-50.8968757744288,-14.2671617477168
-50.9238757744288,-14.2671617477168
-50.9508757744288,-14.2671617477168
-50.7753757744288,-14.2437790727168
-50.8023757744288,-14.2437790727168
-50.8293757744288,-14.2437790727168
-50.8563757744288,-14.2437790727168
-50.8833757744288,-14.2437790727168
-50.9103757744288,-14.2437790727168
-50.9373757744288,-14.2437790727168
-50.8158757744288,-14.2203963977168
-50.8428757744288,-14.2203963977168
-50.8698757744288,-14.2203963977168
-50.8968757744288,-14.2203963977168
-50.9238757744288,-14.2203963977168
-50.8023757744288,-14.1970137227168
-50.8293757744288,-14.1970137227168
-50.8563757744288,-14.1970137227168
-50.8833757744288,-14.1970137227168
-50.9103757744288,-14.1970137227168
-50.8158757744288,-14.1736310477168
-50.8428757744288,-14.1736310477168
-50.8698757744288,-14.1736310477168
-50.8968757744288,-14.1736310477168
-50.8293757744288,-14.1502483727168
-50.8563757744288,-14.1502483727168
-50.8833757744288,-14.1502483727168
-50.8428757744288,-14.1268656977168
