-52.6334908740661,-18.4644744209128
-52.6064908740661,-18.4644744209128
-52.6199908740661,-18.4410917459128
-52.6469908740661,-18.4410917459128
-52.6604908740661,-18.4644744209128
-52.6469908740661,-18.4878570959128
-52.6199908740661,-18.4878570959128
-52.5794908740661,-18.4644744209128
-52.6064908740661,-18.4177090709128
-52.6604908740661,-18.4177090709128
-52.6874908740661,-18.4644744209128
-52.6604908740661,-18.5112397709128
-52.6064908740661,-18.5112397709128
-52.5929908740661,-18.4410917459128
-52.6334908740661,-18.4177090709128
-52.6739908740661,-18.4410917459128
-52.6739908740661,-18.4878570959128
-52.6334908740661,-18.5112397709128
-52.5929908740661,-18.4878570959128
-52.5524908740661,-18.4644744209128
-52.5929908740661,-18.3943263959128
-52.6739908740661,-18.3943263959128
-52.7144908740661,-18.4644744209128
-52.6739908740661,-18.5346224459128
-52.5929908740661,-18.5346224459128
-52.5659908740661,-18.4410917459128
-52.5794908740661,-18.4177090709128
-52.6199908740661,-18.3943263959128
-52.6469908740661,-18.3943263959128
-52.6874908740661,-18.4177090709128
-52.7009908740661,-18.4410917459128
-52.7009908740661,-18.4878570959128
-52.6874908740661,-18.5112397709128
-52.6469908740661,-18.5346224459128
-52.6199908740661,-18.5346224459128
-52.5794908740661,-18.5112397709128
-52.5659908740661,-18.4878570959128
-52.5254908740661,-18.4644744209128
-52.5794908740661,-18.3709437209128
-52.6874908740661,-18.3709437209128
-52.7414908740661,-18.4644744209128
-52.6874908740661,-18.5580051209128
-52.5794908740661,-18.5580051209128
-52.5389908740661,-18.4410917459128
-52.5524908740661,-18.4177090709128
-52.5659908740661,-18.3943263959128
-52.6064908740661,-18.3709437209128
-52.6334908740661,-18.3709437209128
-52.6604908740661,-18.3709437209128
-52.7009908740661,-18.3943263959128
-52.7144908740661,-18.4177090709128
-52.7279908740661,-18.4410917459128
-52.7279908740661,-18.4878570959128
-52.7144908740661,-18.5112397709128
-52.7009908740661,-18.5346224459128
-52.6604908740661,-18.5580051209128
-52.6334908740661,-18.5580051209128
-52.6064908740661,-18.5580051209128
-52.5659908740661,-18.5346224459128
-52.5524908740661,-18.5112397709128
-52.5389908740661,-18.4878570959128
-52.4984908740661,-18.4644744209128
-52.5659908740661,-18.3475610459128
-52.7009908740661,-18.3475610459128
-52.7684908740661,-18.4644744209128
-52.7009908740661,-18.5813877959128
-52.5659908740661,-18.5813877959128
-52.5119908740661,-18.4410917459128
-52.5254908740661,-18.4177090709128
-52.5389908740661,-18.3943263959128
-52.5524908740661,-18.3709437209128
-52.5929908740661,-18.3475610459128
-52.6199908740661,-18.3475610459128
-52.6469908740661,-18.3475610459128
-52.6739908740661,-18.3475610459128
-52.7144908740661,-18.3709437209128
-52.7279908740661,-18.3943263959128
-52.7414908740661,-18.4177090709128
-52.7549908740661,-18.4410917459128
-52.7549908740661,-18.4878570959128
-52.7414908740661,-18.5112397709128
-52.7279908740661,-18.5346224459128
-52.7144908740661,-18.5580051209128
-52.6739908740661,-18.5813877959128
-52.6469908740661,-18.5813877959128
-52.6199908740661,-18.5813877959128
-52.5929908740661,-18.5813877959128
-52.5524908740661,-18.5580051209128
-52.5389908740661,-18.5346224459128
-52.5254908740661,-18.5112397709128
-52.5119908740661,-18.4878570959128
-52.4714908740661,-18.4644744209128
-52.5524908740661,-18.3241783709128
-52.7144908740661,-18.3241783709128
-52.7954908740661,-18.4644744209128
-52.7144908740661,-18.6047704709128
-52.5524908740661,-18.6047704709128
-52.4849908740661,-18.4410917459128
-52.4984908740661,-18.4177090709128
-52.5119908740661,-18.3943263959128
-52.5254908740661,-18.3709437209128
-52.5389908740661,-18.3475610459128
-52.5794908740661,-18.3241783709128
-52.6064908740661,-18.3241783709128
-52.6334908740661,-18.3241783709128
-52.6604908740661,-18.3241783709128
-52.6874908740661,-18.3241783709128
-52.7279908740661,-18.3475610459128
-52.7414908740661,-18.3709437209128
-52.7549908740661,-18.3943263959128
-52.7684908740661,-18.4177090709128
-52.7819908740661,-18.4410917459128
-52.7819908740661,-18.4878570959128
-52.7684908740661,-18.5112397709128
-52.7549908740661,-18.5346224459128
-52.7414908740661,-18.5580051209128
-52.7279908740661,-18.5813877959128
-52.6874908740661,-18.6047704709128
-52.6604908740661,-18.6047704709128
-52.6334908740661,-18.6047704709128
-52.6064908740661,-18.6047704709128
-52.5794908740661,-18.6047704709128
-52.5389908740661,-18.5813877959128
-52.5254908740661,-18.5580051209128
-52.5119908740661,-18.5346224459128
-52.4984908740661,-18.5112397709128
-52.4849908740661,-18.4878570959128
-52.4444908740661,-18.4644744209128
-52.7279908740661,-18.3007956959128
-52.8224908740661,-18.4644744209128
-52.7279908740661,-18.6281531459128
-52.5389908740661,-18.6281531459128
-52.4579908740661,-18.4410917459128
-52.4714908740661,-18.4177090709128
-52.4849908740661,-18.3943263959128
-52.4984908740661,-18.3709437209128
-52.5119908740661,-18.3475610459128
-52.5659908740661,-18.3007956959128
-52.5929908740661,-18.3007956959128
-52.6199908740661,-18.3007956959128
-52.6469908740661,-18.3007956959128
-52.6739908740661,-18.3007956959128
-52.7009908740661,-18.3007956959128
-52.7414908740661,-18.3241783709128
-52.7549908740661,-18.3475610459128
-52.7819908740661,-18.3943263959128
-52.7954908740661,-18.4177090709128
-52.8089908740661,-18.4410917459128
-52.8089908740661,-18.4878570959128
-52.7954908740661,-18.5112397709128
-52.7819908740661,-18.5346224459128
-52.7684908740661,-18.5580051209128
-52.7549908740661,-18.5813877959128
-52.7414908740661,-18.6047704709128
-52.7009908740661,-18.6281531459128
-52.6739908740661,-18.6281531459128
-52.6469908740661,-18.6281531459128
-52.6199908740661,-18.6281531459128
-52.5929908740661,-18.6281531459128
-52.5659908740661,-18.6281531459128
-52.5254908740661,-18.6047704709128
-52.5119908740661,-18.5813877959128
-52.4984908740661,-18.5580051209128
-52.4849908740661,-18.5346224459128
-52.4714908740661,-18.5112397709128
-52.4579908740661,-18.4878570959128
-52.4174908740661,-18.4644744209128
-52.7414908740661,-18.2774130209128
-52.7414908740661,-18.6515358209128
-52.5254908740661,-18.6515358209128
-52.4309908740661,-18.4410917459128
-52.6064908740661,-18.2774130209128
-52.6334908740661,-18.2774130209128
-52.6604908740661,-18.2774130209128
-52.6874908740661,-18.2774130209128
-52.7144908740661,-18.2774130209128
-52.7549908740661,-18.3007956959128
-52.7684908740661,-18.3241783709128
-52.8359908740661,-18.4410917459128
-52.8359908740661,-18.4878570959128
-52.8224908740661,-18.5112397709128
-52.8089908740661,-18.5346224459128
-52.7954908740661,-18.5580051209128
-52.7819908740661,-18.5813877959128
-52.7684908740661,-18.6047704709128
-52.7549908740661,-18.6281531459128
-52.7144908740661,-18.6515358209128
-52.6874908740661,-18.6515358209128
-52.6604908740661,-18.6515358209128
-52.6334908740661,-18.6515358209128
-52.6064908740661,-18.6515358209128
-52.5794908740661,-18.6515358209128
-52.5524908740661,-18.6515358209128
-52.5119908740661,-18.6281531459128
-52.4984908740661,-18.6047704709128
-52.4849908740661,-18.5813877959128
-52.4714908740661,-18.5580051209128
-52.4579908740661,-18.5346224459128
-52.4444908740661,-18.5112397709128
-52.4309908740661,-18.4878570959128
-52.3904908740661,-18.4644744209128
-52.7549908740661,-18.2540303459128
-52.7549908740661,-18.6749184959128
-52.6199908740661,-18.2540303459128
-52.6469908740661,-18.2540303459128
-52.6739908740661,-18.2540303459128
-52.7009908740661,-18.2540303459128
-52.7279908740661,-18.2540303459128
-52.7684908740661,-18.2774130209128
-52.7819908740661,-18.3007956959128
-52.8494908740661,-18.5112397709128
-52.8359908740661,-18.5346224459128
-52.8224908740661,-18.5580051209128
-52.8089908740661,-18.5813877959128
-52.7954908740661,-18.6047704709128
-52.7819908740661,-18.6281531459128
-52.7684908740661,-18.6515358209128
-52.7279908740661,-18.6749184959128
-52.7009908740661,-18.6749184959128
-52.6739908740661,-18.6749184959128
-52.6469908740661,-18.6749184959128
-52.6199908740661,-18.6749184959128
-52.5929908740661,-18.6749184959128
-52.4984908740661,-18.6515358209128
-52.4849908740661,-18.6281531459128
-52.4714908740661,-18.6047704709128
-52.4579908740661,-18.5813877959128
-52.4444908740661,-18.5580051209128
-52.4309908740661,-18.5346224459128
-52.4174908740661,-18.5112397709128
-52.4039908740661,-18.4878570959128
-52.7684908740661,-18.2306476709128
-52.6334908740661,-18.2306476709128
-52.6604908740661,-18.2306476709128
-52.6874908740661,-18.2306476709128
-52.7144908740661,-18.2306476709128
-52.7414908740661,-18.2306476709128
-52.7819908740661,-18.2540303459128
-52.7954908740661,-18.2774130209128
-52.8089908740661,-18.3007956959128
-52.8494908740661,-18.5580051209128
-52.8359908740661,-18.5813877959128
-52.8224908740661,-18.6047704709128
-52.8089908740661,-18.6281531459128
-52.7954908740661,-18.6515358209128
-52.7819908740661,-18.6749184959128
-52.4714908740661,-18.6515358209128
-52.4579908740661,-18.6281531459128
-52.4444908740661,-18.6047704709128
-52.4309908740661,-18.5813877959128
-52.4174908740661,-18.5580051209128
-52.4039908740661,-18.5346224459128
-52.3904908740661,-18.5112397709128
-52.3769908740661,-18.4878570959128
-52.7819908740661,-18.2072649959128
-52.6739908740661,-18.2072649959128
-52.7009908740661,-18.2072649959128
-52.7279908740661,-18.2072649959128
-52.7549908740661,-18.2072649959128
-52.7954908740661,-18.2306476709128
-52.8089908740661,-18.2540303459128
-52.8629908740661,-18.5813877959128
-52.8494908740661,-18.6047704709128
-52.8359908740661,-18.6281531459128
-52.8224908740661,-18.6515358209128
-52.4309908740661,-18.6281531459128
-52.4174908740661,-18.6047704709128
-52.4039908740661,-18.5813877959128
-52.3904908740661,-18.5580051209128
-52.3769908740661,-18.5346224459128
-52.3634908740661,-18.5112397709128
-52.3499908740661,-18.4878570959128
-52.7954908740661,-18.1838823209128
-52.6874908740661,-18.1838823209128
-52.7144908740661,-18.1838823209128
-52.7414908740661,-18.1838823209128
-52.7684908740661,-18.1838823209128
-52.8629908740661,-18.6281531459128
-52.8494908740661,-18.6515358209128
-52.3634908740661,-18.5580051209128
-52.3499908740661,-18.5346224459128
-52.3364908740661,-18.5112397709128
-52.3229908740661,-18.4878570959128
-52.7279908740661,-18.1604996459128
-52.7549908740661,-18.1604996459128
-52.7819908740661,-18.1604996459128
-52.3499908740661,-18.5813877959128
-52.3364908740661,-18.5580051209128
-52.7414908740661,-18.1371169709128
-52.7684908740661,-18.1371169709128
-52.3229908740661,-18.5813877959128
-52.7819908740661,-18.1137342959128
-52.3094908740661,-18.6047704709128
