-46.4865934873887,-13.5367805119474
-46.4595934873887,-13.5367805119474
-46.4730934873887,-13.5133978369474
-46.5000934873887,-13.5133978369474
-46.5135934873887,-13.5367805119474
-46.5000934873887,-13.5601631869474
-46.4730934873887,-13.5601631869474
-46.4325934873887,-13.5367805119474
-46.4595934873887,-13.4900151619474
-46.5135934873887,-13.4900151619474
-46.5405934873887,-13.5367805119474
-46.5135934873887,-13.5835458619474
-46.4595934873887,-13.5835458619474
-46.4460934873887,-13.5133978369474
-46.4865934873887,-13.4900151619474
-46.5270934873887,-13.5133978369474
-46.5270934873887,-13.5601631869474
-46.4865934873887,-13.5835458619474
-46.4460934873887,-13.5601631869474
-46.4055934873887,-13.5367805119474
-46.4460934873887,-13.4666324869474
-46.5270934873887,-13.4666324869474
-46.5675934873887,-13.5367805119474
-46.5270934873887,-13.6069285369474
-46.4460934873887,-13.6069285369474
-46.4190934873887,-13.5133978369474
-46.4325934873887,-13.4900151619474
-46.4730934873887,-13.4666324869474
-46.5000934873887,-13.4666324869474
-46.5405934873887,-13.4900151619474
-46.5540934873887,-13.5133978369474
-46.5540934873887,-13.5601631869474
-46.5405934873887,-13.5835458619474
-46.5000934873887,-13.6069285369474
-46.4730934873887,-13.6069285369474
-46.4325934873887,-13.5835458619474
-46.4190934873887,-13.5601631869474
-46.3785934873887,-13.5367805119474
-46.4325934873887,-13.4432498119474
-46.5405934873887,-13.4432498119474
-46.5945934873887,-13.5367805119474
-46.5405934873887,-13.6303112119474
-46.4325934873887,-13.6303112119474
-46.3920934873887,-13.5133978369474
-46.4055934873887,-13.4900151619474
-46.4190934873887,-13.4666324869474
-46.4595934873887,-13.4432498119474
-46.4865934873887,-13.4432498119474
-46.5135934873887,-13.4432498119474
-46.5540934873887,-13.4666324869474
-46.5675934873887,-13.4900151619474
-46.5810934873887,-13.5133978369474
-46.5810934873887,-13.5601631869474
-46.5675934873887,-13.5835458619474
-46.5540934873887,-13.6069285369474
-46.5135934873887,-13.6303112119474
-46.4865934873887,-13.6303112119474
-46.4595934873887,-13.6303112119474
-46.4190934873887,-13.6069285369474
-46.4055934873887,-13.5835458619474
-46.3920934873887,-13.5601631869474
-46.3515934873887,-13.5367805119474
-46.4190934873887,-13.4198671369474
-46.5540934873887,-13.4198671369474
-46.6215934873887,-13.5367805119474
-46.5540934873887,-13.6536938869474
-46.4190934873887,-13.6536938869474
-46.3650934873887,-13.5133978369474
-46.3785934873887,-13.4900151619474
-46.3920934873887,-13.4666324869474
-46.4055934873887,-13.4432498119474
-46.4460934873887,-13.4198671369474
-46.4730934873887,-13.4198671369474
-46.5000934873887,-13.4198671369474
-46.5270934873887,-13.4198671369474
-46.5675934873887,-13.4432498119474
-46.5810934873887,-13.4666324869474
-46.5945934873887,-13.4900151619474
-46.6080934873887,-13.5133978369474
-46.6080934873887,-13.5601631869474
-46.5945934873887,-13.5835458619474
-46.5810934873887,-13.6069285369474
-46.5675934873887,-13.6303112119474
-46.5270934873887,-13.6536938869474
-46.5000934873887,-13.6536938869474
-46.4730934873887,-13.6536938869474
-46.4460934873887,-13.6536938869474
-46.4055934873887,-13.6303112119474
-46.3920934873887,-13.6069285369474
-46.3785934873887,-13.5835458619474
-46.3650934873887,-13.5601631869474
-46.3245934873887,-13.5367805119474
-46.4055934873887,-13.3964844619474
-46.5675934873887,-13.3964844619474
-46.6485934873887,-13.5367805119474
-46.5675934873887,-13.6770765619474
-46.4055934873887,-13.6770765619474
-46.3380934873887,-13.5133978369474
-46.3515934873887,-13.4900151619474
-46.3650934873887,-13.4666324869474
-46.3785934873887,-13.4432498119474
-46.3920934873887,-13.4198671369474
-46.4325934873887,-13.3964844619474
-46.4595934873887,-13.3964844619474
-46.4865934873887,-13.3964844619474
-46.5135934873887,-13.3964844619474
-46.5405934873887,-13.3964844619474
-46.5810934873887,-13.4198671369474
-46.5945934873887,-13.4432498119474
-46.6080934873887,-13.4666324869474
-46.6215934873887,-13.4900151619474
-46.6350934873887,-13.5133978369474
-46.6350934873887,-13.5601631869474
-46.6215934873887,-13.5835458619474
-46.6080934873887,-13.6069285369474
-46.5945934873887,-13.6303112119474
-46.5810934873887,-13.6536938869474
-46.5405934873887,-13.6770765619474
-46.5135934873887,-13.6770765619474
-46.4865934873887,-13.6770765619474
-46.4595934873887,-13.6770765619474
-46.4325934873887,-13.6770765619474
-46.3920934873887,-13.6536938869474
-46.3785934873887,-13.6303112119474
-46.3650934873887,-13.6069285369474
-46.3515934873887,-13.5835458619474
-46.3380934873887,-13.5601631869474
-46.2975934873887,-13.5367805119474
-46.6755934873887,-13.5367805119474
-46.5810934873887,-13.7004592369474
-46.3920934873887,-13.7004592369474
-46.3110934873887,-13.5133978369474
-46.3245934873887,-13.4900151619474
-46.3380934873887,-13.4666324869474
-46.3515934873887,-13.4432498119474
-46.3650934873887,-13.4198671369474
-46.3785934873887,-13.3964844619474
-46.5945934873887,-13.3964844619474
-46.6080934873887,-13.4198671369474
-46.6215934873887,-13.4432498119474
-46.6350934873887,-13.4666324869474
-46.6485934873887,-13.4900151619474
-46.6620934873887,-13.5133978369474
-46.6620934873887,-13.5601631869474
-46.6485934873887,-13.5835458619474
-46.6350934873887,-13.6069285369474
-46.6215934873887,-13.6303112119474
-46.6080934873887,-13.6536938869474
-46.5945934873887,-13.6770765619474
-46.5540934873887,-13.7004592369474
-46.5270934873887,-13.7004592369474
-46.5000934873887,-13.7004592369474
-46.4730934873887,-13.7004592369474
-46.4460934873887,-13.7004592369474
-46.4190934873887,-13.7004592369474
-46.3785934873887,-13.6770765619474
-46.3650934873887,-13.6536938869474
-46.3515934873887,-13.6303112119474
-46.3380934873887,-13.6069285369474
-46.3245934873887,-13.5835458619474
-46.3110934873887,-13.5601631869474
-46.2705934873887,-13.5367805119474
-46.3785934873887,-13.3497191119474
-46.7025934873887,-13.5367805119474
-46.5945934873887,-13.7238419119474
-46.3785934873887,-13.7238419119474
-46.2840934873887,-13.5133978369474
-46.2975934873887,-13.4900151619474
-46.3110934873887,-13.4666324869474
-46.3245934873887,-13.4432498119474
-46.3380934873887,-13.4198671369474
-46.3515934873887,-13.3964844619474
-46.3650934873887,-13.3731017869474
-46.6215934873887,-13.3964844619474
-46.6350934873887,-13.4198671369474
-46.6485934873887,-13.4432498119474
-46.6620934873887,-13.4666324869474
-46.6755934873887,-13.4900151619474
-46.6890934873887,-13.5133978369474
-46.6890934873887,-13.5601631869474
-46.6755934873887,-13.5835458619474
-46.6620934873887,-13.6069285369474
-46.6485934873887,-13.6303112119474
-46.6350934873887,-13.6536938869474
-46.6215934873887,-13.6770765619474
-46.6080934873887,-13.7004592369474
-46.5675934873887,-13.7238419119474
-46.5405934873887,-13.7238419119474
-46.5135934873887,-13.7238419119474
-46.4865934873887,-13.7238419119474
-46.4595934873887,-13.7238419119474
-46.4325934873887,-13.7238419119474
-46.4055934873887,-13.7238419119474
-46.3650934873887,-13.7004592369474
-46.3515934873887,-13.6770765619474
-46.3380934873887,-13.6536938869474
-46.3245934873887,-13.6303112119474
-46.3110934873887,-13.6069285369474
-46.2975934873887,-13.5835458619474
-46.2840934873887,-13.5601631869474
-46.2435934873887,-13.5367805119474
-46.3650934873887,-13.3263364369474
-46.7295934873887,-13.5367805119474
-46.6080934873887,-13.7472245869474
-46.2570934873887,-13.5133978369474
-46.2705934873887,-13.4900151619474
-46.2840934873887,-13.4666324869474
-46.2975934873887,-13.4432498119474
-46.3110934873887,-13.4198671369474
-46.3245934873887,-13.3964844619474
-46.3380934873887,-13.3731017869474
-46.3515934873887,-13.3497191119474
-46.6485934873887,-13.3964844619474
-46.6620934873887,-13.4198671369474
-46.6755934873887,-13.4432498119474
-46.6890934873887,-13.4666324869474
-46.7025934873887,-13.4900151619474
-46.7160934873887,-13.5133978369474
-46.7160934873887,-13.5601631869474
-46.7025934873887,-13.5835458619474
-46.6890934873887,-13.6069285369474
-46.6755934873887,-13.6303112119474
-46.6620934873887,-13.6536938869474
-46.6485934873887,-13.6770765619474
-46.6350934873887,-13.7004592369474
-46.6215934873887,-13.7238419119474
-46.5810934873887,-13.7472245869474
-46.5540934873887,-13.7472245869474
-46.5270934873887,-13.7472245869474
-46.5000934873887,-13.7472245869474
-46.4730934873887,-13.7472245869474
-46.4460934873887,-13.7472245869474
-46.4190934873887,-13.7472245869474
-46.3920934873887,-13.7472245869474
-46.3515934873887,-13.7238419119474
-46.3380934873887,-13.7004592369474
-46.3245934873887,-13.6770765619474
-46.3110934873887,-13.6536938869474
-46.2975934873887,-13.6303112119474
-46.2840934873887,-13.6069285369474
-46.2705934873887,-13.5835458619474
-46.2570934873887,-13.5601631869474
-46.3515934873887,-13.3029537619474
-46.7565934873887,-13.5367805119474
-46.6215934873887,-13.7706072619474
-46.2300934873887,-13.5133978369474
-46.2435934873887,-13.4900151619474
-46.2570934873887,-13.4666324869474
-46.2705934873887,-13.4432498119474
-46.2840934873887,-13.4198671369474
-46.2975934873887,-13.3964844619474
-46.3110934873887,-13.3731017869474
-46.3245934873887,-13.3497191119474
-46.3380934873887,-13.3263364369474
-46.3785934873887,-13.3029537619474
-46.6755934873887,-13.3964844619474
-46.6890934873887,-13.4198671369474
-46.7025934873887,-13.4432498119474
-46.7160934873887,-13.4666324869474
-46.7295934873887,-13.4900151619474
-46.7430934873887,-13.5133978369474
-46.7430934873887,-13.5601631869474
-46.7295934873887,-13.5835458619474
-46.7160934873887,-13.6069285369474
-46.7025934873887,-13.6303112119474
-46.6890934873887,-13.6536938869474
-46.6755934873887,-13.6770765619474
-46.6620934873887,-13.7004592369474
-46.6485934873887,-13.7238419119474
-46.6350934873887,-13.7472245869474
-46.5945934873887,-13.7706072619474
-46.5675934873887,-13.7706072619474
-46.5405934873887,-13.7706072619474
-46.5135934873887,-13.7706072619474
-46.4865934873887,-13.7706072619474
-46.4595934873887,-13.7706072619474
-46.4325934873887,-13.7706072619474
-46.4055934873887,-13.7706072619474
-46.3110934873887,-13.7004592369474
-46.2975934873887,-13.6770765619474
-46.2840934873887,-13.6536938869474
-46.2705934873887,-13.6303112119474
-46.2570934873887,-13.6069285369474
-46.2435934873887,-13.5835458619474
-46.3380934873887,-13.2795710869474
-46.6350934873887,-13.7939899369474
-46.2300934873887,-13.4666324869474
-46.2435934873887,-13.4432498119474
-46.2570934873887,-13.4198671369474
-46.2705934873887,-13.3964844619474
-46.2840934873887,-13.3731017869474
-46.2975934873887,-13.3497191119474
-46.3110934873887,-13.3263364369474
-46.3245934873887,-13.3029537619474
-46.3650934873887,-13.2795710869474
-46.7025934873887,-13.3964844619474
-46.7160934873887,-13.4198671369474
-46.7295934873887,-13.4432498119474
-46.7430934873887,-13.4666324869474
-46.7565934873887,-13.4900151619474
-46.7700934873887,-13.5133978369474
-46.7700934873887,-13.5601631869474
-46.7565934873887,-13.5835458619474
-46.7430934873887,-13.6069285369474
-46.7295934873887,-13.6303112119474
-46.7160934873887,-13.6536938869474
-46.7025934873887,-13.6770765619474
-46.6890934873887,-13.7004592369474
-46.6755934873887,-13.7238419119474
-46.6620934873887,-13.7472245869474
-46.6485934873887,-13.7706072619474
-46.6080934873887,-13.7939899369474
-46.5810934873887,-13.7939899369474
-46.5540934873887,-13.7939899369474
-46.5270934873887,-13.7939899369474
-46.5000934873887,-13.7939899369474
-46.4730934873887,-13.7939899369474
-46.4460934873887,-13.7939899369474
-46.2840934873887,-13.7004592369474
-46.2705934873887,-13.6770765619474
-46.2570934873887,-13.6536938869474
-46.2435934873887,-13.6303112119474
-46.2300934873887,-13.6069285369474
-46.2165934873887,-13.5835458619474
-46.3245934873887,-13.2561884119474
-46.2435934873887,-13.3964844619474
-46.2570934873887,-13.3731017869474
-46.2705934873887,-13.3497191119474
-46.3110934873887,-13.2795710869474
-46.3515934873887,-13.2561884119474
-46.3785934873887,-13.2561884119474
-46.7295934873887,-13.3964844619474
-46.7430934873887,-13.4198671369474
-46.7565934873887,-13.4432498119474
-46.7835934873887,-13.5835458619474
-46.7700934873887,-13.6069285369474
-46.7565934873887,-13.6303112119474
-46.7430934873887,-13.6536938869474
-46.7295934873887,-13.6770765619474
-46.7160934873887,-13.7004592369474
-46.7025934873887,-13.7238419119474
-46.6890934873887,-13.7472245869474
-46.6755934873887,-13.7706072619474
-46.6620934873887,-13.7939899369474
-46.6215934873887,-13.8173726119474
-46.2570934873887,-13.7004592369474
-46.2165934873887,-13.6303112119474
-46.2030934873887,-13.6069285369474
-46.1895934873887,-13.5835458619474
-46.2165934873887,-13.3964844619474
-46.2300934873887,-13.3731017869474
-46.2435934873887,-13.3497191119474
-46.3380934873887,-13.2328057369474
-46.3650934873887,-13.2328057369474
-46.7970934873887,-13.6069285369474
-46.7835934873887,-13.6303112119474
-46.7700934873887,-13.6536938869474
-46.7565934873887,-13.6770765619474
-46.7430934873887,-13.7004592369474
-46.7295934873887,-13.7238419119474
-46.7160934873887,-13.7472245869474
-46.7025934873887,-13.7706072619474
-46.6890934873887,-13.7939899369474
-46.1760934873887,-13.6069285369474
-46.2030934873887,-13.3731017869474
-46.2165934873887,-13.3497191119474
-46.3245934873887,-13.2094230619474
-46.3515934873887,-13.2094230619474
-46.3785934873887,-13.2094230619474
-46.8240934873887,-13.6069285369474
-46.8105934873887,-13.6303112119474
-46.7970934873887,-13.6536938869474
-46.7835934873887,-13.6770765619474
-46.7700934873887,-13.7004592369474
-46.7565934873887,-13.7238419119474
-46.7430934873887,-13.7472245869474
-46.7295934873887,-13.7706072619474
-46.7160934873887,-13.7939899369474
-46.7025934873887,-13.8173726119474
-46.1760934873887,-13.3731017869474
-46.1895934873887,-13.3497191119474
-46.2030934873887,-13.3263364369474
-46.3110934873887,-13.1860403869474
-46.3380934873887,-13.1860403869474
-46.3650934873887,-13.1860403869474
-46.8375934873887,-13.6303112119474
-46.7835934873887,-13.7238419119474
-46.7700934873887,-13.7472245869474
-46.7565934873887,-13.7706072619474
-46.7430934873887,-13.7939899369474
-46.7295934873887,-13.8173726119474
-46.1490934873887,-13.3731017869474
-46.1625934873887,-13.3497191119474
-46.1760934873887,-13.3263364369474
-46.3245934873887,-13.1626577119474
-46.3515934873887,-13.1626577119474
-46.3785934873887,-13.1626577119474
-46.7970934873887,-13.7472245869474
-46.7835934873887,-13.7706072619474
-46.7700934873887,-13.7939899369474
-46.7565934873887,-13.8173726119474
-46.1355934873887,-13.3497191119474
-46.1490934873887,-13.3263364369474
-46.3110934873887,-13.1392750369474
-46.3380934873887,-13.1392750369474
-46.3650934873887,-13.1392750369474
-46.3920934873887,-13.1392750369474
-46.8105934873887,-13.7706072619474
-46.7970934873887,-13.7939899369474
-46.7835934873887,-13.8173726119474
-46.1085934873887,-13.3497191119474
-46.1220934873887,-13.3263364369474
-46.1355934873887,-13.3029537619474
-46.3245934873887,-13.1158923619474
-46.3515934873887,-13.1158923619474
-46.3785934873887,-13.1158923619474
-46.4055934873887,-13.1158923619474
-46.8105934873887,-13.8173726119474
-46.0950934873887,-13.3263364369474
-46.1085934873887,-13.3029537619474
-46.3380934873887,-13.0925096869474
-46.3650934873887,-13.0925096869474
-46.3920934873887,-13.0925096869474
-46.4190934873887,-13.0925096869474
-46.8375934873887,-13.8173726119474
-46.8240934873887,-13.8407552869474
-46.0815934873887,-13.3029537619474
-46.0950934873887,-13.2795710869474
-46.3245934873887,-13.0691270119474
-46.3515934873887,-13.0691270119474
-46.3785934873887,-13.0691270119474
-46.4055934873887,-13.0691270119474
-46.4325934873887,-13.0691270119474
-46.0545934873887,-13.3029537619474
-46.0680934873887,-13.2795710869474
