-50.6380583834716,-17.0465967808105
-50.6110583834716,-17.0465967808105
-50.6245583834716,-17.0232141058105
-50.6515583834716,-17.0232141058105
-50.6650583834716,-17.0465967808105
-50.6515583834716,-17.0699794558106
-50.6245583834716,-17.0699794558106
-50.5840583834716,-17.0465967808105
-50.6110583834716,-16.9998314308105
-50.6650583834716,-16.9998314308105
-50.6920583834716,-17.0465967808105
-50.6650583834716,-17.0933621308106
-50.6110583834716,-17.0933621308106
-50.5975583834716,-17.0232141058105
-50.6380583834716,-16.9998314308105
-50.6785583834716,-17.0232141058105
-50.6785583834716,-17.0699794558106
-50.6380583834716,-17.0933621308106
-50.5975583834716,-17.0699794558106
-50.5570583834716,-17.0465967808105
-50.5975583834716,-16.9764487558105
-50.6785583834716,-16.9764487558105
-50.7190583834716,-17.0465967808105
-50.6785583834716,-17.1167448058106
-50.5975583834716,-17.1167448058106
-50.5705583834716,-17.0232141058105
-50.5840583834716,-16.9998314308105
-50.6245583834716,-16.9764487558105
-50.6515583834716,-16.9764487558105
-50.6920583834716,-16.9998314308105
-50.7055583834716,-17.0232141058105
-50.7055583834716,-17.0699794558106
-50.6920583834716,-17.0933621308106
-50.6515583834716,-17.1167448058106
-50.6245583834716,-17.1167448058106
-50.5840583834716,-17.0933621308106
-50.5705583834716,-17.0699794558106
-50.5300583834716,-17.0465967808105
-50.5840583834716,-16.9530660808105
-50.6920583834716,-16.9530660808105
-50.7460583834716,-17.0465967808105
-50.6920583834716,-17.1401274808106
-50.5840583834716,-17.1401274808106
-50.5435583834716,-17.0232141058105
-50.5570583834716,-16.9998314308105
-50.5705583834716,-16.9764487558105
-50.6110583834716,-16.9530660808105
-50.6380583834716,-16.9530660808105
-50.6650583834716,-16.9530660808105
-50.7055583834716,-16.9764487558105
-50.7190583834716,-16.9998314308105
-50.7325583834716,-17.0232141058105
-50.7325583834716,-17.0699794558106
-50.7190583834716,-17.0933621308106
-50.7055583834716,-17.1167448058106
-50.6650583834716,-17.1401274808106
-50.6380583834716,-17.1401274808106
-50.6110583834716,-17.1401274808106
-50.5705583834716,-17.1167448058106
-50.5570583834716,-17.0933621308106
-50.5435583834716,-17.0699794558106
-50.5030583834716,-17.0465967808105
-50.5705583834716,-16.9296834058105
-50.7055583834716,-16.9296834058105
-50.7730583834716,-17.0465967808105
-50.7055583834716,-17.1635101558106
-50.5705583834716,-17.1635101558106
-50.5165583834716,-17.0232141058105
-50.5300583834716,-16.9998314308105
-50.5435583834716,-16.9764487558105
-50.5570583834716,-16.9530660808105
-50.5975583834716,-16.9296834058105
-50.6245583834716,-16.9296834058105
-50.6515583834716,-16.9296834058105
-50.6785583834716,-16.9296834058105
-50.7190583834716,-16.9530660808105
-50.7325583834716,-16.9764487558105
-50.7460583834716,-16.9998314308105
-50.7595583834716,-17.0232141058105
-50.7595583834716,-17.0699794558106
-50.7460583834716,-17.0933621308106
-50.7325583834716,-17.1167448058106
-50.7190583834716,-17.1401274808106
-50.6785583834716,-17.1635101558106
-50.6515583834716,-17.1635101558106
-50.6245583834716,-17.1635101558106
-50.5975583834716,-17.1635101558106
-50.5570583834716,-17.1401274808106
-50.5435583834716,-17.1167448058106
-50.5300583834716,-17.0933621308106
-50.5165583834716,-17.0699794558106
-50.4760583834716,-17.0465967808105
-50.5570583834716,-16.9063007308105
-50.7190583834716,-16.9063007308105
-50.8000583834716,-17.0465967808105
-50.7190583834716,-17.1868928308106
-50.5570583834716,-17.1868928308106
-50.4895583834716,-17.0232141058105
-50.5030583834716,-16.9998314308105
-50.5165583834716,-16.9764487558105
-50.5300583834716,-16.9530660808105
-50.5435583834716,-16.9296834058105
-50.5840583834716,-16.9063007308105
-50.6110583834716,-16.9063007308105
-50.6380583834716,-16.9063007308105
-50.6650583834716,-16.9063007308105
-50.6920583834716,-16.9063007308105
-50.7325583834716,-16.9296834058105
-50.7460583834716,-16.9530660808105
-50.7595583834716,-16.9764487558105
-50.7730583834716,-16.9998314308105
-50.7865583834716,-17.0232141058105
-50.7865583834716,-17.0699794558106
-50.7730583834716,-17.0933621308106
-50.7595583834716,-17.1167448058106
-50.7460583834716,-17.1401274808106
-50.7325583834716,-17.1635101558106
-50.6920583834716,-17.1868928308106
-50.6650583834716,-17.1868928308106
-50.6380583834716,-17.1868928308106
-50.6110583834716,-17.1868928308106
-50.5840583834716,-17.1868928308106
-50.5435583834716,-17.1635101558106
-50.5300583834716,-17.1401274808106
-50.5165583834716,-17.1167448058106
-50.5030583834716,-17.0933621308106
-50.4895583834716,-17.0699794558106
-50.4490583834716,-17.0465967808105
-50.5435583834716,-16.8829180558105
-50.7325583834716,-16.8829180558105
-50.8270583834716,-17.0465967808105
-50.7325583834716,-17.2102755058106
-50.5435583834716,-17.2102755058106
-50.4625583834716,-17.0232141058105
-50.4760583834716,-16.9998314308105
-50.4895583834716,-16.9764487558105
-50.5030583834716,-16.9530660808105
-50.5165583834716,-16.9296834058105
-50.5300583834716,-16.9063007308105
-50.5705583834716,-16.8829180558105
-50.5975583834716,-16.8829180558105
-50.6245583834716,-16.8829180558105
-50.6515583834716,-16.8829180558105
-50.6785583834716,-16.8829180558105
-50.7055583834716,-16.8829180558105
-50.7460583834716,-16.9063007308105
-50.7595583834716,-16.9296834058105
-50.7730583834716,-16.9530660808105
-50.7865583834716,-16.9764487558105
-50.8000583834716,-16.9998314308105
-50.8135583834716,-17.0232141058105
-50.8135583834716,-17.0699794558106
-50.8000583834716,-17.0933621308106
-50.7865583834716,-17.1167448058106
-50.7730583834716,-17.1401274808106
-50.7595583834716,-17.1635101558106
-50.7460583834716,-17.1868928308106
-50.7055583834716,-17.2102755058106
-50.6785583834716,-17.2102755058106
-50.6515583834716,-17.2102755058106
-50.6245583834716,-17.2102755058106
-50.5975583834716,-17.2102755058106
-50.5705583834716,-17.2102755058106
-50.5300583834716,-17.1868928308106
-50.5165583834716,-17.1635101558106
-50.5030583834716,-17.1401274808106
-50.4895583834716,-17.1167448058106
-50.4760583834716,-17.0933621308106
-50.4625583834716,-17.0699794558106
-50.4220583834716,-17.0465967808105
-50.5300583834716,-16.8595353808105
-50.7460583834716,-16.8595353808105
-50.8540583834716,-17.0465967808105
-50.5300583834716,-17.2336581808106
-50.4355583834716,-17.0232141058105
-50.4490583834716,-16.9998314308105
-50.4625583834716,-16.9764487558105
-50.4760583834716,-16.9530660808105
-50.4895583834716,-16.9296834058105
-50.5030583834716,-16.9063007308105
-50.5165583834716,-16.8829180558105
-50.5570583834716,-16.8595353808105
-50.5840583834716,-16.8595353808105
-50.6110583834716,-16.8595353808105
-50.6380583834716,-16.8595353808105
-50.6650583834716,-16.8595353808105
-50.6920583834716,-16.8595353808105
-50.7190583834716,-16.8595353808105
-50.7595583834716,-16.8829180558105
-50.7730583834716,-16.9063007308105
-50.7865583834716,-16.9296834058105
-50.8000583834716,-16.9530660808105
-50.8135583834716,-16.9764487558105
-50.8270583834716,-16.9998314308105
-50.8405583834716,-17.0232141058105
-50.8405583834716,-17.0699794558106
-50.8270583834716,-17.0933621308106
-50.8135583834716,-17.1167448058106
-50.8000583834716,-17.1401274808106
-50.7865583834716,-17.1635101558106
-50.7730583834716,-17.1868928308106
-50.7595583834716,-17.2102755058106
-50.7190583834716,-17.2336581808106
-50.6920583834716,-17.2336581808106
-50.6650583834716,-17.2336581808106
-50.6380583834716,-17.2336581808106
-50.6110583834716,-17.2336581808106
-50.5840583834716,-17.2336581808106
-50.5570583834716,-17.2336581808106
-50.5165583834716,-17.2102755058106
-50.5030583834716,-17.1868928308106
-50.4895583834716,-17.1635101558106
-50.4760583834716,-17.1401274808106
-50.4625583834716,-17.1167448058106
-50.4490583834716,-17.0933621308106
-50.4355583834716,-17.0699794558106
-50.3950583834716,-17.0465967808105
-50.5165583834716,-16.8361527058105
-50.7595583834716,-16.8361527058105
-50.8810583834716,-17.0465967808105
-50.5165583834716,-17.2570408558106
-50.4085583834716,-17.0232141058105
-50.4220583834716,-16.9998314308105
-50.4355583834716,-16.9764487558105
-50.4490583834716,-16.9530660808105
-50.4625583834716,-16.9296834058105
-50.4760583834716,-16.9063007308105
-50.4895583834716,-16.8829180558105
-50.5030583834716,-16.8595353808105
-50.5435583834716,-16.8361527058105
-50.5705583834716,-16.8361527058105
-50.6785583834716,-16.8361527058105
-50.7055583834716,-16.8361527058105
-50.7325583834716,-16.8361527058105
-50.7730583834716,-16.8595353808105
-50.7865583834716,-16.8829180558105
-50.8000583834716,-16.9063007308105
-50.8135583834716,-16.9296834058105
-50.8270583834716,-16.9530660808105
-50.8405583834716,-16.9764487558105
-50.8540583834716,-16.9998314308105
-50.8675583834716,-17.0232141058105
-50.8675583834716,-17.0699794558106
-50.8540583834716,-17.0933621308106
-50.8405583834716,-17.1167448058106
-50.8270583834716,-17.1401274808106
-50.8135583834716,-17.1635101558106
-50.7055583834716,-17.2570408558106
-50.6785583834716,-17.2570408558106
-50.6515583834716,-17.2570408558106
-50.6245583834716,-17.2570408558106
-50.5975583834716,-17.2570408558106
-50.5705583834716,-17.2570408558106
-50.5435583834716,-17.2570408558106
-50.5030583834716,-17.2336581808106
-50.4895583834716,-17.2102755058106
-50.4760583834716,-17.1868928308106
-50.4625583834716,-17.1635101558106
-50.4490583834716,-17.1401274808106
-50.4355583834716,-17.1167448058106
-50.4220583834716,-17.0933621308106
-50.4085583834716,-17.0699794558106
-50.3680583834716,-17.0465967808105
-50.5030583834716,-16.8127700308105
-50.7730583834716,-16.8127700308105
-50.9080583834716,-17.0465967808105
-50.5030583834716,-17.2804235308106
-50.3815583834716,-17.0232141058105
-50.3950583834716,-16.9998314308105
-50.4085583834716,-16.9764487558105
-50.4220583834716,-16.9530660808105
-50.4355583834716,-16.9296834058105
-50.4490583834716,-16.9063007308105
-50.4625583834716,-16.8829180558105
-50.4760583834716,-16.8595353808105
-50.4895583834716,-16.8361527058105
-50.5300583834716,-16.8127700308105
-50.7190583834716,-16.8127700308105
-50.7460583834716,-16.8127700308105
-50.7865583834716,-16.8361527058105
-50.8000583834716,-16.8595353808105
-50.8135583834716,-16.8829180558105
-50.8270583834716,-16.9063007308105
-50.8405583834716,-16.9296834058105
-50.8540583834716,-16.9530660808105
-50.8675583834716,-16.9764487558105
-50.8810583834716,-16.9998314308105
-50.8945583834716,-17.0232141058105
-50.8945583834716,-17.0699794558106
-50.8810583834716,-17.0933621308106
-50.8675583834716,-17.1167448058106
-50.8540583834716,-17.1401274808106
-50.8405583834716,-17.1635101558106
-50.7190583834716,-17.2804235308106
-50.6920583834716,-17.2804235308106
-50.6650583834716,-17.2804235308106
-50.6380583834716,-17.2804235308106
-50.6110583834716,-17.2804235308106
-50.5840583834716,-17.2804235308106
-50.5570583834716,-17.2804235308106
-50.5300583834716,-17.2804235308106
-50.4895583834716,-17.2570408558106
-50.4760583834716,-17.2336581808106
-50.4625583834716,-17.2102755058106
-50.4490583834716,-17.1868928308106
-50.4355583834716,-17.1635101558106
-50.4220583834716,-17.1401274808106
-50.4085583834716,-17.1167448058106
-50.3950583834716,-17.0933621308106
-50.3815583834716,-17.0699794558106
-50.3410583834716,-17.0465967808105
-50.9350583834716,-17.0465967808105
-50.4895583834716,-17.3038062058106
-50.3545583834716,-17.0232141058105
-50.3680583834716,-16.9998314308105
-50.3815583834716,-16.9764487558105
-50.3950583834716,-16.9530660808105
-50.4085583834716,-16.9296834058105
-50.4625583834716,-16.8361527058105
-50.4760583834716,-16.8127700308105
-50.8000583834716,-16.8127700308105
-50.8135583834716,-16.8361527058105
-50.8270583834716,-16.8595353808105
-50.8405583834716,-16.8829180558105
-50.8540583834716,-16.9063007308105
-50.8675583834716,-16.9296834058105
-50.8810583834716,-16.9530660808105
-50.8945583834716,-16.9764487558105
-50.9080583834716,-16.9998314308105
-50.9215583834716,-17.0232141058105
-50.9215583834716,-17.0699794558106
-50.9080583834716,-17.0933621308106
-50.8945583834716,-17.1167448058106
-50.8810583834716,-17.1401274808106
-50.8675583834716,-17.1635101558106
-50.7055583834716,-17.3038062058106
-50.6785583834716,-17.3038062058106
-50.6515583834716,-17.3038062058106
-50.6245583834716,-17.3038062058106
-50.5975583834716,-17.3038062058106
-50.5705583834716,-17.3038062058106
-50.5435583834716,-17.3038062058106
-50.5165583834716,-17.3038062058106
-50.4760583834716,-17.2804235308106
-50.4625583834716,-17.2570408558106
-50.4490583834716,-17.2336581808106
-50.4355583834716,-17.2102755058106
-50.4220583834716,-17.1868928308106
-50.4085583834716,-17.1635101558106
-50.3950583834716,-17.1401274808106
-50.3815583834716,-17.1167448058106
-50.3680583834716,-17.0933621308106
-50.3545583834716,-17.0699794558106
-50.3140583834716,-17.0465967808105
-50.9620583834716,-17.0465967808105
-50.4760583834716,-17.3271888808106
-50.3275583834716,-17.0232141058105
-50.3410583834716,-16.9998314308105
-50.3545583834716,-16.9764487558105
-50.3680583834716,-16.9530660808105
-50.3815583834716,-16.9296834058105
-50.3950583834716,-16.9063007308105
-50.4490583834716,-16.8127700308105
-50.8135583834716,-16.7893873558105
-50.8270583834716,-16.8127700308105
-50.8405583834716,-16.8361527058105
-50.8540583834716,-16.8595353808105
-50.8675583834716,-16.8829180558105
-50.8810583834716,-16.9063007308105
-50.8945583834716,-16.9296834058105
-50.9080583834716,-16.9530660808105
-50.9215583834716,-16.9764487558105
-50.9350583834716,-16.9998314308105
-50.9485583834716,-17.0232141058105
-50.9485583834716,-17.0699794558106
-50.9350583834716,-17.0933621308106
-50.6650583834716,-17.3271888808106
-50.6380583834716,-17.3271888808106
-50.6110583834716,-17.3271888808106
-50.5840583834716,-17.3271888808106
-50.5570583834716,-17.3271888808106
-50.5300583834716,-17.3271888808106
-50.5030583834716,-17.3271888808106
-50.4625583834716,-17.3038062058106
-50.4490583834716,-17.2804235308106
-50.4355583834716,-17.2570408558106
-50.3950583834716,-17.1868928308106
-50.3815583834716,-17.1635101558106
-50.3680583834716,-17.1401274808106
-50.3545583834716,-17.1167448058106
-50.3410583834716,-17.0933621308106
-50.3275583834716,-17.0699794558106
-50.8135583834716,-16.7426220058105
-50.3005583834716,-17.0232141058105
-50.3140583834716,-16.9998314308105
-50.3275583834716,-16.9764487558105
-50.3410583834716,-16.9530660808105
-50.3545583834716,-16.9296834058105
-50.3680583834716,-16.9063007308105
-50.8270583834716,-16.7660046808105
-50.8405583834716,-16.7893873558105
-50.8540583834716,-16.8127700308105
-50.8675583834716,-16.8361527058105
-50.8810583834716,-16.8595353808105
-50.8945583834716,-16.8829180558105
-50.9080583834716,-16.9063007308105
-50.9215583834716,-16.9296834058105
-50.9350583834716,-16.9530660808105
-50.9485583834716,-16.9764487558105
-50.9620583834716,-16.9998314308105
-50.9755583834716,-17.0232141058105
-50.6515583834716,-17.3505715558106
-50.6245583834716,-17.3505715558106
-50.5975583834716,-17.3505715558106
-50.5705583834716,-17.3505715558106
-50.5435583834716,-17.3505715558106
-50.5165583834716,-17.3505715558106
-50.3815583834716,-17.2102755058106
-50.3680583834716,-17.1868928308106
-50.3545583834716,-17.1635101558106
-50.3410583834716,-17.1401274808106
-50.3275583834716,-17.1167448058106
-50.3140583834716,-17.0933621308106
-50.8270583834716,-16.7192393308105
-50.3005583834716,-16.9764487558105
-50.3140583834716,-16.9530660808105
-50.3275583834716,-16.9296834058105
-50.3410583834716,-16.9063007308105
-50.8405583834716,-16.7426220058105
-50.8540583834716,-16.7660046808105
-50.8675583834716,-16.7893873558105
-50.8810583834716,-16.8127700308105
-50.8945583834716,-16.8361527058105
-50.9080583834716,-16.8595353808105
-50.9215583834716,-16.8829180558105
-50.9350583834716,-16.9063007308105
-50.9485583834716,-16.9296834058105
-50.9620583834716,-16.9530660808105
-50.9755583834716,-16.9764487558105
-50.9890583834716,-16.9998314308105
-50.6380583834716,-17.3739542308106
-50.6110583834716,-17.3739542308106
-50.5840583834716,-17.3739542308106
-50.5570583834716,-17.3739542308106
-50.5300583834716,-17.3739542308106
-50.5030583834716,-17.3739542308106
-50.3680583834716,-17.2336581808106
-50.3545583834716,-17.2102755058106
-50.3410583834716,-17.1868928308106
-50.3275583834716,-17.1635101558106
-50.3140583834716,-17.1401274808106
-50.3005583834716,-17.1167448058106
-50.2870583834716,-16.9530660808105
-50.3005583834716,-16.9296834058105
-50.3140583834716,-16.9063007308105
-50.3275583834716,-16.8829180558105
-50.8135583834716,-16.6958566558105
-50.8675583834716,-16.7426220058105
-50.8810583834716,-16.7660046808105
-50.8945583834716,-16.7893873558105
-50.9080583834716,-16.8127700308105
-50.9215583834716,-16.8361527058105
-50.9350583834716,-16.8595353808105
-50.9485583834716,-16.8829180558105
-50.9620583834716,-16.9063007308105
-50.9755583834716,-16.9296834058105
-50.9890583834716,-16.9530660808105
-51.0025583834716,-16.9764487558105
-51.0160583834716,-16.9998314308105
-50.5975583834716,-17.3973369058106
-50.5705583834716,-17.3973369058106
-50.5435583834716,-17.3973369058106
-50.5165583834716,-17.3973369058106
-50.3545583834716,-17.2570408558106
-50.3410583834716,-17.2336581808106
-50.3275583834716,-17.2102755058106
-50.3140583834716,-17.1868928308106
-50.3005583834716,-17.1635101558106
-50.2870583834716,-17.1401274808106
-50.9080583834716,-16.7660046808105
-50.9215583834716,-16.7893873558105
-50.9350583834716,-16.8127700308105
-50.9485583834716,-16.8361527058105
-50.9620583834716,-16.8595353808105
-50.9755583834716,-16.8829180558105
-50.9890583834716,-16.9063007308105
-51.0025583834716,-16.9296834058105
-51.0160583834716,-16.9530660808105
-51.0295583834716,-16.9764487558105
-50.5300583834716,-17.4207195808106
-50.3410583834716,-17.2804235308106
-50.3275583834716,-17.2570408558106
-50.3140583834716,-17.2336581808106
-50.3005583834716,-17.2102755058106
-50.9620583834716,-16.8127700308105
-50.9755583834716,-16.8361527058105
-50.9890583834716,-16.8595353808105
-51.0025583834716,-16.8829180558105
-51.0160583834716,-16.9063007308105
-51.0295583834716,-16.9296834058105
-51.0430583834716,-16.9530660808105
-50.3005583834716,-17.2570408558106
-50.2870583834716,-17.2336581808106
-50.2735583834716,-17.2102755058106
-51.0160583834716,-16.8595353808105
-51.0295583834716,-16.8829180558105
-51.0430583834716,-16.9063007308105
-50.2600583834716,-17.2336581808106
-51.0430583834716,-16.8595353808105
-51.0565583834716,-16.8829180558105
-50.2465583834716,-17.2570408558106
