-48.0535014832359,-17.5043831960294
-48.0265014832359,-17.5043831960294
-48.0400014832359,-17.4810005210294
-48.0670014832359,-17.4810005210294
-48.0805014832359,-17.5043831960294
-48.0670014832359,-17.5277658710294
-48.0400014832359,-17.5277658710294
-47.9995014832359,-17.5043831960294
-48.0265014832359,-17.4576178460294
-48.0805014832359,-17.4576178460294
-48.0805014832359,-17.5511485460294
-48.0265014832359,-17.5511485460294
-48.0130014832359,-17.4810005210294
-48.0535014832359,-17.4576178460294
-48.0940014832359,-17.4810005210294
-48.0940014832359,-17.5277658710294
-48.0535014832359,-17.5511485460294
-48.0130014832359,-17.5277658710294
-47.9725014832359,-17.5043831960294
-48.0130014832359,-17.4342351710294
-48.0940014832359,-17.4342351710294
-48.0940014832359,-17.5745312210294
-48.0130014832359,-17.5745312210294
-47.9860014832359,-17.4810005210294
-47.9995014832359,-17.4576178460294
-48.0400014832359,-17.4342351710294
-48.0670014832359,-17.4342351710294
-48.1075014832359,-17.4576178460294
-48.1075014832359,-17.5511485460294
-48.0670014832359,-17.5745312210294
-48.0400014832359,-17.5745312210294
-47.9995014832359,-17.5511485460294
-47.9860014832359,-17.5277658710294
-47.9455014832359,-17.5043831960294
-47.9995014832359,-17.4108524960294
-48.1075014832359,-17.5979138960294
-47.9995014832359,-17.5979138960294
-47.9590014832359,-17.4810005210294
-47.9725014832359,-17.4576178460294
-47.9860014832359,-17.4342351710294
-48.0265014832359,-17.4108524960294
-48.1345014832360,-17.5511485460294
-48.1210014832360,-17.5745312210294
-48.0805014832359,-17.5979138960294
-48.0535014832359,-17.5979138960294
-48.0265014832359,-17.5979138960294
-47.9860014832359,-17.5745312210294
-47.9725014832359,-17.5511485460294
-47.9590014832359,-17.5277658710294
-47.9860014832359,-17.3874698210294
-48.1210014832360,-17.6212965710294
-47.9860014832359,-17.6212965710294
-47.9455014832359,-17.4576178460294
-47.9590014832359,-17.4342351710294
-47.9725014832359,-17.4108524960294
-48.0130014832359,-17.3874698210294
-48.0400014832359,-17.3874698210294
-48.1615014832360,-17.5511485460294
-48.1480014832360,-17.5745312210294
-48.1345014832360,-17.5979138960294
-48.0940014832359,-17.6212965710294
-48.0670014832359,-17.6212965710294
-48.0400014832359,-17.6212965710294
-48.0130014832359,-17.6212965710294
-47.9725014832359,-17.5979138960294
-47.9725014832359,-17.3640871460294
-48.1345014832360,-17.6446792460294
-47.9725014832359,-17.6446792460294
-47.9320014832359,-17.4342351710294
-47.9455014832359,-17.4108524960294
-47.9590014832359,-17.3874698210294
-47.9995014832359,-17.3640871460294
-48.0265014832359,-17.3640871460294
-48.0535014832359,-17.3640871460294
-48.1750014832360,-17.5745312210294
-48.1615014832360,-17.5979138960294
-48.1480014832360,-17.6212965710294
-48.1075014832359,-17.6446792460294
-48.0805014832359,-17.6446792460294
-48.0535014832359,-17.6446792460294
-48.0265014832359,-17.6446792460294
-47.9995014832359,-17.6446792460294
-47.9590014832359,-17.3407044710294
-48.1480014832360,-17.6680619210294
-47.9590014832359,-17.6680619210294
-47.9185014832359,-17.4108524960294
-47.9320014832359,-17.3874698210294
-47.9455014832359,-17.3640871460294
-47.9860014832359,-17.3407044710294
-48.0130014832359,-17.3407044710294
-48.0400014832359,-17.3407044710294
-48.0670014832359,-17.3407044710294
-48.2020014832360,-17.5745312210294
-48.1885014832360,-17.5979138960294
-48.1750014832360,-17.6212965710294
-48.1615014832360,-17.6446792460294
-48.1210014832360,-17.6680619210294
-48.0940014832359,-17.6680619210294
-48.0670014832359,-17.6680619210294
-48.0400014832359,-17.6680619210294
-48.0130014832359,-17.6680619210294
-47.9860014832359,-17.6680619210294
-47.9455014832359,-17.3173217960294
-48.1615014832360,-17.6914445960294
-47.9455014832359,-17.6914445960294
-47.9050014832359,-17.3874698210294
-47.9185014832359,-17.3640871460294
-47.9320014832359,-17.3407044710294
-47.9725014832359,-17.3173217960294
-47.9995014832359,-17.3173217960294
-48.0265014832359,-17.3173217960294
-48.0535014832359,-17.3173217960294
-48.0805014832359,-17.3173217960294
-48.2155014832360,-17.5979138960294
-48.2020014832360,-17.6212965710294
-48.1885014832360,-17.6446792460294
-48.1750014832360,-17.6680619210294
-48.1345014832360,-17.6914445960294
-48.1075014832359,-17.6914445960294
-48.0805014832359,-17.6914445960294
-48.0535014832359,-17.6914445960294
-48.0265014832359,-17.6914445960294
-47.9995014832359,-17.6914445960294
-47.9725014832359,-17.6914445960294
-47.9320014832359,-17.2939391210294
-48.1750014832360,-17.7148272710294
-47.8915014832359,-17.3640871460294
-47.9050014832359,-17.3407044710294
-47.9185014832359,-17.3173217960294
-47.9590014832359,-17.2939391210294
-47.9860014832359,-17.2939391210294
-48.0130014832359,-17.2939391210294
-48.0400014832359,-17.2939391210294
-48.0670014832359,-17.2939391210294
-48.2695014832360,-17.5511485460294
-48.2560014832360,-17.5745312210294
-48.2425014832360,-17.5979138960294
-48.2290014832360,-17.6212965710294
-48.2155014832360,-17.6446792460294
-48.2020014832360,-17.6680619210294
-48.1885014832360,-17.6914445960294
-48.1480014832360,-17.7148272710294
-48.1210014832360,-17.7148272710294
-48.0940014832359,-17.7148272710294
-48.0670014832359,-17.7148272710294
-48.0400014832359,-17.7148272710294
-48.0130014832359,-17.7148272710294
-47.9860014832359,-17.7148272710294
-47.9590014832359,-17.7148272710294
-47.9185014832359,-17.2705564460294
-48.1885014832360,-17.7382099460294
-47.8780014832359,-17.3407044710294
-47.8915014832359,-17.3173217960294
-47.9050014832359,-17.2939391210294
-47.9455014832359,-17.2705564460294
-47.9725014832359,-17.2705564460294
-47.9995014832359,-17.2705564460294
-48.0265014832359,-17.2705564460294
-48.0535014832359,-17.2705564460294
-48.0805014832359,-17.2705564460294
-48.1075014832359,-17.2705564460294
-48.3100014832360,-17.5277658710294
-48.2965014832360,-17.5511485460294
-48.2830014832360,-17.5745312210294
-48.2695014832360,-17.5979138960294
-48.2560014832360,-17.6212965710294
-48.2425014832360,-17.6446792460294
-48.2290014832360,-17.6680619210294
-48.2155014832360,-17.6914445960294
-48.2020014832360,-17.7148272710294
-48.1615014832360,-17.7382099460294
-48.1345014832360,-17.7382099460294
-48.1075014832359,-17.7382099460294
-48.0805014832359,-17.7382099460294
-48.0535014832359,-17.7382099460294
-48.0265014832359,-17.7382099460294
-47.9995014832359,-17.7382099460294
-47.9725014832359,-17.7382099460294
-47.9455014832359,-17.7382099460294
-47.9050014832359,-17.2471737710294
-48.2020014832360,-17.7615926210294
-47.8915014832359,-17.2705564460294
-47.9320014832359,-17.2471737710294
-47.9590014832359,-17.2471737710294
-47.9860014832359,-17.2471737710294
-48.0130014832359,-17.2471737710294
-48.0400014832359,-17.2471737710294
-48.0670014832359,-17.2471737710294
-48.3370014832360,-17.5277658710294
-48.3235014832360,-17.5511485460294
-48.3100014832360,-17.5745312210294
-48.2965014832360,-17.5979138960294
-48.2830014832360,-17.6212965710294
-48.2695014832360,-17.6446792460294
-48.2560014832360,-17.6680619210294
-48.2425014832360,-17.6914445960294
-48.2290014832360,-17.7148272710294
-48.2155014832360,-17.7382099460294
-48.1750014832360,-17.7615926210294
-48.1480014832360,-17.7615926210294
-48.1210014832360,-17.7615926210294
-48.0940014832359,-17.7615926210294
-48.0670014832359,-17.7615926210294
-48.0400014832359,-17.7615926210294
-48.0130014832359,-17.7615926210294
-47.9860014832359,-17.7615926210294
-47.9590014832359,-17.7615926210294
-47.8915014832359,-17.2237910960294
-48.2155014832360,-17.7849752960294
-47.8780014832359,-17.2471737710294
-47.9185014832359,-17.2237910960294
-47.9455014832359,-17.2237910960294
-47.9725014832359,-17.2237910960294
-47.9995014832359,-17.2237910960294
-48.0265014832359,-17.2237910960294
-48.0535014832359,-17.2237910960294
-48.3640014832360,-17.5277658710294
-48.3505014832360,-17.5511485460294
-48.3370014832360,-17.5745312210294
-48.3235014832360,-17.5979138960294
-48.3100014832360,-17.6212965710294
-48.2965014832360,-17.6446792460294
-48.2830014832360,-17.6680619210294
-48.2695014832360,-17.6914445960294
-48.2560014832360,-17.7148272710294
-48.2425014832360,-17.7382099460294
-48.2290014832360,-17.7615926210294
-48.1885014832360,-17.7849752960294
-48.1615014832360,-17.7849752960294
-48.1345014832360,-17.7849752960294
-48.1075014832359,-17.7849752960294
-48.0805014832359,-17.7849752960294
-48.0535014832359,-17.7849752960294
-48.0265014832359,-17.7849752960294
-47.9995014832359,-17.7849752960294
-47.9725014832359,-17.7849752960294
-47.9455014832359,-17.7849752960294
-47.8780014832359,-17.2004084210294
-48.2290014832360,-17.8083579710294
-47.8510014832359,-17.2471737710294
-47.8645014832359,-17.2237910960294
-47.9050014832359,-17.2004084210294
-47.9320014832359,-17.2004084210294
-47.9590014832359,-17.2004084210294
-47.9860014832359,-17.2004084210294
-48.0130014832359,-17.2004084210294
-48.0400014832359,-17.2004084210294
-48.3775014832360,-17.5511485460294
-48.3640014832360,-17.5745312210294
-48.3505014832360,-17.5979138960294
-48.3370014832360,-17.6212965710294
-48.3235014832360,-17.6446792460294
-48.3100014832360,-17.6680619210294
-48.2965014832360,-17.6914445960294
-48.2830014832360,-17.7148272710294
-48.2695014832360,-17.7382099460294
-48.2560014832360,-17.7615926210294
-48.2425014832360,-17.7849752960294
-48.2020014832360,-17.8083579710294
-48.1750014832360,-17.8083579710294
-48.1480014832360,-17.8083579710294
-48.1210014832360,-17.8083579710294
-48.0940014832359,-17.8083579710294
-48.0670014832359,-17.8083579710294
-48.0400014832359,-17.8083579710294
-48.0130014832359,-17.8083579710294
-47.9860014832359,-17.8083579710294
-47.9590014832359,-17.8083579710294
-47.8645014832359,-17.1770257460294
-48.2425014832360,-17.8317406460294
-47.8375014832359,-17.2237910960294
-47.8510014832359,-17.2004084210294
-47.8915014832359,-17.1770257460294
-47.9185014832359,-17.1770257460294
-47.9455014832359,-17.1770257460294
-47.9725014832359,-17.1770257460294
-47.9995014832359,-17.1770257460294
-48.3910014832360,-17.5745312210294
-48.3775014832360,-17.5979138960294
-48.3640014832360,-17.6212965710294
-48.3505014832360,-17.6446792460294
-48.3370014832360,-17.6680619210294
-48.3235014832360,-17.6914445960294
-48.3100014832360,-17.7148272710294
-48.2965014832360,-17.7382099460294
-48.2830014832360,-17.7615926210294
-48.2695014832360,-17.7849752960294
-48.2560014832360,-17.8083579710294
-48.2155014832360,-17.8317406460294
-48.1885014832360,-17.8317406460294
-48.1615014832360,-17.8317406460294
-48.1345014832360,-17.8317406460294
-48.1075014832359,-17.8317406460294
-48.0805014832359,-17.8317406460294
-48.0535014832359,-17.8317406460294
-48.0265014832359,-17.8317406460294
-47.9995014832359,-17.8317406460294
-47.9725014832359,-17.8317406460294
-47.8510014832359,-17.1536430710294
-48.2560014832360,-17.8551233210294
-47.8105014832359,-17.2237910960294
-47.8240014832359,-17.2004084210294
-47.8375014832359,-17.1770257460294
-47.8780014832359,-17.1536430710294
-47.9050014832359,-17.1536430710294
-47.9320014832359,-17.1536430710294
-47.9590014832359,-17.1536430710294
-47.9860014832359,-17.1536430710294
-48.0130014832359,-17.1536430710294
-48.4045014832360,-17.5979138960294
-48.3910014832360,-17.6212965710294
-48.3775014832360,-17.6446792460294
-48.3640014832360,-17.6680619210294
-48.3505014832360,-17.6914445960294
-48.3370014832360,-17.7148272710294
-48.3235014832360,-17.7382099460294
-48.3100014832360,-17.7615926210294
-48.2965014832360,-17.7849752960294
-48.2830014832360,-17.8083579710294
-48.2695014832360,-17.8317406460294
-48.2290014832360,-17.8551233210294
-48.2020014832360,-17.8551233210294
-48.1750014832360,-17.8551233210294
-48.1480014832360,-17.8551233210294
-48.1210014832360,-17.8551233210294
-48.0940014832359,-17.8551233210294
-48.0670014832359,-17.8551233210294
-48.0400014832359,-17.8551233210294
-48.0130014832359,-17.8551233210294
-47.9860014832359,-17.8551233210294
-47.8375014832359,-17.1302603960294
-48.2695014832360,-17.8785059960294
-47.7970014832359,-17.2004084210294
-47.8105014832359,-17.1770257460294
-47.8240014832359,-17.1536430710294
-47.8645014832359,-17.1302603960294
-47.8915014832359,-17.1302603960294
-47.9185014832359,-17.1302603960294
-47.9455014832359,-17.1302603960294
-47.9725014832359,-17.1302603960294
-47.9995014832359,-17.1302603960294
-48.4315014832360,-17.5979138960294
-48.4180014832360,-17.6212965710294
-48.4045014832360,-17.6446792460294
-48.3910014832360,-17.6680619210294
-48.3775014832360,-17.6914445960294
-48.3640014832360,-17.7148272710294
-48.3505014832360,-17.7382099460294
-48.3370014832360,-17.7615926210294
-48.3235014832360,-17.7849752960294
-48.3100014832360,-17.8083579710294
-48.2965014832360,-17.8317406460294
-48.2830014832360,-17.8551233210294
-48.2425014832360,-17.8785059960294
-48.2155014832360,-17.8785059960294
-48.1885014832360,-17.8785059960294
-48.1615014832360,-17.8785059960294
-48.1345014832360,-17.8785059960294
-48.1075014832359,-17.8785059960294
-48.0805014832359,-17.8785059960294
-48.0535014832359,-17.8785059960294
-48.0265014832359,-17.8785059960294
-47.9995014832359,-17.8785059960294
-47.9725014832359,-17.8785059960294
-47.8240014832359,-17.1068777210294
-48.2830014832360,-17.9018886710295
-47.7700014832359,-17.2004084210294
-47.7835014832359,-17.1770257460294
-47.7970014832359,-17.1536430710294
-47.8105014832359,-17.1302603960294
-47.8510014832359,-17.1068777210294
-47.8780014832359,-17.1068777210294
-47.9050014832359,-17.1068777210294
-47.9320014832359,-17.1068777210294
-47.9590014832359,-17.1068777210294
-47.9860014832359,-17.1068777210294
-48.4585014832360,-17.5979138960294
-48.4450014832360,-17.6212965710294
-48.4315014832360,-17.6446792460294
-48.4180014832360,-17.6680619210294
-48.4045014832360,-17.6914445960294
-48.3910014832360,-17.7148272710294
-48.3775014832360,-17.7382099460294
-48.3640014832360,-17.7615926210294
-48.3505014832360,-17.7849752960294
-48.3370014832360,-17.8083579710294
-48.3235014832360,-17.8317406460294
-48.3100014832360,-17.8551233210294
-48.2965014832360,-17.8785059960294
-48.2560014832360,-17.9018886710295
-48.2290014832360,-17.9018886710295
-48.2020014832360,-17.9018886710295
-48.1750014832360,-17.9018886710295
-48.1480014832360,-17.9018886710295
-48.1210014832360,-17.9018886710295
-48.0940014832359,-17.9018886710295
-48.0670014832359,-17.9018886710295
-48.0400014832359,-17.9018886710295
-48.0130014832359,-17.9018886710295
-47.8105014832359,-17.0834950460294
-48.2965014832360,-17.9252713460295
-47.7430014832359,-17.2004084210294
-47.7565014832359,-17.1770257460294
-47.7700014832359,-17.1536430710294
-47.7835014832359,-17.1302603960294
-47.7970014832359,-17.1068777210294
-47.8375014832359,-17.0834950460294
-47.8645014832359,-17.0834950460294
-47.8915014832359,-17.0834950460294
-47.9185014832359,-17.0834950460294
-47.9455014832359,-17.0834950460294
-47.9725014832359,-17.0834950460294
-48.4720014832360,-17.6212965710294
-48.4450014832360,-17.6680619210294
-48.4315014832360,-17.6914445960294
-48.4180014832360,-17.7148272710294
-48.4045014832360,-17.7382099460294
-48.3910014832360,-17.7615926210294
-48.3775014832360,-17.7849752960294
-48.3640014832360,-17.8083579710294
-48.3505014832360,-17.8317406460294
-48.3370014832360,-17.8551233210294
-48.3235014832360,-17.8785059960294
-48.3100014832360,-17.9018886710295
-48.2695014832360,-17.9252713460295
-48.2425014832360,-17.9252713460295
-48.2155014832360,-17.9252713460295
-48.1885014832360,-17.9252713460295
-48.1615014832360,-17.9252713460295
-48.1345014832360,-17.9252713460295
-48.1075014832359,-17.9252713460295
-47.7970014832359,-17.0601123710294
-47.6620014832359,-17.2939391210294
-47.6755014832359,-17.2705564460294
-47.6890014832359,-17.2471737710294
-47.7295014832359,-17.1770257460294
-47.7430014832359,-17.1536430710294
-47.7565014832359,-17.1302603960294
-47.7700014832359,-17.1068777210294
-47.7835014832359,-17.0834950460294
-47.8240014832359,-17.0601123710294
-47.8510014832359,-17.0601123710294
-47.8780014832359,-17.0601123710294
-47.9050014832359,-17.0601123710294
-47.9320014832359,-17.0601123710294
-47.9590014832359,-17.0601123710294
-48.4450014832360,-17.7148272710294
-48.4315014832360,-17.7382099460294
-48.4180014832360,-17.7615926210294
-48.4045014832360,-17.7849752960294
-48.3910014832360,-17.8083579710294
-48.3775014832360,-17.8317406460294
-48.3640014832360,-17.8551233210294
-48.3505014832360,-17.8785059960294
-48.3370014832360,-17.9018886710295
-48.3235014832360,-17.9252713460295
-48.2830014832360,-17.9486540210295
-48.2560014832360,-17.9486540210295
-48.2290014832360,-17.9486540210295
-48.2020014832360,-17.9486540210295
-48.1750014832360,-17.9486540210295
-48.1480014832360,-17.9486540210295
-47.7835014832359,-17.0367296960294
-47.6215014832359,-17.3173217960294
-47.6350014832359,-17.2939391210294
-47.6485014832359,-17.2705564460294
-47.6620014832359,-17.2471737710294
-47.6755014832359,-17.2237910960294
-47.6890014832359,-17.2004084210294
-47.7295014832359,-17.1302603960294
-47.7430014832359,-17.1068777210294
-47.7565014832359,-17.0834950460294
-47.7700014832359,-17.0601123710294
-47.8105014832359,-17.0367296960294
-47.8375014832359,-17.0367296960294
-47.8645014832359,-17.0367296960294
-47.8915014832359,-17.0367296960294
-47.9185014832359,-17.0367296960294
-48.4720014832360,-17.7148272710294
-48.4585014832360,-17.7382099460294
-48.4450014832360,-17.7615926210294
-48.4315014832360,-17.7849752960294
-48.4180014832360,-17.8083579710294
-48.4045014832360,-17.8317406460294
-48.3910014832360,-17.8551233210294
-48.3775014832360,-17.8785059960294
-48.3640014832360,-17.9018886710295
-48.3505014832360,-17.9252713460295
-48.2695014832360,-17.9720366960295
-48.2425014832360,-17.9720366960295
-48.2155014832360,-17.9720366960295
-48.1885014832360,-17.9720366960295
-47.7700014832359,-17.0133470210294
-47.5945014832359,-17.3173217960294
-47.6080014832359,-17.2939391210294
-47.6215014832359,-17.2705564460294
-47.6350014832359,-17.2471737710294
-47.6485014832359,-17.2237910960294
-47.6620014832359,-17.2004084210294
-47.6755014832359,-17.1770257460294
-47.6890014832359,-17.1536430710294
-47.7025014832359,-17.1302603960294
-47.7160014832359,-17.1068777210294
-47.7295014832359,-17.0834950460294
-47.7430014832359,-17.0601123710294
-47.7565014832359,-17.0367296960294
-47.7970014832359,-17.0133470210294
-47.8240014832359,-17.0133470210294
-47.8510014832359,-17.0133470210294
-47.8780014832359,-17.0133470210294
-47.9050014832359,-17.0133470210294
-48.4855014832360,-17.7382099460294
-48.4720014832360,-17.7615926210294
-48.4585014832360,-17.7849752960294
-48.4450014832360,-17.8083579710294
-48.4315014832360,-17.8317406460294
-48.4180014832360,-17.8551233210294
-48.3910014832360,-17.9018886710295
-48.3775014832360,-17.9252713460295
-47.7565014832359,-16.9899643460294
-47.5540014832359,-17.3407044710294
-47.5675014832359,-17.3173217960294
-47.5810014832359,-17.2939391210294
-47.5945014832359,-17.2705564460294
-47.6080014832359,-17.2471737710294
-47.6215014832359,-17.2237910960294
-47.6350014832359,-17.2004084210294
-47.6485014832359,-17.1770257460294
-47.6620014832359,-17.1536430710294
-47.6755014832359,-17.1302603960294
-47.6890014832359,-17.1068777210294
-47.7025014832359,-17.0834950460294
-47.7160014832359,-17.0601123710294
-47.7295014832359,-17.0367296960294
-47.7430014832359,-17.0133470210294
-47.7835014832359,-16.9899643460294
-47.8105014832359,-16.9899643460294
-47.8375014832359,-16.9899643460294
-47.8645014832359,-16.9899643460294
-47.8915014832359,-16.9899643460294
-47.9185014832359,-16.9899643460294
-48.4990014832360,-17.7615926210294
-48.4855014832360,-17.7849752960294
-48.4720014832360,-17.8083579710294
-48.4585014832360,-17.8317406460294
-47.7430014832359,-16.9665816710294
-47.5270014832359,-17.3407044710294
-47.5405014832359,-17.3173217960294
-47.5540014832359,-17.2939391210294
-47.5675014832359,-17.2705564460294
-47.5810014832359,-17.2471737710294
-47.5945014832359,-17.2237910960294
-47.6080014832359,-17.2004084210294
-47.6215014832359,-17.1770257460294
-47.6350014832359,-17.1536430710294
-47.6485014832359,-17.1302603960294
-47.6620014832359,-17.1068777210294
-47.7160014832359,-17.0133470210294
-47.7295014832359,-16.9899643460294
-47.7700014832359,-16.9665816710294
-47.7970014832359,-16.9665816710294
-47.8240014832359,-16.9665816710294
-47.8510014832359,-16.9665816710294
-47.8780014832359,-16.9665816710294
-47.9050014832359,-16.9665816710294
-48.4990014832360,-17.8083579710294
-48.4855014832360,-17.8317406460294
-48.4720014832360,-17.8551233210294
-47.7295014832359,-16.9431989960294
-47.5135014832359,-17.3173217960294
-47.5270014832359,-17.2939391210294
-47.5405014832359,-17.2705564460294
-47.5540014832359,-17.2471737710294
-47.5675014832359,-17.2237910960294
-47.5810014832359,-17.2004084210294
-47.5945014832359,-17.1770257460294
-47.7025014832359,-16.9899643460294
-47.7160014832359,-16.9665816710294
-47.7565014832359,-16.9431989960294
-47.7835014832359,-16.9431989960294
-47.8105014832359,-16.9431989960294
-47.8375014832359,-16.9431989960294
-47.8645014832359,-16.9431989960294
-47.8915014832359,-16.9431989960294
-48.5260014832360,-17.8083579710294
-48.5125014832360,-17.8317406460294
-48.4990014832360,-17.8551233210294
-47.7025014832359,-16.9431989960294
-47.7700014832359,-16.9198163210294
-47.9050014832359,-16.9198163210294
-48.5395014832360,-17.8317406460294
-48.5125014832360,-17.8785059960294
-47.6890014832359,-16.9198163210294
