-55.2106507383035,-4.2410173915803
-55.1836507383035,-4.2410173915803
-55.1971507383035,-4.2176347165803
-55.2241507383035,-4.2176347165803
-55.2376507383035,-4.2410173915803
-55.2241507383035,-4.2644000665803
-55.1971507383035,-4.2644000665803
-55.1566507383035,-4.2410173915803
-55.1836507383035,-4.1942520415803
-55.2376507383035,-4.1942520415803
-55.2646507383035,-4.2410173915803
-55.2376507383035,-4.2877827415803
-55.1836507383035,-4.2877827415803
-55.1701507383035,-4.2176347165803
-55.2106507383035,-4.1942520415803
-55.2511507383035,-4.2176347165803
-55.2511507383035,-4.2644000665803
-55.2106507383035,-4.2877827415803
-55.1701507383035,-4.2644000665803
-55.1296507383035,-4.2410173915803
-55.1701507383035,-4.1708693665803
-55.2511507383035,-4.1708693665803
-55.2916507383035,-4.2410173915803
-55.2511507383035,-4.3111654165803
-55.1701507383035,-4.3111654165803
-55.1431507383035,-4.2176347165803
-55.1566507383035,-4.1942520415803
-55.1971507383035,-4.1708693665803
-55.2241507383035,-4.1708693665803
-55.2646507383035,-4.1942520415803
-55.2781507383035,-4.2176347165803
-55.2781507383035,-4.2644000665803
-55.2646507383035,-4.2877827415803
-55.2241507383035,-4.3111654165803
-55.1971507383035,-4.3111654165803
-55.1566507383035,-4.2877827415803
-55.1431507383035,-4.2644000665803
-55.1026507383035,-4.2410173915803
-55.1566507383035,-4.1474866915803
-55.2646507383035,-4.1474866915803
-55.3186507383035,-4.2410173915803
-55.2646507383035,-4.3345480915803
-55.1566507383035,-4.3345480915803
-55.1161507383035,-4.2176347165803
-55.1296507383035,-4.1942520415803
-55.1431507383035,-4.1708693665803
-55.1836507383035,-4.1474866915803
-55.2106507383035,-4.1474866915803
-55.2376507383035,-4.1474866915803
-55.2781507383035,-4.1708693665803
-55.2916507383035,-4.1942520415803
-55.3051507383035,-4.2176347165803
-55.3051507383035,-4.2644000665803
-55.2916507383035,-4.2877827415803
-55.2781507383035,-4.3111654165803
-55.2376507383035,-4.3345480915803
-55.2106507383035,-4.3345480915803
-55.1836507383035,-4.3345480915803
-55.1431507383035,-4.3111654165803
-55.1296507383035,-4.2877827415803
-55.1161507383035,-4.2644000665803
-55.0756507383035,-4.2410173915803
-55.1431507383035,-4.1241040165803
-55.2781507383035,-4.1241040165803
-55.3456507383035,-4.2410173915803
-55.2781507383035,-4.3579307665803
-55.1431507383035,-4.3579307665803
-55.0891507383035,-4.2176347165803
-55.1026507383035,-4.1942520415803
-55.1161507383035,-4.1708693665803
-55.1296507383035,-4.1474866915803
-55.1701507383035,-4.1241040165803
-55.1971507383035,-4.1241040165803
-55.2241507383035,-4.1241040165803
-55.2511507383035,-4.1241040165803
-55.2916507383035,-4.1474866915803
-55.3051507383035,-4.1708693665803
-55.3186507383035,-4.1942520415803
-55.3321507383035,-4.2176347165803
-55.3321507383035,-4.2644000665803
-55.3186507383035,-4.2877827415803
-55.3051507383035,-4.3111654165803
-55.2916507383035,-4.3345480915803
-55.2511507383035,-4.3579307665803
-55.2241507383035,-4.3579307665803
-55.1971507383035,-4.3579307665803
-55.1701507383035,-4.3579307665803
-55.1296507383035,-4.3345480915803
-55.1161507383035,-4.3111654165803
-55.1026507383035,-4.2877827415803
-55.0891507383035,-4.2644000665803
-55.0486507383035,-4.2410173915803
-55.1296507383035,-4.1007213415803
-55.2916507383035,-4.1007213415803
-55.3726507383035,-4.2410173915803
-55.2916507383035,-4.3813134415803
-55.1296507383035,-4.3813134415803
-55.0621507383035,-4.2176347165803
-55.0756507383035,-4.1942520415803
-55.0891507383035,-4.1708693665803
-55.1026507383035,-4.1474866915803
-55.1161507383035,-4.1241040165803
-55.1566507383035,-4.1007213415803
-55.1836507383035,-4.1007213415803
-55.2106507383035,-4.1007213415803
-55.2376507383035,-4.1007213415803
-55.2646507383035,-4.1007213415803
-55.3051507383035,-4.1241040165803
-55.3186507383035,-4.1474866915803
-55.3321507383035,-4.1708693665803
-55.3456507383035,-4.1942520415803
-55.3591507383035,-4.2176347165803
-55.3591507383035,-4.2644000665803
-55.3456507383035,-4.2877827415803
-55.3321507383035,-4.3111654165803
-55.3186507383035,-4.3345480915803
-55.3051507383035,-4.3579307665803
-55.2646507383035,-4.3813134415803
-55.2376507383035,-4.3813134415803
-55.2106507383035,-4.3813134415803
-55.1836507383035,-4.3813134415803
-55.1566507383035,-4.3813134415803
-55.1161507383035,-4.3579307665803
-55.1026507383035,-4.3345480915803
-55.0891507383035,-4.3111654165803
-55.0756507383035,-4.2877827415803
-55.0621507383035,-4.2644000665803
-55.0216507383035,-4.2410173915803
-55.1161507383035,-4.0773386665803
-55.3996507383035,-4.2410173915803
-55.3051507383035,-4.4046961165803
-55.1161507383035,-4.4046961165803
-55.0351507383035,-4.2176347165803
-55.0486507383035,-4.1942520415803
-55.0621507383035,-4.1708693665803
-55.0756507383035,-4.1474866915803
-55.0891507383035,-4.1241040165803
-55.1026507383035,-4.1007213415803
-55.1431507383035,-4.0773386665803
-55.1701507383035,-4.0773386665803
-55.1971507383035,-4.0773386665803
-55.2241507383035,-4.0773386665803
-55.2511507383035,-4.0773386665803
-55.2781507383035,-4.0773386665803
-55.3186507383035,-4.1007213415803
-55.3321507383035,-4.1241040165803
-55.3456507383035,-4.1474866915803
-55.3591507383035,-4.1708693665803
-55.3726507383035,-4.1942520415803
-55.3861507383035,-4.2176347165803
-55.3861507383035,-4.2644000665803
-55.3726507383035,-4.2877827415803
-55.3591507383035,-4.3111654165803
-55.3456507383035,-4.3345480915803
-55.3321507383035,-4.3579307665803
-55.3186507383035,-4.3813134415803
-55.2781507383035,-4.4046961165803
-55.2511507383035,-4.4046961165803
-55.2241507383035,-4.4046961165803
-55.1971507383035,-4.4046961165803
-55.1701507383035,-4.4046961165803
-55.1431507383035,-4.4046961165803
-55.1026507383035,-4.3813134415803
-55.0891507383035,-4.3579307665803
-55.0756507383035,-4.3345480915803
-55.0621507383035,-4.3111654165803
-55.0486507383035,-4.2877827415803
-55.0351507383035,-4.2644000665803
-54.9946507383035,-4.2410173915803
-55.1026507383035,-4.0539559915803
-55.4266507383035,-4.2410173915803
-55.3186507383035,-4.4280787915803
-55.1026507383035,-4.4280787915803
-55.0081507383035,-4.2176347165803
-55.0216507383035,-4.1942520415803
-55.0351507383035,-4.1708693665803
-55.0486507383035,-4.1474866915803
-55.0621507383035,-4.1241040165803
-55.0756507383035,-4.1007213415803
-55.0891507383035,-4.0773386665803
-55.1296507383035,-4.0539559915803
-55.1566507383035,-4.0539559915803
-55.1836507383035,-4.0539559915803
-55.2106507383035,-4.0539559915803
-55.2376507383035,-4.0539559915803
-55.2646507383035,-4.0539559915803
-55.2916507383035,-4.0539559915803
-55.3456507383035,-4.1007213415803
-55.3591507383035,-4.1241040165803
-55.3726507383035,-4.1474866915803
-55.3861507383035,-4.1708693665803
-55.3996507383035,-4.1942520415803
-55.4131507383035,-4.2176347165803
-55.4131507383035,-4.2644000665803
-55.3996507383035,-4.2877827415803
-55.3861507383035,-4.3111654165803
-55.3726507383035,-4.3345480915803
-55.3591507383035,-4.3579307665803
-55.3456507383035,-4.3813134415803
-55.3321507383035,-4.4046961165803
-55.2916507383035,-4.4280787915803
-55.2646507383035,-4.4280787915803
-55.2376507383035,-4.4280787915803
-55.2106507383035,-4.4280787915803
-55.1836507383035,-4.4280787915803
-55.1566507383035,-4.4280787915803
-55.1296507383035,-4.4280787915803
-55.0891507383035,-4.4046961165803
-55.0756507383035,-4.3813134415803
-55.0621507383035,-4.3579307665803
-55.0486507383035,-4.3345480915803
-55.0351507383035,-4.3111654165803
-55.0216507383035,-4.2877827415803
-55.0081507383035,-4.2644000665803
-54.9676507383035,-4.2410173915803
-55.0891507383035,-4.0305733165803
-55.4536507383035,-4.2410173915803
-55.3321507383035,-4.4514614665803
-55.0891507383035,-4.4514614665803
-54.9811507383035,-4.2176347165803
-54.9946507383035,-4.1942520415803
-55.0081507383035,-4.1708693665803
-55.0216507383035,-4.1474866915803
-55.0351507383035,-4.1241040165803
-55.0486507383035,-4.1007213415803
-55.0621507383035,-4.0773386665803
-55.0756507383035,-4.0539559915803
-55.1161507383035,-4.0305733165803
-55.1431507383035,-4.0305733165803
-55.1701507383035,-4.0305733165803
-55.1971507383035,-4.0305733165803
-55.2241507383035,-4.0305733165803
-55.2511507383035,-4.0305733165803
-55.2781507383035,-4.0305733165803
-55.3051507383035,-4.0305733165803
-55.3726507383035,-4.1007213415803
-55.3861507383035,-4.1241040165803
-55.3996507383035,-4.1474866915803
-55.4131507383035,-4.1708693665803
-55.4266507383035,-4.1942520415803
-55.4401507383035,-4.2176347165803
-55.4401507383035,-4.2644000665803
-55.4266507383035,-4.2877827415803
-55.4131507383035,-4.3111654165803
-55.3996507383035,-4.3345480915803
-55.3861507383035,-4.3579307665803
-55.3726507383035,-4.3813134415803
-55.3591507383035,-4.4046961165803
-55.3456507383035,-4.4280787915803
-55.3051507383035,-4.4514614665803
-55.2781507383035,-4.4514614665803
-55.2511507383035,-4.4514614665803
-55.2241507383035,-4.4514614665803
-55.1971507383035,-4.4514614665803
-55.1701507383035,-4.4514614665803
-55.1431507383035,-4.4514614665803
-55.1161507383035,-4.4514614665803
-55.0756507383035,-4.4280787915803
-55.0621507383035,-4.4046961165803
-55.0486507383035,-4.3813134415803
-55.0351507383035,-4.3579307665803
-55.0216507383035,-4.3345480915803
-55.0081507383035,-4.3111654165803
-54.9946507383035,-4.2877827415803
-54.9811507383035,-4.2644000665803
-54.9406507383035,-4.2410173915803
-55.0756507383035,-4.0071906415803
-55.4806507383035,-4.2410173915803
-55.3456507383035,-4.4748441415803
-55.0756507383035,-4.4748441415803
-54.9541507383035,-4.2176347165803
-54.9676507383035,-4.1942520415803
-54.9811507383035,-4.1708693665803
-54.9946507383035,-4.1474866915803
-55.0081507383035,-4.1241040165803
-55.0216507383035,-4.1007213415803
-55.0351507383035,-4.0773386665803
-55.0486507383035,-4.0539559915803
-55.0621507383035,-4.0305733165803
-55.1026507383035,-4.0071906415803
-55.1296507383035,-4.0071906415803
-55.1566507383035,-4.0071906415803
-55.1836507383035,-4.0071906415803
-55.2106507383035,-4.0071906415803
-55.2376507383035,-4.0071906415803
-55.2646507383035,-4.0071906415803
-55.2916507383035,-4.0071906415803
-55.4131507383035,-4.1241040165803
-55.4266507383035,-4.1474866915803
-55.4401507383035,-4.1708693665803
-55.4536507383035,-4.1942520415803
-55.4671507383035,-4.2176347165803
-55.4671507383035,-4.2644000665803
-55.4536507383035,-4.2877827415803
-55.4401507383035,-4.3111654165803
-55.4266507383035,-4.3345480915803
-55.4131507383035,-4.3579307665803
-55.3996507383035,-4.3813134415803
-55.3861507383035,-4.4046961165803
-55.3726507383035,-4.4280787915803
-55.3591507383035,-4.4514614665803
-55.3186507383035,-4.4748441415803
-55.2916507383035,-4.4748441415803
-55.2646507383035,-4.4748441415803
-55.2376507383035,-4.4748441415803
-55.2106507383035,-4.4748441415803
-55.1836507383035,-4.4748441415803
-55.1566507383035,-4.4748441415803
-55.1296507383035,-4.4748441415803
-55.1026507383035,-4.4748441415803
-55.0621507383035,-4.4514614665803
-55.0486507383035,-4.4280787915803
-55.0351507383035,-4.4046961165803
-55.0216507383035,-4.3813134415803
-55.0081507383035,-4.3579307665803
-54.9946507383035,-4.3345480915803
-54.9811507383035,-4.3111654165803
-54.9676507383035,-4.2877827415803
-54.9541507383035,-4.2644000665803
-54.9136507383035,-4.2410173915803
-55.0621507383035,-3.9838079665803
-55.5076507383035,-4.2410173915803
-55.3591507383035,-4.4982268165803
-55.0621507383035,-4.4982268165803
-54.9271507383035,-4.2176347165803
-54.9406507383035,-4.1942520415803
-54.9541507383035,-4.1708693665803
-54.9676507383035,-4.1474866915803
-54.9811507383035,-4.1241040165803
-54.9946507383035,-4.1007213415803
-55.0081507383035,-4.0773386665803
-55.0216507383035,-4.0539559915803
-55.0351507383035,-4.0305733165803
-55.0486507383035,-4.0071906415803
-55.0891507383035,-3.9838079665803
-55.1161507383035,-3.9838079665803
-55.1431507383035,-3.9838079665803
-55.1701507383035,-3.9838079665803
-55.1971507383035,-3.9838079665803
-55.2241507383035,-3.9838079665803
-55.2511507383035,-3.9838079665803
-55.2781507383035,-3.9838079665803
-55.3051507383035,-3.9838079665803
-55.4401507383035,-4.1241040165803
-55.4536507383035,-4.1474866915803
-55.4671507383035,-4.1708693665803
-55.4806507383035,-4.1942520415803
-55.4941507383035,-4.2176347165803
-55.4941507383035,-4.2644000665803
-55.4806507383035,-4.2877827415803
-55.4671507383035,-4.3111654165803
-55.4536507383035,-4.3345480915803
-55.4401507383035,-4.3579307665803
-55.4266507383035,-4.3813134415803
-55.4131507383035,-4.4046961165803
-55.3996507383035,-4.4280787915803
-55.3861507383035,-4.4514614665803
-55.3726507383035,-4.4748441415803
-55.3321507383035,-4.4982268165803
-55.3051507383035,-4.4982268165803
-55.2781507383035,-4.4982268165803
-55.2511507383035,-4.4982268165803
-55.2241507383035,-4.4982268165803
-55.1971507383035,-4.4982268165803
-55.1701507383035,-4.4982268165803
-55.1431507383035,-4.4982268165803
-55.1161507383035,-4.4982268165803
-55.0891507383035,-4.4982268165803
-55.0486507383035,-4.4748441415803
-55.0351507383035,-4.4514614665803
-55.0216507383035,-4.4280787915803
-55.0081507383035,-4.4046961165803
-54.9946507383035,-4.3813134415803
-54.9811507383035,-4.3579307665803
-54.9676507383035,-4.3345480915803
-54.9541507383035,-4.3111654165803
-54.9406507383035,-4.2877827415803
-54.9271507383035,-4.2644000665803
-54.8866507383035,-4.2410173915803
-55.0486507383035,-3.9604252915803
-55.5346507383035,-4.2410173915803
-55.3726507383035,-4.5216094915803
-55.0486507383035,-4.5216094915803
-54.9001507383035,-4.2176347165803
-54.9136507383035,-4.1942520415803
-54.9271507383035,-4.1708693665803
-54.9406507383035,-4.1474866915803
-54.9541507383035,-4.1241040165803
-54.9676507383035,-4.1007213415803
-54.9811507383035,-4.0773386665803
-54.9946507383035,-4.0539559915803
-55.0081507383035,-4.0305733165803
-55.0216507383035,-4.0071906415803
-55.0351507383035,-3.9838079665803
-55.0756507383035,-3.9604252915803
-55.1026507383035,-3.9604252915803
-55.1296507383035,-3.9604252915803
-55.1566507383035,-3.9604252915803
-55.1836507383035,-3.9604252915803
-55.2106507383035,-3.9604252915803
-55.2376507383035,-3.9604252915803
-55.2646507383035,-3.9604252915803
-55.2916507383035,-3.9604252915803
-55.4806507383035,-4.1474866915803
-55.4941507383035,-4.1708693665803
-55.5076507383035,-4.1942520415803
-55.5211507383035,-4.2176347165803
-55.5211507383035,-4.2644000665803
-55.5076507383035,-4.2877827415803
-55.4941507383035,-4.3111654165803
-55.4806507383035,-4.3345480915803
-55.4671507383035,-4.3579307665803
-55.4536507383035,-4.3813134415803
-55.4401507383035,-4.4046961165803
-55.4266507383035,-4.4280787915803
-55.4131507383035,-4.4514614665803
-55.3996507383035,-4.4748441415803
-55.3861507383035,-4.4982268165803
-55.3456507383035,-4.5216094915803
-55.3186507383035,-4.5216094915803
-55.2916507383035,-4.5216094915803
-55.2646507383035,-4.5216094915803
-55.2376507383035,-4.5216094915803
-55.2106507383035,-4.5216094915803
-55.1836507383035,-4.5216094915803
-55.1566507383035,-4.5216094915803
-55.1296507383035,-4.5216094915803
-55.1026507383035,-4.5216094915803
-55.0756507383035,-4.5216094915803
-55.0351507383035,-4.4982268165803
-55.0216507383035,-4.4748441415803
-55.0081507383035,-4.4514614665803
-54.9946507383035,-4.4280787915803
-54.9811507383035,-4.4046961165803
-54.9676507383035,-4.3813134415803
-54.9541507383035,-4.3579307665803
-54.9406507383035,-4.3345480915803
-54.9271507383035,-4.3111654165803
-54.9136507383035,-4.2877827415803
-54.9001507383035,-4.2644000665803
-54.8596507383035,-4.2410173915803
-55.0351507383035,-3.9370426165803
-55.5616507383035,-4.2410173915803
-55.3861507383035,-4.5449921665803
-55.0351507383035,-4.5449921665803
-54.8731507383035,-4.2176347165803
-54.8866507383035,-4.1942520415803
-54.9001507383035,-4.1708693665803
-54.9136507383035,-4.1474866915803
-54.9271507383035,-4.1241040165803
-54.9406507383035,-4.1007213415803
-54.9541507383035,-4.0773386665803
-54.9676507383035,-4.0539559915803
-54.9811507383035,-4.0305733165803
-54.9946507383035,-4.0071906415803
-55.0081507383035,-3.9838079665803
-55.0216507383035,-3.9604252915803
-55.0621507383035,-3.9370426165803
-55.0891507383035,-3.9370426165803
-55.1161507383035,-3.9370426165803
-55.1431507383035,-3.9370426165803
-55.1701507383035,-3.9370426165803
-55.1971507383035,-3.9370426165803
-55.2241507383035,-3.9370426165803
-55.2511507383035,-3.9370426165803
-55.2781507383035,-3.9370426165803
-55.3051507383035,-3.9370426165803
-55.5076507383035,-4.1474866915803
-55.5211507383035,-4.1708693665803
-55.5346507383035,-4.1942520415803
-55.5481507383035,-4.2176347165803
-55.5481507383035,-4.2644000665803
-55.5346507383035,-4.2877827415803
-55.5211507383035,-4.3111654165803
-55.5076507383035,-4.3345480915803
-55.4941507383035,-4.3579307665803
-55.4806507383035,-4.3813134415803
-55.4671507383035,-4.4046961165803
-55.4536507383035,-4.4280787915803
-55.4401507383035,-4.4514614665803
-55.4266507383035,-4.4748441415803
-55.4131507383035,-4.4982268165803
-55.3996507383035,-4.5216094915803
-55.3591507383035,-4.5449921665803
-55.3321507383035,-4.5449921665803
-55.3051507383035,-4.5449921665803
-55.2781507383035,-4.5449921665803
-55.2511507383035,-4.5449921665803
-55.2241507383035,-4.5449921665803
-55.1971507383035,-4.5449921665803
-55.1701507383035,-4.5449921665803
-55.1431507383035,-4.5449921665803
-55.1161507383035,-4.5449921665803
-55.0891507383035,-4.5449921665803
-55.0621507383035,-4.5449921665803
-55.0216507383035,-4.5216094915803
-55.0081507383035,-4.4982268165803
-54.9946507383035,-4.4748441415803
-54.9811507383035,-4.4514614665803
-54.9676507383035,-4.4280787915803
-54.9541507383035,-4.4046961165803
-54.9406507383035,-4.3813134415803
-54.9271507383035,-4.3579307665803
-54.9136507383035,-4.3345480915803
-54.9001507383035,-4.3111654165803
-54.8866507383035,-4.2877827415803
-54.8731507383035,-4.2644000665803
-54.8326507383035,-4.2410173915803
-55.5886507383035,-4.2410173915803
-55.3996507383035,-4.5683748415803
-55.0216507383035,-4.5683748415803
-54.8461507383035,-4.2176347165803
-54.8596507383035,-4.1942520415803
-54.8731507383035,-4.1708693665803
-54.8866507383035,-4.1474866915803
-54.9001507383035,-4.1241040165803
-54.9136507383035,-4.1007213415803
-54.9271507383035,-4.0773386665803
-54.9406507383035,-4.0539559915803
-54.9541507383035,-4.0305733165803
-54.9676507383035,-4.0071906415803
-54.9811507383035,-3.9838079665803
-54.9946507383035,-3.9604252915803
-55.0081507383035,-3.9370426165803
-55.1026507383035,-3.9136599415803
-55.1296507383035,-3.9136599415803
-55.1566507383035,-3.9136599415803
-55.1836507383035,-3.9136599415803
-55.2106507383035,-3.9136599415803
-55.2376507383035,-3.9136599415803
-55.2646507383035,-3.9136599415803
-55.5481507383035,-4.1708693665803
-55.5616507383035,-4.1942520415803
-55.5751507383035,-4.2176347165803
-55.5751507383035,-4.2644000665803
-55.5616507383035,-4.2877827415803
-55.5481507383035,-4.3111654165803
-55.5346507383035,-4.3345480915803
-55.5211507383035,-4.3579307665803
-55.5076507383035,-4.3813134415803
-55.4941507383035,-4.4046961165803
-55.4806507383035,-4.4280787915803
-55.4671507383035,-4.4514614665803
-55.4536507383035,-4.4748441415803
-55.4401507383035,-4.4982268165803
-55.4266507383035,-4.5216094915803
-55.4131507383035,-4.5449921665803
-55.3726507383035,-4.5683748415803
-55.3456507383035,-4.5683748415803
-55.3186507383035,-4.5683748415803
-55.2916507383035,-4.5683748415803
-55.2646507383035,-4.5683748415803
-55.2376507383035,-4.5683748415803
-55.2106507383035,-4.5683748415803
-55.1836507383035,-4.5683748415803
-55.1566507383035,-4.5683748415803
-55.1296507383035,-4.5683748415803
-55.1026507383035,-4.5683748415803
-55.0756507383035,-4.5683748415803
-55.0486507383035,-4.5683748415803
-55.0081507383035,-4.5449921665803
-54.9946507383035,-4.5216094915803
-54.9811507383035,-4.4982268165803
-54.9676507383035,-4.4748441415803
-54.9541507383035,-4.4514614665803
-54.9406507383035,-4.4280787915803
-54.9271507383035,-4.4046961165803
-54.9136507383035,-4.3813134415803
-54.9001507383035,-4.3579307665803
-54.8866507383035,-4.3345480915803
-54.8731507383035,-4.3111654165803
-54.8596507383035,-4.2877827415803
-55.6156507383035,-4.2410173915803
-55.4131507383035,-4.5917575165803
-54.8191507383035,-4.2176347165803
-54.8326507383035,-4.1942520415803
-54.8461507383035,-4.1708693665803
-54.8596507383035,-4.1474866915803
-54.8731507383035,-4.1241040165803
-54.8866507383035,-4.1007213415803
-54.9001507383035,-4.0773386665803
-54.9136507383035,-4.0539559915803
-54.9271507383035,-4.0305733165803
-54.9406507383035,-4.0071906415803
-54.9541507383035,-3.9838079665803
-54.9676507383035,-3.9604252915803
-54.9811507383035,-3.9370426165803
-54.9946507383035,-3.9136599415803
-55.0891507383035,-3.8902772665803
-55.1161507383035,-3.8902772665803
-55.1431507383035,-3.8902772665803
-55.1701507383035,-3.8902772665803
-55.1971507383035,-3.8902772665803
-55.5751507383035,-4.1708693665803
-55.5886507383035,-4.1942520415803
-55.6021507383035,-4.2176347165803
-55.6021507383035,-4.2644000665803
-55.5886507383035,-4.2877827415803
-55.5751507383035,-4.3111654165803
-55.5616507383035,-4.3345480915803
-55.5481507383035,-4.3579307665803
-55.5346507383035,-4.3813134415803
-55.5211507383035,-4.4046961165803
-55.5076507383035,-4.4280787915803
-55.4941507383035,-4.4514614665803
-55.4806507383035,-4.4748441415803
-55.4671507383035,-4.4982268165803
-55.4536507383035,-4.5216094915803
-55.4401507383035,-4.5449921665803
-55.4266507383035,-4.5683748415803
-55.3861507383035,-4.5917575165803
-55.3591507383035,-4.5917575165803
-55.3321507383035,-4.5917575165803
-55.3051507383035,-4.5917575165803
-55.2781507383035,-4.5917575165803
-55.2511507383035,-4.5917575165803
-55.2241507383035,-4.5917575165803
-55.1971507383035,-4.5917575165803
-55.1701507383035,-4.5917575165803
-55.1431507383035,-4.5917575165803
-55.1161507383035,-4.5917575165803
-55.0891507383035,-4.5917575165803
-55.0621507383035,-4.5917575165803
-54.9946507383035,-4.5683748415803
-54.9811507383035,-4.5449921665803
-54.9676507383035,-4.5216094915803
-54.9541507383035,-4.4982268165803
-54.9406507383035,-4.4748441415803
-54.9271507383035,-4.4514614665803
-54.9136507383035,-4.4280787915803
-54.9001507383035,-4.4046961165803
-54.8866507383035,-4.3813134415803
-54.8731507383035,-4.3579307665803
-54.9946507383035,-3.8668945915803
-55.6426507383035,-4.2410173915803
-55.4266507383035,-4.6151401915803
-54.8191507383035,-4.1708693665803
-54.8326507383035,-4.1474866915803
-54.8461507383035,-4.1241040165803
-54.8596507383035,-4.1007213415803
-54.8731507383035,-4.0773386665803
-54.8866507383035,-4.0539559915803
-54.9001507383035,-4.0305733165803
-54.9136507383035,-4.0071906415803
-54.9271507383035,-3.9838079665803
-54.9406507383035,-3.9604252915803
-54.9541507383035,-3.9370426165803
-54.9676507383035,-3.9136599415803
-54.9811507383035,-3.8902772665803
-55.1296507383035,-3.8668945915803
-55.5751507383035,-4.1241040165803
-55.5886507383035,-4.1474866915803
-55.6021507383035,-4.1708693665803
-55.6156507383035,-4.1942520415803
-55.6291507383035,-4.2176347165803
-55.6291507383035,-4.2644000665803
-55.6156507383035,-4.2877827415803
-55.6021507383035,-4.3111654165803
-55.5886507383035,-4.3345480915803
-55.5751507383035,-4.3579307665803
-55.5616507383035,-4.3813134415803
-55.5481507383035,-4.4046961165803
-55.5346507383035,-4.4280787915803
-55.5211507383035,-4.4514614665803
-55.5076507383035,-4.4748441415803
-55.4941507383035,-4.4982268165803
-55.4806507383035,-4.5216094915803
-55.4671507383035,-4.5449921665803
-55.4536507383035,-4.5683748415803
-55.4401507383035,-4.5917575165803
-55.3996507383035,-4.6151401915803
-55.3726507383035,-4.6151401915803
-55.3456507383035,-4.6151401915803
-55.3186507383035,-4.6151401915803
-55.2916507383035,-4.6151401915803
-55.2646507383035,-4.6151401915803
-55.2376507383035,-4.6151401915803
-55.2106507383035,-4.6151401915803
-55.1836507383035,-4.6151401915803
-55.1566507383035,-4.6151401915803
-54.9676507383035,-4.5683748415803
-54.9541507383035,-4.5449921665803
-54.9406507383035,-4.5216094915803
-54.9271507383035,-4.4982268165803
-54.9001507383035,-4.4514614665803
-54.8866507383035,-4.4280787915803
-54.8731507383035,-4.4046961165803
-54.8596507383035,-4.3813134415803
-55.6696507383035,-4.2410173915803
-54.8191507383035,-4.1241040165803
-54.8326507383035,-4.1007213415803
-54.8461507383035,-4.0773386665803
-54.8596507383035,-4.0539559915803
-54.8731507383035,-4.0305733165803
-54.8866507383035,-4.0071906415803
-54.9001507383035,-3.9838079665803
-54.9136507383035,-3.9604252915803
-54.9271507383035,-3.9370426165803
-54.9406507383035,-3.9136599415803
-54.9541507383035,-3.8902772665803
-54.9676507383035,-3.8668945915803
-55.5616507383035,-4.0539559915803
-55.5751507383035,-4.0773386665803
-55.5886507383035,-4.1007213415803
-55.6021507383035,-4.1241040165803
-55.6156507383035,-4.1474866915803
-55.6291507383035,-4.1708693665803
-55.6426507383035,-4.1942520415803
-55.6561507383035,-4.2176347165803
-55.6561507383035,-4.2644000665803
-55.6426507383035,-4.2877827415803
-55.6291507383035,-4.3111654165803
-55.6156507383035,-4.3345480915803
-55.6021507383035,-4.3579307665803
-55.5886507383035,-4.3813134415803
-55.5751507383035,-4.4046961165803
-55.5616507383035,-4.4280787915803
-55.5481507383035,-4.4514614665803
-55.5346507383035,-4.4748441415803
-55.5211507383035,-4.4982268165803
-55.5076507383035,-4.5216094915803
-55.4941507383035,-4.5449921665803
-55.4806507383035,-4.5683748415803
-55.4671507383035,-4.5917575165803
-55.3861507383035,-4.6385228665803
-55.3591507383035,-4.6385228665803
-55.3321507383035,-4.6385228665803
-55.3051507383035,-4.6385228665803
-55.2781507383035,-4.6385228665803
-55.2511507383035,-4.6385228665803
-55.2241507383035,-4.6385228665803
-55.1971507383035,-4.6385228665803
-55.1701507383035,-4.6385228665803
-54.8596507383035,-4.4280787915803
-54.8461507383035,-4.4046961165803
-55.6966507383035,-4.2410173915803
-54.7921507383035,-4.1241040165803
-54.8056507383035,-4.1007213415803
-54.8191507383035,-4.0773386665803
-54.8326507383035,-4.0539559915803
-54.8461507383035,-4.0305733165803
-54.8596507383035,-4.0071906415803
-54.8731507383035,-3.9838079665803
-54.8866507383035,-3.9604252915803
-54.9001507383035,-3.9370426165803
-54.9136507383035,-3.9136599415803
-54.9271507383035,-3.8902772665803
-54.9406507383035,-3.8668945915803
-54.9541507383035,-3.8435119165803
-55.5751507383035,-4.0305733165803
-55.5886507383035,-4.0539559915803
-55.6021507383035,-4.0773386665803
-55.6156507383035,-4.1007213415803
-55.6291507383035,-4.1241040165803
-55.6426507383035,-4.1474866915803
-55.6561507383035,-4.1708693665803
-55.6696507383035,-4.1942520415803
-55.6831507383035,-4.2176347165803
-55.6831507383035,-4.2644000665803
-55.6696507383035,-4.2877827415803
-55.6156507383035,-4.3813134415803
-55.6021507383035,-4.4046961165803
-55.5886507383035,-4.4280787915803
-55.5751507383035,-4.4514614665803
-55.5616507383035,-4.4748441415803
-55.5481507383035,-4.4982268165803
-55.5346507383035,-4.5216094915803
-55.5211507383035,-4.5449921665803
-55.5076507383035,-4.5683748415803
-55.4941507383035,-4.5917575165803
-55.4806507383035,-4.6151401915803
-55.2916507383035,-4.6619055415803
-55.2646507383035,-4.6619055415803
-54.7786507383035,-4.1007213415803
-54.7921507383035,-4.0773386665803
-54.8056507383035,-4.0539559915803
-54.8191507383035,-4.0305733165803
-54.8326507383035,-4.0071906415803
-54.8461507383035,-3.9838079665803
-54.8596507383035,-3.9604252915803
-54.8731507383035,-3.9370426165803
-54.8866507383035,-3.9136599415803
-54.9001507383035,-3.8902772665803
-54.9136507383035,-3.8668945915803
-54.9271507383035,-3.8435119165803
-54.9406507383035,-3.8201292415803
-55.6021507383035,-4.0305733165803
-55.6156507383035,-4.0539559915803
-55.6291507383035,-4.0773386665803
-55.6426507383035,-4.1007213415803
-55.6561507383035,-4.1241040165803
-55.6696507383035,-4.1474866915803
-55.6831507383035,-4.1708693665803
-55.6966507383035,-4.1942520415803
-55.7101507383035,-4.2176347165803
-55.7101507383035,-4.2644000665803
-55.6156507383035,-4.4280787915803
-55.6021507383035,-4.4514614665803
-55.5886507383035,-4.4748441415803
-55.5751507383035,-4.4982268165803
-55.5616507383035,-4.5216094915803
-55.5346507383035,-4.5683748415803
-55.5211507383035,-4.5917575165803
-55.5076507383035,-4.6151401915803
-55.7506507383035,-4.2410173915803
-54.7921507383035,-4.0305733165803
-54.8056507383035,-4.0071906415803
-54.8191507383035,-3.9838079665803
-54.8326507383035,-3.9604252915803
-54.8461507383035,-3.9370426165803
-54.8596507383035,-3.9136599415803
-54.8731507383035,-3.8902772665803
-54.8866507383035,-3.8668945915803
-54.9001507383035,-3.8435119165803
-54.9136507383035,-3.8201292415803
-54.9271507383035,-3.7967465665803
-55.6831507383035,-4.1241040165803
-55.6966507383035,-4.1474866915803
-55.7101507383035,-4.1708693665803
-55.7236507383035,-4.1942520415803
-55.7371507383035,-4.2176347165803
-55.6291507383035,-4.4514614665803
-55.6156507383035,-4.4748441415803
-55.6021507383035,-4.4982268165803
-55.5886507383035,-4.5216094915803
-55.7776507383035,-4.2410173915803
-54.7651507383035,-4.0305733165803
-54.7786507383035,-4.0071906415803
-54.7921507383035,-3.9838079665803
-54.8056507383035,-3.9604252915803
-54.8191507383035,-3.9370426165803
-54.8326507383035,-3.9136599415803
-54.8461507383035,-3.8902772665803
-54.8596507383035,-3.8668945915803
-54.8731507383035,-3.8435119165803
-54.8866507383035,-3.8201292415803
-54.9001507383035,-3.7967465665803
-55.7101507383035,-4.1241040165803
-55.7236507383035,-4.1474866915803
-55.7371507383035,-4.1708693665803
-55.7506507383035,-4.1942520415803
-55.7641507383035,-4.2176347165803
-55.7641507383035,-4.2644000665803
-55.6561507383035,-4.4514614665803
-55.6426507383035,-4.4748441415803
-55.6291507383035,-4.4982268165803
-55.8046507383035,-4.2410173915803
-54.7516507383035,-4.0071906415803
-54.7651507383035,-3.9838079665803
-54.7786507383035,-3.9604252915803
-54.7921507383035,-3.9370426165803
-54.8056507383035,-3.9136599415803
-54.8191507383035,-3.8902772665803
-54.8326507383035,-3.8668945915803
-54.8461507383035,-3.8435119165803
-54.8596507383035,-3.8201292415803
-54.8731507383035,-3.7967465665803
-54.8866507383035,-3.7733638915803
-54.9001507383035,-3.7499812165803
-55.7506507383035,-4.1474866915803
-55.7641507383035,-4.1708693665803
-55.7776507383035,-4.1942520415803
-55.7911507383035,-4.2176347165803
-55.7911507383035,-4.2644000665803
-55.6696507383035,-4.4748441415803
-55.6561507383035,-4.4982268165803
-55.8316507383035,-4.2410173915803
-54.7786507383035,-3.9136599415803
-54.7921507383035,-3.8902772665803
-54.8056507383035,-3.8668945915803
-54.8191507383035,-3.8435119165803
-54.8326507383035,-3.8201292415803
-54.8461507383035,-3.7967465665803
-54.8596507383035,-3.7733638915803
-54.8731507383035,-3.7499812165803
-54.8866507383035,-3.7265985415803
-55.7911507383035,-4.1708693665803
-55.8046507383035,-4.1942520415803
-55.8181507383035,-4.2176347165803
-55.8181507383035,-4.2644000665803
-55.8046507383035,-4.2877827415803
-55.8586507383035,-4.2410173915803
-54.7651507383035,-3.8902772665803
-54.7786507383035,-3.8668945915803
-54.7921507383035,-3.8435119165803
-54.8056507383035,-3.8201292415803
-54.8191507383035,-3.7967465665803
-54.8326507383035,-3.7733638915803
-55.8316507383035,-4.1942520415803
-55.8451507383035,-4.2176347165803
-55.8856507383035,-4.2410173915803
-54.7651507383035,-3.8435119165803
-54.7786507383035,-3.8201292415803
-54.7921507383035,-3.7967465665803
-54.8056507383035,-3.7733638915803
-55.8721507383035,-4.2176347165803
-54.7381507383035,-3.8435119165803
-54.7516507383035,-3.8201292415803
-54.7651507383035,-3.7967465665803
-54.7246507383035,-3.8201292415803
-54.7381507383035,-3.7967465665803
-54.7111507383035,-3.7967465665803
