-47.3537049162459,-0.6854683170113
-47.3267049162459,-0.6854683170113
-47.3402049162459,-0.6620856420113
-47.3672049162459,-0.6620856420113
-47.3807049162459,-0.6854683170113
-47.3672049162459,-0.7088509920113
-47.3402049162459,-0.7088509920113
-47.2997049162459,-0.6854683170113
-47.3267049162459,-0.6387029670113
-47.3807049162459,-0.6387029670113
-47.4077049162459,-0.6854683170113
-47.3807049162459,-0.7322336670113
-47.3132049162459,-0.6620856420113
-47.3537049162459,-0.6387029670113
-47.3942049162459,-0.6620856420113
-47.3942049162459,-0.7088509920113
-47.3132049162459,-0.7088509920113
-47.3132049162459,-0.6153202920113
-47.3942049162459,-0.7556163420113
-47.2862049162459,-0.6620856420113
-47.2997049162459,-0.6387029670113
-47.3402049162459,-0.6153202920113
-47.3672049162459,-0.6153202920113
-47.4212049162459,-0.6620856420113
-47.3672049162459,-0.7556163420113
-47.2592049162459,-0.6620856420113
-47.3807049162459,-0.7789990170113
-47.3942049162459,-0.8023816920113
