-47.0756870754633,-2.1682054754957
-47.0486870754633,-2.1682054754957
-47.0621870754633,-2.1448228004957
-47.0891870754633,-2.1448228004957
-47.1026870754633,-2.1682054754957
-47.0891870754633,-2.1915881504957
-47.0621870754633,-2.1915881504957
-47.0216870754633,-2.1682054754957
-47.0486870754633,-2.1214401254957
-47.1026870754633,-2.1214401254957
-47.1296870754633,-2.1682054754957
-47.1026870754633,-2.2149708254957
-47.0486870754633,-2.2149708254957
-47.0351870754633,-2.1448228004957
-47.0756870754633,-2.1214401254957
-47.1161870754633,-2.1448228004957
-47.1161870754633,-2.1915881504957
-47.0756870754633,-2.2149708254957
-47.0351870754633,-2.1915881504957
-46.9946870754633,-2.1682054754957
-47.0351870754633,-2.0980574504957
-47.1161870754633,-2.0980574504957
-47.1566870754633,-2.1682054754957
-47.1161870754633,-2.2383535004957
-47.0351870754633,-2.2383535004957
-47.0081870754633,-2.1448228004957
-47.0216870754633,-2.1214401254957
-47.0621870754633,-2.0980574504957
-47.0891870754633,-2.0980574504957
-47.1296870754633,-2.1214401254957
-47.1431870754633,-2.1448228004957
-47.1431870754633,-2.1915881504957
-47.1296870754633,-2.2149708254957
-47.0891870754633,-2.2383535004957
-47.0621870754633,-2.2383535004957
-47.0216870754633,-2.2149708254957
-47.0081870754633,-2.1915881504957
-46.9676870754633,-2.1682054754957
-47.0216870754633,-2.0746747754957
-47.1296870754633,-2.0746747754957
-47.1836870754633,-2.1682054754957
-47.1296870754633,-2.2617361754957
-47.0216870754633,-2.2617361754957
-46.9811870754633,-2.1448228004957
-46.9946870754633,-2.1214401254957
-47.0081870754633,-2.0980574504957
-47.0486870754633,-2.0746747754957
-47.0756870754633,-2.0746747754957
-47.1026870754633,-2.0746747754957
-47.1431870754633,-2.0980574504957
-47.1566870754633,-2.1214401254957
-47.1701870754633,-2.1448228004957
-47.1701870754633,-2.1915881504957
-47.1566870754633,-2.2149708254957
-47.1431870754633,-2.2383535004957
-47.1026870754633,-2.2617361754957
-47.0756870754633,-2.2617361754957
-47.0486870754633,-2.2617361754957
-47.0081870754633,-2.2383535004957
-46.9946870754633,-2.2149708254957
-46.9811870754633,-2.1915881504957
-46.9406870754633,-2.1682054754957
-47.0081870754633,-2.0512921004957
-47.1431870754633,-2.0512921004957
-47.1431870754633,-2.2851188504957
-46.9541870754633,-2.1448228004957
-46.9676870754633,-2.1214401254957
-46.9811870754633,-2.0980574504957
-46.9946870754633,-2.0746747754957
-47.0351870754633,-2.0512921004957
-47.0621870754633,-2.0512921004957
-47.0891870754633,-2.0512921004957
-47.1161870754633,-2.0512921004957
-47.1566870754633,-2.0746747754957
-47.1701870754633,-2.0980574504957
-47.1971870754633,-2.1915881504957
-47.1836870754633,-2.2149708254957
-47.1701870754633,-2.2383535004957
-47.1566870754633,-2.2617361754957
-47.1161870754633,-2.2851188504957
-47.0891870754633,-2.2851188504957
-47.0621870754633,-2.2851188504957
-47.0351870754633,-2.2851188504957
-46.9946870754633,-2.2617361754957
-46.9811870754633,-2.2383535004957
-46.9676870754633,-2.2149708254957
-46.9541870754633,-2.1915881504957
-46.9136870754633,-2.1682054754957
-46.9946870754633,-2.0279094254957
-47.1566870754633,-2.3085015254957
-46.9271870754633,-2.1448228004957
-46.9406870754633,-2.1214401254957
-46.9541870754633,-2.0980574504957
-46.9676870754633,-2.0746747754957
-46.9811870754633,-2.0512921004957
-47.0216870754633,-2.0279094254957
-47.0486870754633,-2.0279094254957
-47.0756870754633,-2.0279094254957
-47.1026870754633,-2.0279094254957
-47.1296870754633,-2.0279094254957
-47.2106870754633,-2.2149708254957
-47.1971870754633,-2.2383535004957
-47.1836870754633,-2.2617361754957
-47.1701870754633,-2.2851188504957
-47.1296870754633,-2.3085015254957
-47.1026870754633,-2.3085015254957
-47.0756870754633,-2.3085015254957
-46.9541870754633,-2.2383535004957
-46.9406870754633,-2.2149708254957
-46.9271870754633,-2.1915881504957
-46.9811870754633,-2.0045267504957
-47.1701870754633,-2.3318842004957
-46.9136870754633,-2.1214401254957
-46.9271870754633,-2.0980574504957
-46.9406870754633,-2.0746747754957
-46.9541870754633,-2.0512921004957
-46.9676870754633,-2.0279094254957
-47.0081870754633,-2.0045267504957
-47.0351870754633,-2.0045267504957
-47.0621870754633,-2.0045267504957
-47.0891870754633,-2.0045267504957
-47.1161870754633,-2.0045267504957
-47.1431870754633,-2.0045267504957
-47.2376870754633,-2.2149708254957
-47.2241870754633,-2.2383535004957
-47.2106870754633,-2.2617361754957
-47.1971870754633,-2.2851188504957
-47.1836870754633,-2.3085015254957
-47.1431870754633,-2.3318842004957
-47.1161870754633,-2.3318842004957
-47.0891870754633,-2.3318842004957
-46.9001870754633,-2.1915881504957
-46.9676870754633,-1.9811440754957
-47.1836870754633,-2.3552668754957
-46.9271870754633,-2.0512921004957
-46.9406870754633,-2.0279094254957
-46.9541870754633,-2.0045267504957
-46.9946870754633,-1.9811440754957
-47.0216870754633,-1.9811440754957
-47.0486870754633,-1.9811440754957
-47.0756870754633,-1.9811440754957
-47.1026870754633,-1.9811440754957
-47.1296870754633,-1.9811440754957
-47.2376870754633,-2.2617361754957
-47.2241870754633,-2.2851188504957
-47.2106870754633,-2.3085015254957
-47.1971870754633,-2.3318842004957
-47.1566870754633,-2.3552668754957
-47.1296870754633,-2.3552668754957
-47.1026870754633,-2.3552668754957
-46.9541870754633,-1.9577614004957
-47.1971870754633,-2.3786495504957
-46.9136870754633,-2.0279094254957
-46.9271870754633,-2.0045267504957
-46.9406870754633,-1.9811440754957
-46.9811870754633,-1.9577614004957
-47.0081870754633,-1.9577614004957
-47.0351870754633,-1.9577614004957
-47.0621870754633,-1.9577614004957
-47.0891870754633,-1.9577614004957
-47.1161870754633,-1.9577614004957
-47.1431870754633,-1.9577614004957
-47.1701870754633,-2.3786495504957
-47.1431870754633,-2.3786495504957
-47.1161870754633,-2.3786495504957
-46.9136870754633,-1.9811440754957
-46.9271870754633,-1.9577614004957
-46.9676870754633,-1.9343787254957
-46.9946870754633,-1.9343787254957
-47.0216870754633,-1.9343787254957
-47.0486870754633,-1.9343787254957
-47.0756870754633,-1.9343787254957
-47.1026870754633,-1.9343787254957
-47.1296870754633,-1.9343787254957
-47.1566870754633,-1.9343787254957
-47.1836870754633,-2.4020322254957
-47.1566870754633,-2.4020322254957
-47.1296870754633,-2.4020322254957
-46.9811870754633,-1.9109960504957
-47.0081870754633,-1.9109960504957
-47.0351870754633,-1.9109960504957
-47.0621870754633,-1.9109960504957
-47.0891870754633,-1.9109960504957
-47.1161870754633,-1.9109960504957
-47.1971870754633,-2.4254149004957
-47.1701870754633,-2.4254149004957
-47.1431870754633,-2.4254149004957
-47.1161870754633,-2.4254149004957
-47.0216870754633,-1.8876133754957
-47.0486870754633,-1.8876133754957
-47.0756870754633,-1.8876133754957
-47.1026870754633,-1.8876133754957
-47.1836870754633,-2.4487975754957
-47.1566870754633,-2.4487975754957
-47.1296870754633,-2.4487975754957
-47.0351870754633,-1.8642307004957
-47.1701870754633,-2.4721802504957
-47.1431870754633,-2.4721802504957
-47.1161870754633,-2.4721802504957
-47.1566870754633,-2.4955629254957
-47.1296870754633,-2.4955629254957
-47.1026870754633,-2.4955629254957
-47.1431870754633,-2.5189456004957
-47.1161870754633,-2.5189456004957
-47.1566870754633,-2.5423282754957
-47.1296870754633,-2.5423282754957
-47.1026870754633,-2.5423282754957
-47.1971870754633,-2.5657109504957
-47.1701870754633,-2.5657109504957
-47.2106870754633,-2.5890936254957
