-52.6847678290237,-3.2959567836404
-52.6577678290237,-3.2959567836404
-52.6712678290237,-3.2725741086404
-52.6982678290237,-3.2725741086404
-52.7117678290237,-3.2959567836404
-52.6982678290237,-3.3193394586404
-52.6712678290237,-3.3193394586404
-52.6307678290237,-3.2959567836404
-52.6577678290237,-3.2491914336404
-52.7117678290237,-3.2491914336404
-52.6577678290237,-3.3427221336404
-52.6442678290237,-3.2725741086404
-52.6847678290237,-3.2491914336404
-52.7252678290237,-3.2725741086404
-52.7252678290237,-3.3193394586404
-52.6847678290237,-3.3427221336404
-52.6442678290237,-3.3193394586404
-52.6037678290237,-3.2959567836404
-52.6442678290237,-3.2258087586404
-52.7252678290237,-3.2258087586404
-52.6442678290237,-3.3661048086404
-52.6172678290237,-3.2725741086404
-52.6307678290237,-3.2491914336404
-52.6712678290237,-3.2258087586404
-52.6982678290237,-3.2258087586404
-52.7387678290237,-3.2491914336404
-52.6982678290237,-3.3661048086404
-52.6712678290237,-3.3661048086404
-52.6307678290237,-3.3427221336404
-52.6172678290237,-3.3193394586404
-52.5767678290237,-3.2959567836404
-52.6307678290237,-3.2024260836404
-52.7387678290237,-3.2024260836404
-52.6307678290237,-3.3894874836404
-52.5902678290237,-3.2725741086404
-52.6037678290237,-3.2491914336404
-52.6172678290237,-3.2258087586404
-52.6577678290237,-3.2024260836404
-52.6847678290237,-3.2024260836404
-52.7117678290237,-3.2024260836404
-52.7522678290237,-3.2258087586404
-52.7657678290237,-3.2491914336404
-52.6847678290237,-3.3894874836404
-52.6577678290237,-3.3894874836404
-52.6172678290237,-3.3661048086404
-52.6037678290237,-3.3427221336404
-52.5902678290237,-3.3193394586404
-52.5497678290237,-3.2959567836404
-52.6172678290237,-3.1790434086404
-52.7522678290237,-3.1790434086404
-52.6172678290237,-3.4128701586404
-52.5632678290237,-3.2725741086404
-52.5767678290237,-3.2491914336404
-52.5902678290237,-3.2258087586404
-52.6037678290237,-3.2024260836404
-52.6442678290237,-3.1790434086404
-52.6712678290237,-3.1790434086404
-52.6982678290237,-3.1790434086404
-52.7252678290237,-3.1790434086404
-52.7657678290237,-3.2024260836404
-52.7792678290237,-3.2258087586404
-52.6712678290237,-3.4128701586404
-52.6442678290237,-3.4128701586404
-52.6037678290237,-3.3894874836404
-52.5902678290237,-3.3661048086404
-52.5767678290237,-3.3427221336404
-52.5632678290237,-3.3193394586404
-52.5227678290237,-3.2959567836404
-52.6037678290237,-3.1556607336404
-52.7657678290237,-3.1556607336404
-52.6037678290237,-3.4362528336404
-52.5362678290237,-3.2725741086404
-52.5497678290237,-3.2491914336404
-52.5632678290237,-3.2258087586404
-52.5767678290237,-3.2024260836404
-52.5902678290237,-3.1790434086404
-52.6307678290237,-3.1556607336404
-52.6577678290237,-3.1556607336404
-52.6847678290237,-3.1556607336404
-52.7117678290237,-3.1556607336404
-52.7387678290237,-3.1556607336404
-52.7792678290237,-3.1790434086404
-52.7927678290237,-3.2024260836404
-52.6577678290237,-3.4362528336404
-52.6307678290237,-3.4362528336404
-52.5902678290237,-3.4128701586404
-52.5767678290237,-3.3894874836404
-52.5632678290237,-3.3661048086404
-52.5497678290237,-3.3427221336404
-52.5362678290237,-3.3193394586404
-52.4957678290237,-3.2959567836404
-52.5902678290237,-3.1322780586404
-52.7792678290237,-3.1322780586404
-52.5902678290237,-3.4596355086404
-52.5092678290237,-3.2725741086404
-52.5227678290237,-3.2491914336404
-52.5362678290237,-3.2258087586404
-52.5497678290237,-3.2024260836404
-52.5632678290237,-3.1790434086404
-52.5767678290237,-3.1556607336404
-52.6172678290237,-3.1322780586404
-52.6442678290237,-3.1322780586404
-52.6712678290237,-3.1322780586404
-52.6982678290237,-3.1322780586404
-52.7252678290237,-3.1322780586404
-52.7522678290237,-3.1322780586404
-52.7927678290237,-3.1556607336404
-52.8062678290237,-3.1790434086404
-52.6442678290237,-3.4596355086404
-52.6172678290237,-3.4596355086404
-52.5767678290237,-3.4362528336404
-52.5632678290237,-3.4128701586404
-52.5497678290237,-3.3894874836404
-52.5362678290237,-3.3661048086404
-52.5227678290237,-3.3427221336404
-52.5092678290237,-3.3193394586404
-52.5767678290237,-3.1088953836404
-52.7927678290237,-3.1088953836404
-52.5767678290237,-3.4830181836404
-52.4957678290237,-3.2491914336404
-52.5092678290237,-3.2258087586404
-52.5227678290237,-3.2024260836404
-52.5362678290237,-3.1790434086404
-52.5497678290237,-3.1556607336404
-52.5632678290237,-3.1322780586404
-52.6037678290237,-3.1088953836404
-52.6307678290237,-3.1088953836404
-52.6577678290237,-3.1088953836404
-52.6847678290237,-3.1088953836404
-52.7117678290237,-3.1088953836404
-52.7387678290237,-3.1088953836404
-52.7657678290237,-3.1088953836404
-52.8062678290237,-3.1322780586404
-52.8197678290237,-3.1556607336404
-52.6577678290237,-3.4830181836404
-52.6307678290237,-3.4830181836404
-52.6037678290237,-3.4830181836404
-52.5632678290237,-3.4596355086404
-52.5497678290237,-3.4362528336404
-52.5362678290237,-3.4128701586404
-52.5227678290237,-3.3894874836404
-52.5092678290237,-3.3661048086404
-52.5632678290237,-3.0855127086404
-52.8062678290237,-3.0855127086404
-52.5632678290237,-3.5064008586404
-52.4957678290237,-3.2024260836404
-52.5092678290237,-3.1790434086404
-52.5227678290237,-3.1556607336404
-52.5362678290237,-3.1322780586404
-52.5497678290237,-3.1088953836404
-52.5902678290237,-3.0855127086404
-52.6172678290237,-3.0855127086404
-52.6442678290237,-3.0855127086404
-52.6712678290237,-3.0855127086404
-52.6982678290237,-3.0855127086404
-52.7252678290237,-3.0855127086404
-52.7522678290237,-3.0855127086404
-52.7792678290237,-3.0855127086404
-52.8197678290237,-3.1088953836404
-52.8332678290237,-3.1322780586404
-52.7252678290237,-3.5064008586404
-52.6982678290237,-3.5064008586404
-52.6712678290237,-3.5064008586404
-52.6442678290237,-3.5064008586404
-52.6172678290237,-3.5064008586404
-52.5902678290237,-3.5064008586404
-52.5497678290237,-3.4830181836404
-52.5362678290237,-3.4596355086404
-52.5227678290237,-3.4362528336404
-52.4957678290237,-3.3894874836404
-52.5497678290237,-3.0621300336404
-52.8197678290237,-3.0621300336404
-52.5497678290237,-3.5297835336404
-52.4687678290237,-3.2024260836404
-52.4822678290237,-3.1790434086404
-52.4957678290237,-3.1556607336404
-52.5092678290237,-3.1322780586404
-52.5227678290237,-3.1088953836404
-52.5362678290237,-3.0855127086404
-52.5767678290237,-3.0621300336404
-52.6037678290237,-3.0621300336404
-52.6307678290237,-3.0621300336404
-52.6577678290237,-3.0621300336404
-52.6847678290237,-3.0621300336404
-52.7117678290237,-3.0621300336404
-52.7387678290237,-3.0621300336404
-52.7657678290237,-3.0621300336404
-52.7927678290237,-3.0621300336404
-52.8332678290237,-3.0855127086404
-52.8467678290237,-3.1088953836404
-52.8602678290237,-3.1322780586404
-52.7387678290237,-3.5297835336404
-52.7117678290237,-3.5297835336404
-52.6847678290237,-3.5297835336404
-52.6577678290237,-3.5297835336404
-52.6307678290237,-3.5297835336404
-52.6037678290237,-3.5297835336404
-52.5767678290237,-3.5297835336404
-52.5362678290237,-3.5064008586404
-52.5227678290237,-3.4830181836404
-52.5092678290237,-3.4596355086404
-52.4957678290237,-3.4362528336404
-52.5362678290237,-3.0387473586404
-52.8332678290237,-3.0387473586404
-52.5362678290237,-3.5531662086404
-52.4552678290237,-3.1790434086404
-52.4687678290237,-3.1556607336404
-52.4822678290237,-3.1322780586404
-52.4957678290237,-3.1088953836404
-52.5092678290237,-3.0855127086404
-52.5227678290237,-3.0621300336404
-52.5632678290237,-3.0387473586404
-52.5902678290237,-3.0387473586404
-52.6172678290237,-3.0387473586404
-52.6442678290237,-3.0387473586404
-52.6712678290237,-3.0387473586404
-52.6982678290237,-3.0387473586404
-52.7252678290237,-3.0387473586404
-52.7522678290237,-3.0387473586404
-52.7792678290237,-3.0387473586404
-52.8062678290237,-3.0387473586404
-52.8467678290237,-3.0621300336404
-52.8602678290237,-3.0855127086404
-52.7522678290237,-3.5531662086404
-52.7252678290237,-3.5531662086404
-52.6982678290237,-3.5531662086404
-52.6712678290237,-3.5531662086404
-52.6442678290237,-3.5531662086404
-52.6172678290237,-3.5531662086404
-52.5902678290237,-3.5531662086404
-52.5632678290237,-3.5531662086404
-52.5227678290237,-3.5297835336404
-52.5092678290237,-3.5064008586404
-52.4957678290237,-3.4830181836404
-52.4822678290237,-3.4596355086404
-52.4687678290237,-3.4362528336404
-52.5227678290237,-3.0153646836404
-52.8467678290237,-3.0153646836404
-52.5227678290237,-3.5765488836404
-52.4417678290237,-3.1556607336404
-52.4552678290237,-3.1322780586404
-52.4687678290237,-3.1088953836404
-52.4822678290237,-3.0855127086404
-52.4957678290237,-3.0621300336404
-52.5092678290237,-3.0387473586404
-52.5497678290237,-3.0153646836404
-52.5767678290237,-3.0153646836404
-52.6037678290237,-3.0153646836404
-52.6307678290237,-3.0153646836404
-52.6577678290237,-3.0153646836404
-52.6847678290237,-3.0153646836404
-52.7117678290237,-3.0153646836404
-52.7387678290237,-3.0153646836404
-52.7657678290237,-3.0153646836404
-52.7927678290237,-3.0153646836404
-52.8197678290237,-3.0153646836404
-52.8602678290237,-3.0387473586404
-52.8737678290237,-3.0621300336404
-52.7387678290237,-3.5765488836404
-52.7117678290237,-3.5765488836404
-52.6847678290237,-3.5765488836404
-52.6577678290237,-3.5765488836404
-52.6307678290237,-3.5765488836404
-52.6037678290237,-3.5765488836404
-52.5767678290237,-3.5765488836404
-52.5497678290237,-3.5765488836404
-52.5092678290237,-3.5531662086404
-52.4957678290237,-3.5297835336404
-52.4822678290237,-3.5064008586404
-52.4687678290237,-3.4830181836404
-52.4552678290237,-3.4596355086404
-52.4417678290237,-3.4362528336404
-52.5092678290237,-2.9919820086404
-52.8602678290237,-2.9919820086404
-52.5092678290237,-3.5999315586404
-52.4147678290237,-3.1556607336404
-52.4282678290237,-3.1322780586404
-52.4417678290237,-3.1088953836404
-52.4552678290237,-3.0855127086404
-52.4687678290237,-3.0621300336404
-52.4822678290237,-3.0387473586404
-52.4957678290237,-3.0153646836404
-52.5362678290237,-2.9919820086404
-52.5632678290237,-2.9919820086404
-52.5902678290237,-2.9919820086404
-52.6172678290237,-2.9919820086404
-52.6442678290237,-2.9919820086404
-52.6712678290237,-2.9919820086404
-52.6982678290237,-2.9919820086404
-52.7252678290237,-2.9919820086404
-52.7522678290237,-2.9919820086404
-52.7792678290237,-2.9919820086404
-52.8062678290237,-2.9919820086404
-52.8332678290237,-2.9919820086404
-52.8737678290237,-3.0153646836404
-52.7792678290237,-3.5999315586404
-52.7522678290237,-3.5999315586404
-52.7252678290237,-3.5999315586404
-52.6982678290237,-3.5999315586404
-52.6712678290237,-3.5999315586404
-52.6442678290237,-3.5999315586404
-52.6172678290237,-3.5999315586404
-52.5902678290237,-3.5999315586404
-52.5632678290237,-3.5999315586404
-52.5362678290237,-3.5999315586404
-52.4957678290237,-3.5765488836404
-52.4822678290237,-3.5531662086404
-52.4687678290237,-3.5297835336404
-52.4552678290237,-3.5064008586404
-52.4417678290237,-3.4830181836404
-52.4282678290237,-3.4596355086404
-52.4147678290237,-3.4362528336404
-52.4957678290237,-2.9685993336404
-52.8737678290237,-2.9685993336404
-52.4957678290237,-3.6233142336404
-52.4012678290237,-3.1322780586404
-52.4147678290237,-3.1088953836404
-52.4282678290237,-3.0855127086404
-52.4417678290237,-3.0621300336404
-52.4552678290237,-3.0387473586404
-52.4687678290237,-3.0153646836404
-52.4822678290237,-2.9919820086404
-52.5227678290237,-2.9685993336404
-52.5497678290237,-2.9685993336404
-52.5767678290237,-2.9685993336404
-52.6037678290237,-2.9685993336404
-52.6307678290237,-2.9685993336404
-52.6577678290237,-2.9685993336404
-52.6847678290237,-2.9685993336404
-52.7117678290237,-2.9685993336404
-52.7387678290237,-2.9685993336404
-52.7657678290237,-2.9685993336404
-52.7927678290237,-2.9685993336404
-52.8197678290237,-2.9685993336404
-52.8467678290237,-2.9685993336404
-52.8467678290237,-3.6233142336404
-52.7927678290237,-3.6233142336404
-52.7657678290237,-3.6233142336404
-52.7387678290237,-3.6233142336404
-52.7117678290237,-3.6233142336404
-52.6847678290237,-3.6233142336404
-52.6577678290237,-3.6233142336404
-52.6307678290237,-3.6233142336404
-52.6037678290237,-3.6233142336404
-52.5767678290237,-3.6233142336404
-52.5497678290237,-3.6233142336404
-52.5227678290237,-3.6233142336404
-52.4822678290237,-3.5999315586404
-52.4687678290237,-3.5765488836404
-52.4552678290237,-3.5531662086404
-52.4417678290237,-3.5297835336404
-52.4282678290237,-3.5064008586404
-52.4147678290237,-3.4830181836404
-52.4012678290237,-3.4596355086404
-52.4822678290237,-2.9452166586404
-52.8872678290237,-3.6466969086404
-52.4822678290237,-3.6466969086404
-52.3877678290237,-3.1088953836404
-52.4012678290237,-3.0855127086404
-52.4147678290237,-3.0621300336404
-52.4282678290237,-3.0387473586404
-52.4417678290237,-3.0153646836404
-52.4552678290237,-2.9919820086404
-52.4687678290237,-2.9685993336404
-52.5092678290237,-2.9452166586404
-52.5362678290237,-2.9452166586404
-52.5632678290237,-2.9452166586404
-52.5902678290237,-2.9452166586404
-52.6172678290237,-2.9452166586404
-52.6442678290237,-2.9452166586404
-52.6712678290237,-2.9452166586404
-52.6982678290237,-2.9452166586404
-52.7252678290237,-2.9452166586404
-52.7522678290237,-2.9452166586404
-52.7792678290237,-2.9452166586404
-52.8062678290237,-2.9452166586404
-52.8332678290237,-2.9452166586404
-52.8602678290237,-2.9452166586404
-52.8602678290237,-3.6466969086404
-52.8332678290237,-3.6466969086404
-52.8062678290237,-3.6466969086404
-52.7792678290237,-3.6466969086404
-52.7522678290237,-3.6466969086404
-52.7252678290237,-3.6466969086404
-52.6982678290237,-3.6466969086404
-52.6712678290237,-3.6466969086404
-52.6442678290237,-3.6466969086404
-52.6172678290237,-3.6466969086404
-52.5902678290237,-3.6466969086404
-52.5632678290237,-3.6466969086404
-52.5362678290237,-3.6466969086404
-52.5092678290237,-3.6466969086404
-52.4687678290237,-3.6233142336404
-52.4552678290237,-3.5999315586404
-52.4417678290237,-3.5765488836404
-52.4282678290237,-3.5531662086404
-52.4147678290237,-3.5297835336404
-52.4012678290237,-3.5064008586404
-52.3877678290237,-3.4830181836404
-52.4687678290237,-2.9218339836404
-52.9007678290237,-3.6700795836404
-52.4687678290237,-3.6700795836404
-52.3742678290237,-3.0855127086404
-52.3877678290237,-3.0621300336404
-52.4012678290237,-3.0387473586404
-52.4147678290237,-3.0153646836404
-52.4282678290237,-2.9919820086404
-52.4417678290237,-2.9685993336404
-52.4552678290237,-2.9452166586404
-52.4957678290237,-2.9218339836404
-52.5227678290237,-2.9218339836404
-52.5497678290237,-2.9218339836404
-52.5767678290237,-2.9218339836404
-52.6037678290237,-2.9218339836404
-52.6307678290237,-2.9218339836404
-52.6577678290237,-2.9218339836404
-52.6847678290237,-2.9218339836404
-52.7117678290237,-2.9218339836404
-52.7387678290237,-2.9218339836404
-52.7657678290237,-2.9218339836404
-52.7927678290237,-2.9218339836404
-52.8197678290237,-2.9218339836404
-52.8467678290237,-2.9218339836404
-52.9277678290237,-3.6233142336404
-52.9142678290237,-3.6466969086404
-52.8737678290237,-3.6700795836404
-52.8467678290237,-3.6700795836404
-52.8197678290237,-3.6700795836404
-52.7927678290237,-3.6700795836404
-52.7657678290237,-3.6700795836404
-52.7387678290237,-3.6700795836404
-52.7117678290237,-3.6700795836404
-52.6847678290237,-3.6700795836404
-52.6577678290237,-3.6700795836404
-52.6307678290237,-3.6700795836404
-52.6037678290237,-3.6700795836404
-52.5767678290237,-3.6700795836404
-52.5497678290237,-3.6700795836404
-52.5227678290237,-3.6700795836404
-52.4957678290237,-3.6700795836404
-52.4552678290237,-3.6466969086404
-52.4012678290237,-3.5531662086404
-52.3877678290237,-3.5297835336404
-52.3742678290237,-3.5064008586404
-52.4552678290237,-2.8984513086404
-52.9142678290237,-3.6934622586404
-52.3742678290237,-3.0387473586404
-52.3877678290237,-3.0153646836404
-52.4012678290237,-2.9919820086404
-52.4147678290237,-2.9685993336404
-52.4282678290237,-2.9452166586404
-52.4417678290237,-2.9218339836404
-52.4822678290237,-2.8984513086404
-52.5092678290237,-2.8984513086404
-52.5362678290237,-2.8984513086404
-52.5632678290237,-2.8984513086404
-52.5902678290237,-2.8984513086404
-52.6172678290237,-2.8984513086404
-52.6442678290237,-2.8984513086404
-52.6712678290237,-2.8984513086404
-52.6982678290237,-2.8984513086404
-52.7252678290237,-2.8984513086404
-52.7522678290237,-2.8984513086404
-52.7792678290237,-2.8984513086404
-52.8062678290237,-2.8984513086404
-52.8332678290237,-2.8984513086404
-52.8602678290237,-2.8984513086404
-52.9547678290237,-3.6233142336404
-52.9412678290237,-3.6466969086404
-52.9277678290237,-3.6700795836404
-52.8872678290237,-3.6934622586404
-52.8602678290237,-3.6934622586404
-52.8332678290237,-3.6934622586404
-52.8062678290237,-3.6934622586404
-52.7792678290237,-3.6934622586404
-52.7522678290237,-3.6934622586404
-52.7252678290237,-3.6934622586404
-52.6982678290237,-3.6934622586404
-52.6712678290237,-3.6934622586404
-52.6442678290237,-3.6934622586404
-52.6172678290237,-3.6934622586404
-52.5902678290237,-3.6934622586404
-52.5632678290237,-3.6934622586404
-52.5362678290237,-3.6934622586404
-52.5092678290237,-3.6934622586404
-52.4822678290237,-3.6934622586404
-52.3607678290237,-3.5297835336404
-52.4417678290237,-2.8750686336404
-52.9277678290237,-3.7168449336404
-52.3607678290237,-3.0153646836404
-52.3742678290237,-2.9919820086404
-52.3877678290237,-2.9685993336404
-52.4012678290237,-2.9452166586404
-52.4147678290237,-2.9218339836404
-52.4282678290237,-2.8984513086404
-52.4687678290237,-2.8750686336404
-52.4957678290237,-2.8750686336404
-52.5227678290237,-2.8750686336404
-52.5497678290237,-2.8750686336404
-52.5767678290237,-2.8750686336404
-52.6037678290237,-2.8750686336404
-52.6307678290237,-2.8750686336404
-52.6577678290237,-2.8750686336404
-52.6847678290237,-2.8750686336404
-52.7117678290237,-2.8750686336404
-52.7387678290237,-2.8750686336404
-52.7657678290237,-2.8750686336404
-52.7927678290237,-2.8750686336404
-52.8197678290237,-2.8750686336404
-52.8467678290237,-2.8750686336404
-52.9817678290237,-3.6233142336404
-52.9682678290237,-3.6466969086404
-52.9547678290237,-3.6700795836404
-52.9412678290237,-3.6934622586404
-52.9007678290237,-3.7168449336404
-52.8737678290237,-3.7168449336404
-52.8467678290237,-3.7168449336404
-52.8197678290237,-3.7168449336404
-52.7927678290237,-3.7168449336404
-52.7657678290237,-3.7168449336404
-52.7387678290237,-3.7168449336404
-52.7117678290237,-3.7168449336404
-52.6847678290237,-3.7168449336404
-52.6577678290237,-3.7168449336404
-52.6307678290237,-3.7168449336404
-52.6037678290237,-3.7168449336404
-52.5767678290237,-3.7168449336404
-52.5497678290237,-3.7168449336404
-52.5227678290237,-3.7168449336404
-52.4282678290237,-2.8516859586404
-52.9412678290237,-3.7402276086404
-52.3472678290237,-2.9919820086404
-52.3607678290237,-2.9685993336404
-52.3742678290237,-2.9452166586404
-52.3877678290237,-2.9218339836404
-52.4012678290237,-2.8984513086404
-52.4147678290237,-2.8750686336404
-52.4552678290237,-2.8516859586404
-52.4822678290237,-2.8516859586404
-52.5092678290237,-2.8516859586404
-52.5362678290237,-2.8516859586404
-52.5632678290237,-2.8516859586404
-52.5902678290237,-2.8516859586404
-52.6172678290237,-2.8516859586404
-52.6442678290237,-2.8516859586404
-52.6712678290237,-2.8516859586404
-52.6982678290237,-2.8516859586404
-52.7252678290237,-2.8516859586404
-52.7522678290237,-2.8516859586404
-52.7792678290237,-2.8516859586404
-52.8062678290237,-2.8516859586404
-52.8332678290237,-2.8516859586404
-52.8602678290237,-2.8516859586404
-52.9952678290237,-3.6466969086404
-52.9817678290237,-3.6700795836404
-52.9682678290237,-3.6934622586404
-52.9547678290237,-3.7168449336404
-52.9142678290237,-3.7402276086404
-52.8872678290237,-3.7402276086404
-52.8602678290237,-3.7402276086404
-52.8332678290237,-3.7402276086404
-52.8062678290237,-3.7402276086404
-52.7792678290237,-3.7402276086404
-52.7522678290237,-3.7402276086404
-52.7252678290237,-3.7402276086404
-52.6982678290237,-3.7402276086404
-52.6712678290237,-3.7402276086404
-52.6442678290237,-3.7402276086404
-52.6172678290237,-3.7402276086404
-52.5902678290237,-3.7402276086404
-52.5632678290237,-3.7402276086404
-52.4147678290237,-2.8283032836404
-52.9547678290237,-3.7636102836404
-52.3337678290237,-2.9685993336404
-52.3472678290237,-2.9452166586404
-52.3607678290237,-2.9218339836404
-52.3742678290237,-2.8984513086404
-52.3877678290237,-2.8750686336404
-52.4012678290237,-2.8516859586404
-52.4417678290237,-2.8283032836404
-52.4687678290237,-2.8283032836404
-52.4957678290237,-2.8283032836404
-52.5227678290237,-2.8283032836404
-52.5497678290237,-2.8283032836404
-52.5767678290237,-2.8283032836404
-52.6037678290237,-2.8283032836404
-52.6307678290237,-2.8283032836404
-52.6577678290237,-2.8283032836404
-52.6847678290237,-2.8283032836404
-52.7117678290237,-2.8283032836404
-52.7387678290237,-2.8283032836404
-52.7657678290237,-2.8283032836404
-52.7927678290237,-2.8283032836404
-52.8197678290237,-2.8283032836404
-52.8467678290237,-2.8283032836404
-53.0222678290237,-3.6466969086404
-53.0087678290237,-3.6700795836404
-52.9952678290237,-3.6934622586404
-52.9817678290237,-3.7168449336404
-52.9682678290237,-3.7402276086404
-52.9277678290237,-3.7636102836404
-52.9007678290237,-3.7636102836404
-52.8737678290237,-3.7636102836404
-52.8467678290237,-3.7636102836404
-52.8197678290237,-3.7636102836404
-52.7927678290237,-3.7636102836404
-52.7657678290237,-3.7636102836404
-52.7387678290237,-3.7636102836404
-52.7117678290237,-3.7636102836404
-52.6847678290237,-3.7636102836404
-52.6577678290237,-3.7636102836404
-52.6307678290237,-3.7636102836404
-52.6037678290237,-3.7636102836404
-52.4012678290237,-2.8049206086404
-52.9682678290237,-3.7869929586404
-52.3202678290237,-2.9452166586404
-52.3337678290237,-2.9218339836404
-52.3472678290237,-2.8984513086404
-52.3607678290237,-2.8750686336404
-52.3742678290237,-2.8516859586404
-52.3877678290237,-2.8283032836404
-52.4282678290237,-2.8049206086404
-52.4552678290237,-2.8049206086404
-52.4822678290237,-2.8049206086404
-52.5092678290237,-2.8049206086404
-52.5362678290237,-2.8049206086404
-52.5632678290237,-2.8049206086404
-52.5902678290237,-2.8049206086404
-52.6172678290237,-2.8049206086404
-52.6442678290237,-2.8049206086404
-52.6712678290237,-2.8049206086404
-52.6982678290237,-2.8049206086404
-52.7252678290237,-2.8049206086404
-52.7522678290237,-2.8049206086404
-52.7792678290237,-2.8049206086404
-52.8062678290237,-2.8049206086404
-52.8332678290237,-2.8049206086404
-52.8602678290237,-2.8049206086404
-53.0357678290237,-3.6700795836404
-53.0222678290237,-3.6934622586404
-53.0087678290237,-3.7168449336404
-52.9952678290237,-3.7402276086404
-52.9817678290237,-3.7636102836404
-52.9412678290237,-3.7869929586404
-52.9142678290237,-3.7869929586404
-52.8872678290237,-3.7869929586404
-52.8602678290237,-3.7869929586404
-52.8332678290237,-3.7869929586404
-52.8062678290237,-3.7869929586404
-52.7792678290237,-3.7869929586404
-52.7522678290237,-3.7869929586404
-52.7252678290237,-3.7869929586404
-52.6982678290237,-3.7869929586404
-52.6712678290237,-3.7869929586404
-52.6442678290237,-3.7869929586404
-52.6172678290237,-3.7869929586404
-52.3877678290237,-2.7815379336404
-52.9817678290237,-3.8103756336404
-52.3202678290237,-2.8984513086404
-52.3337678290237,-2.8750686336404
-52.3472678290237,-2.8516859586404
-52.3607678290237,-2.8283032836404
-52.3742678290237,-2.8049206086404
-52.4147678290237,-2.7815379336404
-52.4417678290237,-2.7815379336404
-52.4687678290237,-2.7815379336404
-52.4957678290237,-2.7815379336404
-52.5227678290237,-2.7815379336404
-52.5497678290237,-2.7815379336404
-52.5767678290237,-2.7815379336404
-52.6037678290237,-2.7815379336404
-52.6307678290237,-2.7815379336404
-52.6577678290237,-2.7815379336404
-52.6847678290237,-2.7815379336404
-52.7117678290237,-2.7815379336404
-52.7387678290237,-2.7815379336404
-52.7657678290237,-2.7815379336404
-52.7927678290237,-2.7815379336404
-52.8197678290237,-2.7815379336404
-52.8467678290237,-2.7815379336404
-52.8737678290237,-2.7815379336404
-52.9007678290237,-2.7815379336404
-52.9277678290237,-2.7815379336404
-53.0762678290237,-3.6466969086404
-53.0627678290237,-3.6700795836404
-53.0492678290237,-3.6934622586404
-53.0357678290237,-3.7168449336404
-53.0222678290237,-3.7402276086404
-53.0087678290237,-3.7636102836404
-52.9952678290237,-3.7869929586404
-52.9547678290237,-3.8103756336404
-52.9277678290237,-3.8103756336404
-52.9007678290237,-3.8103756336404
-52.8737678290237,-3.8103756336404
-52.8467678290237,-3.8103756336404
-52.8197678290237,-3.8103756336404
-52.7927678290237,-3.8103756336404
-52.7657678290237,-3.8103756336404
-52.7387678290237,-3.8103756336404
-52.7117678290237,-3.8103756336404
-52.6847678290237,-3.8103756336404
-52.6577678290237,-3.8103756336404
-52.9952678290237,-3.8337583086404
-52.3067678290237,-2.8750686336404
-52.3202678290237,-2.8516859586404
-52.3337678290237,-2.8283032836404
-52.3472678290237,-2.8049206086404
-52.3607678290237,-2.7815379336404
-52.5362678290237,-2.7581552586404
-52.5632678290237,-2.7581552586404
-52.5902678290237,-2.7581552586404
-52.6172678290237,-2.7581552586404
-52.6442678290237,-2.7581552586404
-52.6712678290237,-2.7581552586404
-52.6982678290237,-2.7581552586404
-52.7252678290237,-2.7581552586404
-52.7522678290237,-2.7581552586404
-52.7792678290237,-2.7581552586404
-52.8602678290237,-2.7581552586404
-52.8872678290237,-2.7581552586404
-52.9142678290237,-2.7581552586404
-52.9412678290237,-2.7581552586404
-53.1032678290237,-3.6466969086404
-53.0897678290237,-3.6700795836404
-53.0762678290237,-3.6934622586404
-53.0627678290237,-3.7168449336404
-53.0492678290237,-3.7402276086404
-53.0357678290237,-3.7636102836404
-53.0222678290237,-3.7869929586404
-53.0087678290237,-3.8103756336404
-52.9682678290237,-3.8337583086404
-52.9412678290237,-3.8337583086404
-52.9142678290237,-3.8337583086404
-52.8332678290237,-3.8337583086404
-52.8062678290237,-3.8337583086404
-52.7792678290237,-3.8337583086404
-52.7522678290237,-3.8337583086404
-52.7252678290237,-3.8337583086404
-53.0087678290237,-3.8571409836404
-52.2932678290237,-2.8516859586404
-52.3067678290237,-2.8283032836404
-52.3202678290237,-2.8049206086404
-52.5497678290237,-2.7347725836404
-52.5767678290237,-2.7347725836404
-52.6037678290237,-2.7347725836404
-52.6307678290237,-2.7347725836404
-52.6577678290237,-2.7347725836404
-52.6847678290237,-2.7347725836404
-52.7117678290237,-2.7347725836404
-52.9007678290237,-2.7347725836404
-52.9277678290237,-2.7347725836404
-52.9547678290237,-2.7347725836404
-53.1302678290237,-3.6466969086404
-53.1167678290237,-3.6700795836404
-53.1032678290237,-3.6934622586404
-53.0897678290237,-3.7168449336404
-53.0762678290237,-3.7402276086404
-53.0627678290237,-3.7636102836404
-53.0492678290237,-3.7869929586404
-53.0357678290237,-3.8103756336404
-53.0222678290237,-3.8337583086404
-52.9817678290237,-3.8571409836404
-52.9547678290237,-3.8571409836404
-52.9277678290237,-3.8571409836404
-52.7927678290237,-3.8571409836404
-53.0222678290237,-3.8805236586404
-52.2797678290237,-2.8283032836404
-52.9142678290237,-2.7113899086404
-52.9412678290237,-2.7113899086404
-52.9682678290237,-2.7113899086404
-53.1437678290237,-3.6700795836404
-53.1302678290237,-3.6934622586404
-53.1167678290237,-3.7168449336404
-53.1032678290237,-3.7402276086404
-53.0897678290237,-3.7636102836404
-53.0762678290237,-3.7869929586404
-53.0627678290237,-3.8103756336404
-53.0492678290237,-3.8337583086404
-53.0357678290237,-3.8571409836404
-52.9952678290237,-3.8805236586404
-52.9682678290237,-3.8805236586404
-52.9412678290237,-3.8805236586404
-53.0357678290237,-3.9039063336404
-52.9817678290237,-2.6880072336404
-53.1707678290237,-3.6700795836404
-53.1572678290237,-3.6934622586404
-53.1437678290237,-3.7168449336404
-53.1302678290237,-3.7402276086404
-53.1167678290237,-3.7636102836404
-53.1032678290237,-3.7869929586404
-53.0897678290237,-3.8103756336404
-53.0762678290237,-3.8337583086404
-53.0627678290237,-3.8571409836404
-53.0492678290237,-3.8805236586404
-53.0087678290237,-3.9039063336404
-52.9817678290237,-3.9039063336404
-52.9547678290237,-3.9039063336404
-53.1707678290237,-3.7168449336404
-53.1572678290237,-3.7402276086404
-53.1437678290237,-3.7636102836404
-53.1302678290237,-3.7869929586404
-53.1167678290237,-3.8103756336404
-53.1032678290237,-3.8337583086404
-53.0897678290237,-3.8571409836404
-53.0762678290237,-3.8805236586404
-53.0627678290237,-3.9039063336404
-53.0222678290237,-3.9272890086404
-53.1842678290237,-3.7402276086404
-53.1707678290237,-3.7636102836404
-53.1572678290237,-3.7869929586404
-53.1437678290237,-3.8103756336404
-53.1302678290237,-3.8337583086404
-53.1167678290237,-3.8571409836404
-53.1032678290237,-3.8805236586404
-53.1977678290237,-3.7636102836404
-53.1842678290237,-3.7869929586404
-53.1572678290237,-3.8337583086404
-53.1437678290237,-3.8571409836404
