-50.0196761911546,-5.6315002166015
-49.9926761911546,-5.6315002166015
-50.0061761911546,-5.6081175416015
-50.0331761911546,-5.6081175416015
-50.0466761911546,-5.6315002166015
-50.0331761911546,-5.6548828916015
-50.0061761911546,-5.6548828916015
-49.9656761911546,-5.6315002166015
-49.9926761911546,-5.5847348666015
-50.0466761911546,-5.5847348666015
-50.0736761911546,-5.6315002166015
-50.0466761911546,-5.6782655666015
-49.9926761911546,-5.6782655666015
-49.9791761911546,-5.6081175416015
-50.0196761911546,-5.5847348666015
-50.0601761911546,-5.6081175416015
-50.0601761911546,-5.6548828916015
-50.0196761911546,-5.6782655666015
-49.9791761911546,-5.6548828916015
-49.9386761911546,-5.6315002166015
-49.9791761911546,-5.5613521916015
-50.0601761911546,-5.5613521916015
-50.1006761911546,-5.6315002166015
-50.0601761911546,-5.7016482416015
-49.9791761911546,-5.7016482416015
-49.9521761911546,-5.6081175416015
-49.9656761911546,-5.5847348666015
-50.0061761911546,-5.5613521916015
-50.0331761911546,-5.5613521916015
-50.0736761911546,-5.5847348666015
-50.0871761911546,-5.6081175416015
-50.0871761911546,-5.6548828916015
-50.0736761911546,-5.6782655666015
-50.0331761911546,-5.7016482416015
-50.0061761911546,-5.7016482416015
-49.9656761911546,-5.6782655666015
-49.9521761911546,-5.6548828916015
-49.9116761911546,-5.6315002166015
-49.9656761911546,-5.5379695166015
-50.0736761911546,-5.5379695166015
-50.1276761911546,-5.6315002166015
-50.0736761911546,-5.7250309166015
-49.9656761911546,-5.7250309166015
-49.9251761911546,-5.6081175416015
-49.9386761911546,-5.5847348666015
-49.9521761911546,-5.5613521916015
-49.9926761911546,-5.5379695166015
-50.0196761911546,-5.5379695166015
-50.0466761911546,-5.5379695166015
-50.0871761911546,-5.5613521916015
-50.1006761911546,-5.5847348666015
-50.1141761911546,-5.6081175416015
-50.1141761911546,-5.6548828916015
-50.1006761911546,-5.6782655666015
-50.0871761911546,-5.7016482416015
-50.0466761911546,-5.7250309166015
-50.0196761911546,-5.7250309166015
-49.9926761911546,-5.7250309166015
-49.9521761911546,-5.7016482416015
-49.9386761911546,-5.6782655666015
-49.9251761911546,-5.6548828916015
-49.8846761911546,-5.6315002166015
-49.9521761911546,-5.5145868416015
-50.0871761911546,-5.5145868416015
-50.1546761911546,-5.6315002166015
-50.0871761911546,-5.7484135916015
-49.9521761911546,-5.7484135916015
-49.8981761911546,-5.6081175416015
-49.9116761911546,-5.5847348666015
-49.9251761911546,-5.5613521916015
-49.9386761911546,-5.5379695166015
-49.9791761911546,-5.5145868416015
-50.0061761911546,-5.5145868416015
-50.0331761911546,-5.5145868416015
-50.0601761911546,-5.5145868416015
-50.1006761911546,-5.5379695166015
-50.1141761911546,-5.5613521916015
-50.1276761911546,-5.5847348666015
-50.1411761911546,-5.6081175416015
-50.1411761911546,-5.6548828916015
-50.1276761911546,-5.6782655666015
-50.1141761911546,-5.7016482416015
-50.1006761911546,-5.7250309166015
-50.0601761911546,-5.7484135916015
-50.0331761911546,-5.7484135916015
-50.0061761911546,-5.7484135916015
-49.9791761911546,-5.7484135916015
-49.9386761911546,-5.7250309166015
-49.9251761911546,-5.7016482416015
-49.9116761911546,-5.6782655666015
-49.8981761911546,-5.6548828916015
-49.8576761911546,-5.6315002166015
-49.9386761911546,-5.4912041666015
-50.1006761911546,-5.4912041666015
-50.1816761911546,-5.6315002166015
-50.1006761911546,-5.7717962666015
-49.9386761911546,-5.7717962666015
-49.8711761911546,-5.6081175416015
-49.8846761911546,-5.5847348666015
-49.8981761911546,-5.5613521916015
-49.9116761911546,-5.5379695166015
-49.9251761911546,-5.5145868416015
-49.9656761911546,-5.4912041666015
-49.9926761911546,-5.4912041666015
-50.0196761911546,-5.4912041666015
-50.0466761911546,-5.4912041666015
-50.0736761911546,-5.4912041666015
-50.1141761911546,-5.5145868416015
-50.1276761911546,-5.5379695166015
-50.1411761911546,-5.5613521916015
-50.1546761911546,-5.5847348666015
-50.1681761911546,-5.6081175416015
-50.1681761911546,-5.6548828916015
-50.1546761911546,-5.6782655666015
-50.1411761911546,-5.7016482416015
-50.1276761911546,-5.7250309166015
-50.1141761911546,-5.7484135916015
-50.0736761911546,-5.7717962666015
-50.0466761911546,-5.7717962666015
-50.0196761911546,-5.7717962666015
-49.9926761911546,-5.7717962666015
-49.9656761911546,-5.7717962666015
-49.9251761911546,-5.7484135916015
-49.9116761911546,-5.7250309166015
-49.8981761911546,-5.7016482416015
-49.8846761911546,-5.6782655666015
-49.8711761911546,-5.6548828916015
-49.8306761911546,-5.6315002166015
-49.9251761911546,-5.4678214916015
-50.1141761911546,-5.4678214916015
-50.2086761911546,-5.6315002166015
-50.1141761911546,-5.7951789416015
-49.9251761911546,-5.7951789416015
-49.8441761911546,-5.6081175416015
-49.8576761911546,-5.5847348666015
-49.8711761911546,-5.5613521916015
-49.8846761911546,-5.5379695166015
-49.8981761911546,-5.5145868416015
-49.9116761911546,-5.4912041666015
-49.9521761911546,-5.4678214916015
-49.9791761911546,-5.4678214916015
-50.0061761911546,-5.4678214916015
-50.0331761911546,-5.4678214916015
-50.0601761911546,-5.4678214916015
-50.0871761911546,-5.4678214916015
-50.1276761911546,-5.4912041666015
-50.1411761911546,-5.5145868416015
-50.1546761911546,-5.5379695166015
-50.1681761911546,-5.5613521916015
-50.1816761911546,-5.5847348666015
-50.1951761911546,-5.6081175416015
-50.1951761911546,-5.6548828916015
-50.1816761911546,-5.6782655666015
-50.1681761911546,-5.7016482416015
-50.1546761911546,-5.7250309166015
-50.1411761911546,-5.7484135916015
-50.1276761911546,-5.7717962666015
-50.0871761911546,-5.7951789416015
-50.0601761911546,-5.7951789416015
-50.0331761911546,-5.7951789416015
-50.0061761911546,-5.7951789416015
-49.9791761911546,-5.7951789416015
-49.9521761911546,-5.7951789416015
-49.9116761911546,-5.7717962666015
-49.8981761911546,-5.7484135916015
-49.8846761911546,-5.7250309166015
-49.8711761911546,-5.7016482416015
-49.8576761911546,-5.6782655666015
-49.8441761911546,-5.6548828916015
-49.8036761911546,-5.6315002166015
-49.9116761911546,-5.4444388166015
-50.1276761911546,-5.4444388166015
-50.2356761911546,-5.6315002166015
-50.1276761911546,-5.8185616166015
-49.9116761911546,-5.8185616166015
-49.8171761911546,-5.6081175416015
-49.8306761911546,-5.5847348666015
-49.8441761911546,-5.5613521916015
-49.8576761911546,-5.5379695166015
-49.8711761911546,-5.5145868416015
-49.8846761911546,-5.4912041666015
-49.8981761911546,-5.4678214916015
-49.9386761911546,-5.4444388166015
-49.9656761911546,-5.4444388166015
-49.9926761911546,-5.4444388166015
-50.0196761911546,-5.4444388166015
-50.0466761911546,-5.4444388166015
-50.0736761911546,-5.4444388166015
-50.1006761911546,-5.4444388166015
-50.1411761911546,-5.4678214916015
-50.1546761911546,-5.4912041666015
-50.1681761911546,-5.5145868416015
-50.1816761911546,-5.5379695166015
-50.1951761911546,-5.5613521916015
-50.2086761911546,-5.5847348666015
-50.2221761911546,-5.6081175416015
-50.2221761911546,-5.6548828916015
-50.2086761911546,-5.6782655666015
-50.1951761911546,-5.7016482416015
-50.1816761911546,-5.7250309166015
-50.1681761911546,-5.7484135916015
-50.1546761911546,-5.7717962666015
-50.1411761911546,-5.7951789416015
-50.1006761911546,-5.8185616166015
-50.0736761911546,-5.8185616166015
-50.0466761911546,-5.8185616166015
-50.0196761911546,-5.8185616166015
-49.9926761911546,-5.8185616166015
-49.9656761911546,-5.8185616166015
-49.9386761911546,-5.8185616166015
-49.8981761911546,-5.7951789416015
-49.8846761911546,-5.7717962666015
-49.8711761911546,-5.7484135916015
-49.8576761911546,-5.7250309166015
-49.8441761911546,-5.7016482416015
-49.8306761911546,-5.6782655666015
-49.8171761911546,-5.6548828916015
-49.7766761911546,-5.6315002166015
-49.8981761911546,-5.4210561416015
-50.1411761911546,-5.4210561416015
-50.2626761911546,-5.6315002166015
-50.1411761911546,-5.8419442916015
-49.8981761911546,-5.8419442916015
-49.7901761911546,-5.6081175416015
-49.8036761911546,-5.5847348666015
-49.8171761911546,-5.5613521916015
-49.8306761911546,-5.5379695166015
-49.8441761911546,-5.5145868416015
-49.8576761911546,-5.4912041666015
-49.8711761911546,-5.4678214916015
-49.8846761911546,-5.4444388166015
-49.9521761911546,-5.4210561416015
-50.0331761911546,-5.4210561416015
-50.0871761911546,-5.4210561416015
-50.1141761911546,-5.4210561416015
-50.1546761911546,-5.4444388166015
-50.1681761911546,-5.4678214916015
-50.1816761911546,-5.4912041666015
-50.1951761911546,-5.5145868416015
-50.2086761911546,-5.5379695166015
-50.2221761911546,-5.5613521916015
-50.2356761911546,-5.5847348666015
-50.2491761911546,-5.6081175416015
-50.2491761911546,-5.6548828916015
-50.2356761911546,-5.6782655666015
-50.2221761911546,-5.7016482416015
-50.2086761911546,-5.7250309166015
-50.1951761911546,-5.7484135916015
-50.1816761911546,-5.7717962666015
-50.1681761911546,-5.7951789416015
-50.1546761911546,-5.8185616166015
-50.1141761911546,-5.8419442916015
-50.0871761911546,-5.8419442916015
-50.0601761911546,-5.8419442916015
-50.0331761911546,-5.8419442916015
-50.0061761911546,-5.8419442916015
-49.9791761911546,-5.8419442916015
-49.9521761911546,-5.8419442916015
-49.9251761911546,-5.8419442916015
-49.8846761911546,-5.8185616166015
-49.8711761911546,-5.7951789416015
-49.8576761911546,-5.7717962666015
-49.8441761911546,-5.7484135916015
-49.8306761911546,-5.7250309166015
-49.8171761911546,-5.7016482416015
-49.8036761911546,-5.6782655666015
-49.7901761911546,-5.6548828916015
-49.7496761911546,-5.6315002166015
-50.1546761911546,-5.3976734666015
-50.2896761911546,-5.6315002166015
-50.1546761911546,-5.8653269666015
-49.8846761911546,-5.8653269666015
-49.7631761911546,-5.6081175416015
-49.7766761911546,-5.5847348666015
-49.7901761911546,-5.5613521916015
-49.8036761911546,-5.5379695166015
-49.8171761911546,-5.5145868416015
-49.8306761911546,-5.4912041666015
-49.8441761911546,-5.4678214916015
-49.8576761911546,-5.4444388166015
-49.8711761911546,-5.4210561416015
-50.1276761911546,-5.3976734666015
-50.1681761911546,-5.4210561416015
-50.1816761911546,-5.4444388166015
-50.1951761911546,-5.4678214916015
-50.2086761911546,-5.4912041666015
-50.2221761911546,-5.5145868416015
-50.2356761911546,-5.5379695166015
-50.2491761911546,-5.5613521916015
-50.2626761911546,-5.5847348666015
-50.2761761911546,-5.6081175416015
-50.2761761911546,-5.6548828916015
-50.2626761911546,-5.6782655666015
-50.2491761911546,-5.7016482416015
-50.2356761911546,-5.7250309166015
-50.2221761911546,-5.7484135916015
-50.2086761911546,-5.7717962666015
-50.1951761911546,-5.7951789416015
-50.1816761911546,-5.8185616166015
-50.1681761911546,-5.8419442916015
-50.1276761911546,-5.8653269666015
-50.1006761911546,-5.8653269666015
-50.0736761911546,-5.8653269666015
-50.0466761911546,-5.8653269666015
-50.0196761911546,-5.8653269666015
-49.9926761911546,-5.8653269666015
-49.9656761911546,-5.8653269666015
-49.9386761911546,-5.8653269666015
-49.8711761911546,-5.8419442916015
-49.8576761911546,-5.8185616166015
-49.8441761911546,-5.7951789416015
-49.8306761911546,-5.7717962666015
-49.8171761911546,-5.7484135916015
-49.8036761911546,-5.7250309166015
-49.7901761911546,-5.7016482416015
-49.7766761911546,-5.6782655666015
-49.7631761911546,-5.6548828916015
-49.7226761911546,-5.6315002166015
-50.3166761911546,-5.6315002166015
-50.1681761911546,-5.8887096416015
-49.7361761911546,-5.6081175416015
-49.7496761911546,-5.5847348666015
-49.7631761911546,-5.5613521916015
-49.7766761911546,-5.5379695166015
-49.7901761911546,-5.5145868416015
-49.8036761911546,-5.4912041666015
-49.8171761911546,-5.4678214916015
-49.8306761911546,-5.4444388166015
-49.8441761911546,-5.4210561416015
-49.8576761911546,-5.3976734666015
-50.1816761911546,-5.3976734666015
-50.1951761911546,-5.4210561416015
-50.2086761911546,-5.4444388166015
-50.2221761911546,-5.4678214916015
-50.2356761911546,-5.4912041666015
-50.2491761911546,-5.5145868416015
-50.2626761911546,-5.5379695166015
-50.2761761911546,-5.5613521916015
-50.2896761911546,-5.5847348666015
-50.3031761911546,-5.6081175416015
-50.3031761911546,-5.6548828916015
-50.2896761911546,-5.6782655666015
-50.2761761911546,-5.7016482416015
-50.2626761911546,-5.7250309166015
-50.2491761911546,-5.7484135916015
-50.2356761911546,-5.7717962666015
-50.2221761911546,-5.7951789416015
-50.2086761911546,-5.8185616166015
-50.1951761911546,-5.8419442916015
-50.1816761911546,-5.8653269666015
-50.1411761911546,-5.8887096416015
-50.1141761911546,-5.8887096416015
-50.0871761911546,-5.8887096416015
-50.0601761911546,-5.8887096416015
-50.0331761911546,-5.8887096416015
-50.0061761911546,-5.8887096416015
-49.9791761911546,-5.8887096416015
-49.9521761911546,-5.8887096416015
-49.8576761911546,-5.8653269666015
-49.8441761911546,-5.8419442916015
-49.8306761911546,-5.8185616166015
-49.8171761911546,-5.7951789416015
-49.8036761911546,-5.7717962666015
-49.7901761911546,-5.7484135916015
-49.7766761911546,-5.7250309166015
-49.7631761911546,-5.7016482416015
-49.7496761911546,-5.6782655666015
-49.7361761911546,-5.6548828916015
-49.6956761911546,-5.6315002166015
-50.3436761911546,-5.6315002166015
-49.7091761911546,-5.6081175416015
-49.7226761911546,-5.5847348666015
-49.7361761911546,-5.5613521916015
-49.7496761911546,-5.5379695166015
-49.7631761911546,-5.5145868416015
-49.7766761911546,-5.4912041666015
-49.7901761911546,-5.4678214916015
-49.8036761911546,-5.4444388166015
-50.2086761911546,-5.3976734666015
-50.2221761911546,-5.4210561416015
-50.2356761911546,-5.4444388166015
-50.2491761911546,-5.4678214916015
-50.2626761911546,-5.4912041666015
-50.2761761911546,-5.5145868416015
-50.2896761911546,-5.5379695166015
-50.3031761911546,-5.5613521916015
-50.3166761911546,-5.5847348666015
-50.3301761911546,-5.6081175416015
-50.3301761911546,-5.6548828916015
-50.3166761911546,-5.6782655666015
-50.3031761911546,-5.7016482416015
-50.2896761911546,-5.7250309166015
-50.2761761911546,-5.7484135916015
-50.2626761911546,-5.7717962666015
-50.2491761911546,-5.7951789416015
-50.2356761911546,-5.8185616166015
-50.2221761911546,-5.8419442916015
-50.2086761911546,-5.8653269666015
-50.1951761911546,-5.8887096416015
-50.1546761911546,-5.9120923166015
-50.1276761911546,-5.9120923166015
-50.1006761911546,-5.9120923166015
-50.0466761911546,-5.9120923166015
-50.0196761911546,-5.9120923166015
-49.9926761911546,-5.9120923166015
-49.7766761911546,-5.7717962666015
-49.7631761911546,-5.7484135916015
-49.7496761911546,-5.7250309166015
-49.7361761911546,-5.7016482416015
-49.7226761911546,-5.6782655666015
-49.7091761911546,-5.6548828916015
-49.6686761911546,-5.6315002166015
-50.3706761911546,-5.6315002166015
-49.6821761911546,-5.6081175416015
-49.6956761911546,-5.5847348666015
-49.7091761911546,-5.5613521916015
-49.7226761911546,-5.5379695166015
-49.7361761911546,-5.5145868416015
-49.7496761911546,-5.4912041666015
-49.7631761911546,-5.4678214916015
-50.2221761911546,-5.3742907916015
-50.2356761911546,-5.3976734666015
-50.2491761911546,-5.4210561416015
-50.2626761911546,-5.4444388166015
-50.2761761911546,-5.4678214916015
-50.2896761911546,-5.4912041666015
-50.3031761911546,-5.5145868416015
-50.3166761911546,-5.5379695166015
-50.3301761911546,-5.5613521916015
-50.3436761911546,-5.5847348666015
-50.3571761911546,-5.6081175416015
-50.3571761911546,-5.6548828916015
-50.3436761911546,-5.6782655666015
-50.3301761911546,-5.7016482416015
-50.3166761911546,-5.7250309166015
-50.3031761911546,-5.7484135916015
-50.2896761911546,-5.7717962666015
-50.2761761911546,-5.7951789416015
-50.2626761911546,-5.8185616166015
-50.2491761911546,-5.8419442916015
-50.2356761911546,-5.8653269666015
-50.2221761911546,-5.8887096416015
-50.0331761911546,-5.9354749916015
-49.7766761911546,-5.8185616166015
-49.7631761911546,-5.7951789416015
-49.7496761911546,-5.7717962666015
-49.7361761911546,-5.7484135916015
-49.7226761911546,-5.7250309166015
-49.7091761911546,-5.7016482416015
-49.6956761911546,-5.6782655666015
-49.6821761911546,-5.6548828916015
-49.6416761911546,-5.6315002166015
-50.3976761911546,-5.6315002166015
-49.6551761911546,-5.6081175416015
-49.6686761911546,-5.5847348666015
-49.6821761911546,-5.5613521916015
-49.6956761911546,-5.5379695166015
-49.7091761911546,-5.5145868416015
-49.7226761911546,-5.4912041666015
-49.7361761911546,-5.4678214916015
-49.7496761911546,-5.4444388166015
-50.2491761911546,-5.3742907916015
-50.2626761911546,-5.3976734666015
-50.2761761911546,-5.4210561416015
-50.2896761911546,-5.4444388166015
-50.3031761911546,-5.4678214916015
-50.3166761911546,-5.4912041666015
-50.3301761911546,-5.5145868416015
-50.3436761911546,-5.5379695166015
-50.3571761911546,-5.5613521916015
-50.3706761911546,-5.5847348666015
-50.3841761911546,-5.6081175416015
-50.3841761911546,-5.6548828916015
-50.3706761911546,-5.6782655666015
-50.3571761911546,-5.7016482416015
-50.3436761911546,-5.7250309166015
-50.3301761911546,-5.7484135916015
-50.3166761911546,-5.7717962666015
-50.3031761911546,-5.7951789416015
-50.2896761911546,-5.8185616166015
-50.2761761911546,-5.8419442916015
-50.2626761911546,-5.8653269666015
-50.2491761911546,-5.8887096416015
-49.7631761911546,-5.8419442916015
-49.7496761911546,-5.8185616166015
-49.7361761911546,-5.7951789416015
-49.7226761911546,-5.7717962666015
-49.7091761911546,-5.7484135916015
-49.6956761911546,-5.7250309166015
-49.6821761911546,-5.7016482416015
-49.6686761911546,-5.6782655666015
-49.6551761911546,-5.6548828916015
-49.6146761911546,-5.6315002166015
-50.4246761911546,-5.6315002166015
-49.6281761911546,-5.6081175416015
-49.6416761911546,-5.5847348666015
-49.6551761911546,-5.5613521916015
-49.6686761911546,-5.5379695166015
-49.6821761911546,-5.5145868416015
-49.6956761911546,-5.4912041666015
-49.7091761911546,-5.4678214916015
-49.7226761911546,-5.4444388166015
-50.2761761911546,-5.3742907916015
-50.2896761911546,-5.3976734666015
-50.3031761911546,-5.4210561416015
-50.3166761911546,-5.4444388166015
-50.3301761911546,-5.4678214916015
-50.3436761911546,-5.4912041666015
-50.3571761911546,-5.5145868416015
-50.3706761911546,-5.5379695166015
-50.3841761911546,-5.5613521916015
-50.3976761911546,-5.5847348666015
-50.4111761911546,-5.6081175416015
-50.4111761911546,-5.6548828916015
-50.3976761911546,-5.6782655666015
-50.3841761911546,-5.7016482416015
-50.3706761911546,-5.7250309166015
-50.3571761911546,-5.7484135916015
-50.3436761911546,-5.7717962666015
-50.3301761911546,-5.7951789416015
-50.3166761911546,-5.8185616166015
-50.3031761911546,-5.8419442916015
-50.2896761911546,-5.8653269666015
-50.2761761911546,-5.8887096416015
-50.2626761911546,-5.9120923166015
-49.7496761911546,-5.8653269666015
-49.7361761911546,-5.8419442916015
-49.7226761911546,-5.8185616166015
-49.7091761911546,-5.7951789416015
-49.6956761911546,-5.7717962666015
-49.6821761911546,-5.7484135916015
-49.6686761911546,-5.7250309166015
-49.6551761911546,-5.7016482416015
-49.6416761911546,-5.6782655666015
-49.6281761911546,-5.6548828916015
-49.5876761911546,-5.6315002166015
-50.4516761911546,-5.6315002166015
-49.6011761911546,-5.6081175416015
-49.6146761911546,-5.5847348666015
-49.6281761911546,-5.5613521916015
-49.6416761911546,-5.5379695166015
-49.6551761911546,-5.5145868416015
-49.6686761911546,-5.4912041666015
-49.6821761911546,-5.4678214916015
-49.6956761911546,-5.4444388166015
-50.2896761911546,-5.3509081166015
-50.3031761911546,-5.3742907916015
-50.3166761911546,-5.3976734666015
-50.3301761911546,-5.4210561416015
-50.3436761911546,-5.4444388166015
-50.3571761911546,-5.4678214916015
-50.3706761911546,-5.4912041666015
-50.3841761911546,-5.5145868416015
-50.3976761911546,-5.5379695166015
-50.4111761911546,-5.5613521916015
-50.4246761911546,-5.5847348666015
-50.4381761911546,-5.6081175416015
-50.4381761911546,-5.6548828916015
-50.4246761911546,-5.6782655666015
-50.4111761911546,-5.7016482416015
-50.3976761911546,-5.7250309166015
-50.3841761911546,-5.7484135916015
-50.3706761911546,-5.7717962666015
-50.3571761911546,-5.7951789416015
-50.3436761911546,-5.8185616166015
-50.3301761911546,-5.8419442916015
-50.3166761911546,-5.8653269666015
-50.3031761911546,-5.8887096416015
-49.7496761911546,-5.9120923166015
-49.7361761911546,-5.8887096416015
-49.7226761911546,-5.8653269666015
-49.7091761911546,-5.8419442916015
-49.6956761911546,-5.8185616166015
-49.6821761911546,-5.7951789416015
-49.6686761911546,-5.7717962666015
-49.6551761911546,-5.7484135916015
-49.6416761911546,-5.7250309166015
-49.6281761911546,-5.7016482416015
-49.6146761911546,-5.6782655666015
-49.6011761911546,-5.6548828916015
-49.5606761911546,-5.6315002166015
-50.4786761911546,-5.6315002166015
-49.5741761911546,-5.6081175416015
-49.5876761911546,-5.5847348666015
-49.6011761911546,-5.5613521916015
-49.6146761911546,-5.5379695166015
-49.6281761911546,-5.5145868416015
-49.6416761911546,-5.4912041666015
-49.6551761911546,-5.4678214916015
-49.6686761911546,-5.4444388166015
-49.6821761911546,-5.4210561416015
-50.3031761911546,-5.3275254416015
-50.3166761911546,-5.3509081166015
-50.3301761911546,-5.3742907916015
-50.3436761911546,-5.3976734666015
-50.3571761911546,-5.4210561416015
-50.3706761911546,-5.4444388166015
-50.3841761911546,-5.4678214916015
-50.3976761911546,-5.4912041666015
-50.4111761911546,-5.5145868416015
-50.4246761911546,-5.5379695166015
-50.4381761911546,-5.5613521916015
-50.4516761911546,-5.5847348666015
-50.4651761911546,-5.6081175416015
-50.4651761911546,-5.6548828916015
-50.4516761911546,-5.6782655666015
-50.4381761911546,-5.7016482416015
-50.4246761911546,-5.7250309166015
-50.4111761911546,-5.7484135916015
-50.3976761911546,-5.7717962666015
-50.3841761911546,-5.7951789416015
-50.3706761911546,-5.8185616166015
-50.3571761911546,-5.8419442916015
-50.3436761911546,-5.8653269666015
-49.7226761911546,-5.9120923166015
-49.7091761911546,-5.8887096416015
-49.6956761911546,-5.8653269666015
-49.6821761911546,-5.8419442916015
-49.6686761911546,-5.8185616166015
-49.6551761911546,-5.7951789416015
-49.6416761911546,-5.7717962666015
-49.6281761911546,-5.7484135916015
-49.6146761911546,-5.7250309166015
-49.6011761911546,-5.7016482416015
-49.5876761911546,-5.6782655666015
-49.5741761911546,-5.6548828916015
-49.5336761911546,-5.6315002166015
-50.5056761911546,-5.6315002166015
-49.5471761911546,-5.6081175416015
-49.5606761911546,-5.5847348666015
-49.5741761911546,-5.5613521916015
-49.5876761911546,-5.5379695166015
-49.6011761911546,-5.5145868416015
-49.6146761911546,-5.4912041666015
-49.6281761911546,-5.4678214916015
-49.6416761911546,-5.4444388166015
-50.3301761911546,-5.3275254416015
-50.3436761911546,-5.3509081166015
-50.3571761911546,-5.3742907916015
-50.3706761911546,-5.3976734666015
-50.3841761911546,-5.4210561416015
-50.3976761911546,-5.4444388166015
-50.4111761911546,-5.4678214916015
-50.4246761911546,-5.4912041666015
-50.4381761911546,-5.5145868416015
-50.4516761911546,-5.5379695166015
-50.4651761911546,-5.5613521916015
-50.4786761911546,-5.5847348666015
-50.4921761911546,-5.6081175416015
-50.4921761911546,-5.6548828916015
-50.4786761911546,-5.6782655666015
-50.4651761911546,-5.7016482416015
-50.4516761911546,-5.7250309166015
-50.4381761911546,-5.7484135916015
-50.4246761911546,-5.7717962666015
-50.4111761911546,-5.7951789416015
-50.3976761911546,-5.8185616166015
-50.3841761911546,-5.8419442916015
-50.3706761911546,-5.8653269666015
-49.7091761911546,-5.9354749916015
-49.6956761911546,-5.9120923166015
-49.6821761911546,-5.8887096416015
-49.6686761911546,-5.8653269666015
-49.6551761911546,-5.8419442916015
-49.6416761911546,-5.8185616166015
-49.6281761911546,-5.7951789416015
-49.6146761911546,-5.7717962666015
-49.6011761911546,-5.7484135916015
-49.5876761911546,-5.7250309166015
-49.5741761911546,-5.7016482416015
-49.5606761911546,-5.6782655666015
-49.5471761911546,-5.6548828916015
-49.5066761911546,-5.6315002166015
-50.5326761911546,-5.6315002166015
-49.5201761911546,-5.6081175416015
-49.5336761911546,-5.5847348666015
-49.5471761911546,-5.5613521916015
-49.5606761911546,-5.5379695166015
-49.5741761911546,-5.5145868416015
-49.5876761911546,-5.4912041666015
-49.6011761911546,-5.4678214916015
-49.6146761911546,-5.4444388166015
-50.3571761911546,-5.3275254416015
-50.3706761911546,-5.3509081166015
-50.3841761911546,-5.3742907916015
-50.3976761911546,-5.3976734666015
-50.4111761911546,-5.4210561416015
-50.4246761911546,-5.4444388166015
-50.4381761911546,-5.4678214916015
-50.4516761911546,-5.4912041666015
-50.4651761911546,-5.5145868416015
-50.4786761911546,-5.5379695166015
-50.4921761911546,-5.5613521916015
-50.5056761911546,-5.5847348666015
-50.5191761911546,-5.6081175416015
-50.5191761911546,-5.6548828916015
-50.5056761911546,-5.6782655666015
-50.4921761911546,-5.7016482416015
-50.4786761911546,-5.7250309166015
-50.4651761911546,-5.7484135916015
-50.4516761911546,-5.7717962666015
-50.4381761911546,-5.7951789416015
-50.4246761911546,-5.8185616166015
-50.4111761911546,-5.8419442916015
-50.3976761911546,-5.8653269666015
-49.6686761911546,-5.9120923166015
-49.6551761911546,-5.8887096416015
-49.6416761911546,-5.8653269666015
-49.6281761911546,-5.8419442916015
-49.6146761911546,-5.8185616166015
-49.6011761911546,-5.7951789416015
-49.5876761911546,-5.7717962666015
-49.5741761911546,-5.7484135916015
-49.5606761911546,-5.7250309166015
-49.5471761911546,-5.7016482416015
-49.5336761911546,-5.6782655666015
-49.5201761911546,-5.6548828916015
-49.4796761911546,-5.6315002166015
-50.5596761911546,-5.6315002166015
-49.4931761911546,-5.6081175416015
-49.5066761911546,-5.5847348666015
-49.5201761911546,-5.5613521916015
-49.5336761911546,-5.5379695166015
-49.5471761911546,-5.5145868416015
-49.5606761911546,-5.4912041666015
-49.5741761911546,-5.4678214916015
-49.5876761911546,-5.4444388166015
-49.6011761911546,-5.4210561416015
-50.3841761911546,-5.3275254416015
-50.3976761911546,-5.3509081166015
-50.4111761911546,-5.3742907916015
-50.4246761911546,-5.3976734666015
-50.4381761911546,-5.4210561416015
-50.4516761911546,-5.4444388166015
-50.4651761911546,-5.4678214916015
-50.4786761911546,-5.4912041666015
-50.4921761911546,-5.5145868416015
-50.5056761911546,-5.5379695166015
-50.5191761911546,-5.5613521916015
-50.5326761911546,-5.5847348666015
-50.5461761911546,-5.6081175416015
-50.5461761911546,-5.6548828916015
-50.5326761911546,-5.6782655666015
-50.5191761911546,-5.7016482416015
-50.5056761911546,-5.7250309166015
-50.4921761911546,-5.7484135916015
-50.4786761911546,-5.7717962666015
-50.4651761911546,-5.7951789416015
-50.4516761911546,-5.8185616166015
-50.4381761911546,-5.8419442916015
-49.6281761911546,-5.8887096416015
-49.6146761911546,-5.8653269666015
-49.6011761911546,-5.8419442916015
-49.5876761911546,-5.8185616166015
-49.5741761911546,-5.7951789416015
-49.5606761911546,-5.7717962666015
-49.5471761911546,-5.7484135916015
-49.5336761911546,-5.7250309166015
-49.5201761911546,-5.7016482416015
-49.5066761911546,-5.6782655666015
-49.4931761911546,-5.6548828916015
-49.4526761911546,-5.6315002166015
-50.5866761911546,-5.6315002166015
-49.4661761911546,-5.6081175416015
-49.4796761911546,-5.5847348666015
-49.4931761911546,-5.5613521916015
-49.5066761911546,-5.5379695166015
-49.5201761911546,-5.5145868416015
-49.5336761911546,-5.4912041666015
-49.5471761911546,-5.4678214916015
-49.5606761911546,-5.4444388166015
-50.3976761911546,-5.3041427666015
-50.4111761911546,-5.3275254416015
-50.4246761911546,-5.3509081166015
-50.4381761911546,-5.3742907916015
-50.4516761911546,-5.3976734666015
-50.4651761911546,-5.4210561416015
-50.4786761911546,-5.4444388166015
-50.4921761911546,-5.4678214916015
-50.5056761911546,-5.4912041666015
-50.5191761911546,-5.5145868416015
-50.5326761911546,-5.5379695166015
-50.5461761911546,-5.5613521916015
-50.5596761911546,-5.5847348666015
-50.5731761911546,-5.6081175416015
-50.5731761911546,-5.6548828916015
-50.5596761911546,-5.6782655666015
-50.5461761911546,-5.7016482416015
-50.5326761911546,-5.7250309166015
-50.5191761911546,-5.7484135916015
-50.5056761911546,-5.7717962666015
-50.4921761911546,-5.7951789416015
-50.4786761911546,-5.8185616166015
-50.4651761911546,-5.8419442916015
-49.6011761911546,-5.8887096416015
-49.5876761911546,-5.8653269666015
-49.5741761911546,-5.8419442916015
-49.5606761911546,-5.8185616166015
-49.5471761911546,-5.7951789416015
-49.5336761911546,-5.7717962666015
-49.5201761911546,-5.7484135916015
-49.5066761911546,-5.7250309166015
-49.4931761911546,-5.7016482416015
-49.4796761911546,-5.6782655666015
-49.4661761911546,-5.6548828916015
-49.4256761911546,-5.6315002166015
-50.6136761911546,-5.6315002166015
-49.4391761911546,-5.6081175416015
-49.4526761911546,-5.5847348666015
-49.4661761911546,-5.5613521916015
-49.4796761911546,-5.5379695166015
-49.4931761911546,-5.5145868416015
-49.5066761911546,-5.4912041666015
-49.5201761911546,-5.4678214916015
-49.5336761911546,-5.4444388166015
-50.4111761911546,-5.2807600916015
-50.4246761911546,-5.3041427666015
-50.4381761911546,-5.3275254416015
-50.4516761911546,-5.3509081166015
-50.4651761911546,-5.3742907916015
-50.4786761911546,-5.3976734666015
-50.4921761911546,-5.4210561416015
-50.5056761911546,-5.4444388166015
-50.5191761911546,-5.4678214916015
-50.5326761911546,-5.4912041666015
-50.5461761911546,-5.5145868416015
-50.5596761911546,-5.5379695166015
-50.5731761911546,-5.5613521916015
-50.5866761911546,-5.5847348666015
-50.6001761911546,-5.6081175416015
-50.6001761911546,-5.6548828916015
-50.5866761911546,-5.6782655666015
-50.5731761911546,-5.7016482416015
-50.5596761911546,-5.7250309166015
-50.5461761911546,-5.7484135916015
-50.5326761911546,-5.7717962666015
-50.5191761911546,-5.7951789416015
-50.5056761911546,-5.8185616166015
-50.4921761911546,-5.8419442916015
-50.4786761911546,-5.8653269666015
-49.5741761911546,-5.8887096416015
-49.5606761911546,-5.8653269666015
-49.5471761911546,-5.8419442916015
-49.5336761911546,-5.8185616166015
-49.5201761911546,-5.7951789416015
-49.5066761911546,-5.7717962666015
-49.4931761911546,-5.7484135916015
-49.4796761911546,-5.7250309166015
-49.4661761911546,-5.7016482416015
-49.4526761911546,-5.6782655666015
-49.4391761911546,-5.6548828916015
-49.3986761911546,-5.6315002166015
-50.6406761911546,-5.6315002166015
-49.4121761911546,-5.6081175416015
-49.4256761911546,-5.5847348666015
-49.4391761911546,-5.5613521916015
-49.4526761911546,-5.5379695166015
-49.4661761911546,-5.5145868416015
-49.4796761911546,-5.4912041666015
-49.4931761911546,-5.4678214916015
-50.4381761911546,-5.2807600916015
-50.4516761911546,-5.3041427666015
-50.4651761911546,-5.3275254416015
-50.4786761911546,-5.3509081166015
-50.4921761911546,-5.3742907916015
-50.5056761911546,-5.3976734666015
-50.5191761911546,-5.4210561416015
-50.5326761911546,-5.4444388166015
-50.5461761911546,-5.4678214916015
-50.5596761911546,-5.4912041666015
-50.5731761911546,-5.5145868416015
-50.5866761911546,-5.5379695166015
-50.6001761911546,-5.5613521916015
-50.6136761911546,-5.5847348666015
-50.6271761911546,-5.6081175416015
-50.6271761911546,-5.6548828916015
-50.6136761911546,-5.6782655666015
-50.6001761911546,-5.7016482416015
-50.5866761911546,-5.7250309166015
-50.5731761911546,-5.7484135916015
-50.5596761911546,-5.7717962666015
-50.5461761911546,-5.7951789416015
-50.5326761911546,-5.8185616166015
-50.5191761911546,-5.8419442916015
-50.5056761911546,-5.8653269666015
-49.5336761911546,-5.8653269666015
-49.5201761911546,-5.8419442916015
-49.5066761911546,-5.8185616166015
-49.4931761911546,-5.7951789416015
-49.4796761911546,-5.7717962666015
-49.4661761911546,-5.7484135916015
-49.4526761911546,-5.7250309166015
-49.4391761911546,-5.7016482416015
-49.4256761911546,-5.6782655666015
-49.4121761911546,-5.6548828916015
-49.3716761911546,-5.6315002166015
-50.6676761911546,-5.6315002166015
-49.3851761911546,-5.6081175416015
-49.3986761911546,-5.5847348666015
-49.4121761911546,-5.5613521916015
-49.4256761911546,-5.5379695166015
-49.4391761911546,-5.5145868416015
-49.4526761911546,-5.4912041666015
-49.4661761911546,-5.4678214916015
-50.4651761911546,-5.2807600916015
-50.4786761911546,-5.3041427666015
-50.4921761911546,-5.3275254416015
-50.5056761911546,-5.3509081166015
-50.5191761911546,-5.3742907916015
-50.5326761911546,-5.3976734666015
-50.5461761911546,-5.4210561416015
-50.5596761911546,-5.4444388166015
-50.5731761911546,-5.4678214916015
-50.5866761911546,-5.4912041666015
-50.6001761911546,-5.5145868416015
-50.6136761911546,-5.5379695166015
-50.6271761911546,-5.5613521916015
-50.6406761911546,-5.5847348666015
-50.6541761911546,-5.6081175416015
-50.6541761911546,-5.6548828916015
-50.6406761911546,-5.6782655666015
-50.6271761911546,-5.7016482416015
-50.6136761911546,-5.7250309166015
-50.6001761911546,-5.7484135916015
-50.5866761911546,-5.7717962666015
-50.5731761911546,-5.7951789416015
-50.5596761911546,-5.8185616166015
-50.5461761911546,-5.8419442916015
-50.5326761911546,-5.8653269666015
-49.5066761911546,-5.8653269666015
-49.4931761911546,-5.8419442916015
-49.4796761911546,-5.8185616166015
-49.4661761911546,-5.7951789416015
-49.4526761911546,-5.7717962666015
-49.4391761911546,-5.7484135916015
-49.4256761911546,-5.7250309166015
-49.4121761911546,-5.7016482416015
-49.3986761911546,-5.6782655666015
-49.3851761911546,-5.6548828916015
-49.3446761911546,-5.6315002166015
-50.6946761911546,-5.6315002166015
-49.3581761911546,-5.6081175416015
-49.3716761911546,-5.5847348666015
-49.3851761911546,-5.5613521916015
-49.3986761911546,-5.5379695166015
-49.4121761911546,-5.5145868416015
-49.4256761911546,-5.4912041666015
-49.4391761911546,-5.4678214916015
-50.4921761911546,-5.2807600916015
-50.5056761911546,-5.3041427666015
-50.5191761911546,-5.3275254416015
-50.5326761911546,-5.3509081166015
-50.5461761911546,-5.3742907916015
-50.5596761911546,-5.3976734666015
-50.5731761911546,-5.4210561416015
-50.5866761911546,-5.4444388166015
-50.6001761911546,-5.4678214916015
-50.6136761911546,-5.4912041666015
-50.6271761911546,-5.5145868416015
-50.6406761911546,-5.5379695166015
-50.6541761911546,-5.5613521916015
-50.6676761911546,-5.5847348666015
-50.6811761911546,-5.6081175416015
-50.6811761911546,-5.6548828916015
-50.6676761911546,-5.6782655666015
-50.6541761911546,-5.7016482416015
-50.6406761911546,-5.7250309166015
-50.6271761911546,-5.7484135916015
-50.6136761911546,-5.7717962666015
-50.6001761911546,-5.7951789416015
-50.5866761911546,-5.8185616166015
-50.5731761911546,-5.8419442916015
-50.5596761911546,-5.8653269666015
-50.5461761911546,-5.8887096416015
-49.4796761911546,-5.8653269666015
-49.4661761911546,-5.8419442916015
-49.4526761911546,-5.8185616166015
-49.4391761911546,-5.7951789416015
-49.4256761911546,-5.7717962666015
-49.4121761911546,-5.7484135916015
-49.3986761911546,-5.7250309166015
-49.3851761911546,-5.7016482416015
-49.3716761911546,-5.6782655666015
-49.3581761911546,-5.6548828916015
-49.3176761911546,-5.6315002166015
-50.7216761911546,-5.6315002166015
-49.3311761911546,-5.6081175416015
-49.3446761911546,-5.5847348666015
-49.3581761911546,-5.5613521916015
-49.3716761911546,-5.5379695166015
-49.3851761911546,-5.5145868416015
-49.3986761911546,-5.4912041666015
-49.4121761911546,-5.4678214916015
-50.5056761911546,-5.2573774166015
-50.5191761911546,-5.2807600916015
-50.5326761911546,-5.3041427666015
-50.5461761911546,-5.3275254416015
-50.5596761911546,-5.3509081166015
-50.5731761911546,-5.3742907916015
-50.5866761911546,-5.3976734666015
-50.6001761911546,-5.4210561416015
-50.6136761911546,-5.4444388166015
-50.6271761911546,-5.4678214916015
-50.6406761911546,-5.4912041666015
-50.6541761911546,-5.5145868416015
-50.6676761911546,-5.5379695166015
-50.6811761911546,-5.5613521916015
-50.6946761911546,-5.5847348666015
-50.7081761911546,-5.6081175416015
-50.7081761911546,-5.6548828916015
-50.6946761911546,-5.6782655666015
-50.6811761911546,-5.7016482416015
-50.6676761911546,-5.7250309166015
-50.6541761911546,-5.7484135916015
-50.6406761911546,-5.7717962666015
-50.6271761911546,-5.7951789416015
-50.6136761911546,-5.8185616166015
-50.6001761911546,-5.8419442916015
-50.5866761911546,-5.8653269666015
-50.5731761911546,-5.8887096416015
-49.4661761911546,-5.8887096416015
-49.4526761911546,-5.8653269666015
-49.4391761911546,-5.8419442916015
-49.4256761911546,-5.8185616166015
-49.4121761911546,-5.7951789416015
-49.3986761911546,-5.7717962666015
-49.3851761911546,-5.7484135916015
-49.3716761911546,-5.7250309166015
-49.3581761911546,-5.7016482416015
-49.3446761911546,-5.6782655666015
-49.3311761911546,-5.6548828916015
-49.2906761911546,-5.6315002166015
-50.7486761911547,-5.6315002166015
-49.3041761911546,-5.6081175416015
-49.3176761911546,-5.5847348666015
-49.3311761911546,-5.5613521916015
-49.3446761911546,-5.5379695166015
-49.3581761911546,-5.5145868416015
-49.3716761911546,-5.4912041666015
-49.3851761911546,-5.4678214916015
-49.3986761911546,-5.4444388166015
-50.5056761911546,-5.2106120666015
-50.5191761911546,-5.2339947416015
-50.5326761911546,-5.2573774166015
-50.5461761911546,-5.2807600916015
-50.5596761911546,-5.3041427666015
-50.5731761911546,-5.3275254416015
-50.5866761911546,-5.3509081166015
-50.6001761911546,-5.3742907916015
-50.6136761911546,-5.3976734666015
-50.6271761911546,-5.4210561416015
-50.6406761911546,-5.4444388166015
-50.6541761911546,-5.4678214916015
-50.6676761911546,-5.4912041666015
-50.6811761911546,-5.5145868416015
-50.6946761911546,-5.5379695166015
-50.7081761911546,-5.5613521916015
-50.7216761911546,-5.5847348666015
-50.7351761911547,-5.6081175416015
-50.7351761911547,-5.6548828916015
-50.7216761911546,-5.6782655666015
-50.7081761911546,-5.7016482416015
-50.6946761911546,-5.7250309166015
-50.6811761911546,-5.7484135916015
-50.6676761911546,-5.7717962666015
-50.6541761911546,-5.7951789416015
-50.6406761911546,-5.8185616166015
-50.6271761911546,-5.8419442916015
-50.6136761911546,-5.8653269666015
-50.6001761911546,-5.8887096416015
-50.5866761911546,-5.9120923166015
-49.4391761911546,-5.8887096416015
-49.4256761911546,-5.8653269666015
-49.4121761911546,-5.8419442916015
-49.3986761911546,-5.8185616166015
-49.3851761911546,-5.7951789416015
-49.3716761911546,-5.7717962666015
-49.3581761911546,-5.7484135916015
-49.3446761911546,-5.7250309166015
-49.3311761911546,-5.7016482416015
-49.3176761911546,-5.6782655666015
-49.3041761911546,-5.6548828916015
-49.2636761911546,-5.6315002166015
-50.7756761911547,-5.6315002166015
-49.2771761911546,-5.6081175416015
-49.2906761911546,-5.5847348666015
-49.3041761911546,-5.5613521916015
-49.3176761911546,-5.5379695166015
-49.3311761911546,-5.5145868416015
-49.3446761911546,-5.4912041666015
-49.3581761911546,-5.4678214916015
-49.3716761911546,-5.4444388166015
-49.3851761911546,-5.4210561416015
-50.5191761911546,-5.1872293916015
-50.5326761911546,-5.2106120666015
-50.5461761911546,-5.2339947416015
-50.5596761911546,-5.2573774166015
-50.5731761911546,-5.2807600916015
-50.5866761911546,-5.3041427666015
-50.6001761911546,-5.3275254416015
-50.6136761911546,-5.3509081166015
-50.6271761911546,-5.3742907916015
-50.6406761911546,-5.3976734666015
-50.6541761911546,-5.4210561416015
-50.6676761911546,-5.4444388166015
-50.6811761911546,-5.4678214916015
-50.6946761911546,-5.4912041666015
-50.7081761911546,-5.5145868416015
-50.7216761911546,-5.5379695166015
-50.7351761911547,-5.5613521916015
-50.7486761911547,-5.5847348666015
-50.7621761911547,-5.6081175416015
-50.7621761911547,-5.6548828916015
-50.7486761911547,-5.6782655666015
-50.7351761911547,-5.7016482416015
-50.7216761911546,-5.7250309166015
-50.7081761911546,-5.7484135916015
-50.6946761911546,-5.7717962666015
-50.6811761911546,-5.7951789416015
-50.6676761911546,-5.8185616166015
-50.6541761911546,-5.8419442916015
-50.6406761911546,-5.8653269666015
-50.6271761911546,-5.8887096416015
-50.6136761911546,-5.9120923166015
-49.4121761911546,-5.8887096416015
-49.3986761911546,-5.8653269666015
-49.3851761911546,-5.8419442916015
-49.3716761911546,-5.8185616166015
-49.3581761911546,-5.7951789416015
-49.3446761911546,-5.7717962666015
-49.3311761911546,-5.7484135916015
-49.3176761911546,-5.7250309166015
-49.3041761911546,-5.7016482416015
-49.2906761911546,-5.6782655666015
-49.2771761911546,-5.6548828916015
-49.2366761911546,-5.6315002166015
-50.8026761911547,-5.6315002166015
-49.2501761911546,-5.6081175416015
-49.2636761911546,-5.5847348666015
-49.2771761911546,-5.5613521916015
-49.2906761911546,-5.5379695166015
-49.3041761911546,-5.5145868416015
-49.3176761911546,-5.4912041666015
-49.3311761911546,-5.4678214916015
-49.3446761911546,-5.4444388166015
-49.3581761911546,-5.4210561416015
-49.3716761911546,-5.3976734666015
-49.3851761911546,-5.3742907916015
-50.5596761911546,-5.2106120666015
-50.5731761911546,-5.2339947416015
-50.5866761911546,-5.2573774166015
-50.6001761911546,-5.2807600916015
-50.6136761911546,-5.3041427666015
-50.6271761911546,-5.3275254416015
-50.6406761911546,-5.3509081166015
-50.6541761911546,-5.3742907916015
-50.6676761911546,-5.3976734666015
-50.6811761911546,-5.4210561416015
-50.6946761911546,-5.4444388166015
-50.7081761911546,-5.4678214916015
-50.7216761911546,-5.4912041666015
-50.7351761911547,-5.5145868416015
-50.7486761911547,-5.5379695166015
-50.7621761911547,-5.5613521916015
-50.7756761911547,-5.5847348666015
-50.7891761911547,-5.6081175416015
-50.7891761911547,-5.6548828916015
-50.7756761911547,-5.6782655666015
-50.7621761911547,-5.7016482416015
-50.7486761911547,-5.7250309166015
-50.7351761911547,-5.7484135916015
-50.7216761911546,-5.7717962666015
-50.7081761911546,-5.7951789416015
-50.6946761911546,-5.8185616166015
-50.6811761911546,-5.8419442916015
-50.6676761911546,-5.8653269666015
-50.6541761911546,-5.8887096416015
-49.3716761911546,-5.8653269666015
-49.3581761911546,-5.8419442916015
-49.3446761911546,-5.8185616166015
-49.3311761911546,-5.7951789416015
-49.3176761911546,-5.7717962666015
-49.3041761911546,-5.7484135916015
-49.2906761911546,-5.7250309166015
-49.2771761911546,-5.7016482416015
-49.2636761911546,-5.6782655666015
-49.2501761911546,-5.6548828916015
-49.2096761911546,-5.6315002166015
-50.8296761911547,-5.6315002166015
-49.2231761911546,-5.6081175416015
-49.2366761911546,-5.5847348666015
-49.2501761911546,-5.5613521916015
-49.2636761911546,-5.5379695166015
-49.2771761911546,-5.5145868416015
-49.2906761911546,-5.4912041666015
-49.3041761911546,-5.4678214916015
-49.3176761911546,-5.4444388166015
-49.3311761911546,-5.4210561416015
-49.3446761911546,-5.3976734666015
-49.3581761911546,-5.3742907916015
-49.3716761911546,-5.3509081166015
-50.5866761911546,-5.2106120666015
-50.6001761911546,-5.2339947416015
-50.6136761911546,-5.2573774166015
-50.6271761911546,-5.2807600916015
-50.6406761911546,-5.3041427666015
-50.6541761911546,-5.3275254416015
-50.6676761911546,-5.3509081166015
-50.6811761911546,-5.3742907916015
-50.6946761911546,-5.3976734666015
-50.7081761911546,-5.4210561416015
-50.7216761911546,-5.4444388166015
-50.7351761911547,-5.4678214916015
-50.7486761911547,-5.4912041666015
-50.7621761911547,-5.5145868416015
-50.7756761911547,-5.5379695166015
-50.7891761911547,-5.5613521916015
-50.8026761911547,-5.5847348666015
-50.8161761911547,-5.6081175416015
-50.8161761911547,-5.6548828916015
-50.8026761911547,-5.6782655666015
-50.7891761911547,-5.7016482416015
-50.7756761911547,-5.7250309166015
-50.7621761911547,-5.7484135916015
-50.7486761911547,-5.7717962666015
-50.7351761911547,-5.7951789416015
-50.7216761911546,-5.8185616166015
-50.7081761911546,-5.8419442916015
-50.6946761911546,-5.8653269666015
-50.6811761911546,-5.8887096416015
-50.6676761911546,-5.9120923166015
-49.3311761911546,-5.8419442916015
-49.3176761911546,-5.8185616166015
-49.3041761911546,-5.7951789416015
-49.2906761911546,-5.7717962666015
-49.2771761911546,-5.7484135916015
-49.2636761911546,-5.7250309166015
-49.2501761911546,-5.7016482416015
-49.2366761911546,-5.6782655666015
-49.2231761911546,-5.6548828916015
-49.1826761911546,-5.6315002166015
-50.8566761911547,-5.6315002166015
-49.1961761911546,-5.6081175416015
-49.2096761911546,-5.5847348666015
-49.2231761911546,-5.5613521916015
-49.2366761911546,-5.5379695166015
-49.2501761911546,-5.5145868416015
-49.2636761911546,-5.4912041666015
-49.2771761911546,-5.4678214916015
-49.2906761911546,-5.4444388166015
-49.3041761911546,-5.4210561416015
-49.3176761911546,-5.3976734666015
-49.3311761911546,-5.3742907916015
-49.3446761911546,-5.3509081166015
-49.3581761911546,-5.3275254416015
-50.6136761911546,-5.2106120666015
-50.6271761911546,-5.2339947416015
-50.6406761911546,-5.2573774166015
-50.6541761911546,-5.2807600916015
-50.6676761911546,-5.3041427666015
-50.6811761911546,-5.3275254416015
-50.6946761911546,-5.3509081166015
-50.7081761911546,-5.3742907916015
-50.7216761911546,-5.3976734666015
-50.7351761911547,-5.4210561416015
-50.7486761911547,-5.4444388166015
-50.7621761911547,-5.4678214916015
-50.7756761911547,-5.4912041666015
-50.7891761911547,-5.5145868416015
-50.8026761911547,-5.5379695166015
-50.8161761911547,-5.5613521916015
-50.8296761911547,-5.5847348666015
-50.8431761911547,-5.6081175416015
-50.8431761911547,-5.6548828916015
-50.8296761911547,-5.6782655666015
-50.8161761911547,-5.7016482416015
-50.8026761911547,-5.7250309166015
-50.7891761911547,-5.7484135916015
-50.7756761911547,-5.7717962666015
-50.7621761911547,-5.7951789416015
-50.7486761911547,-5.8185616166015
-50.7351761911547,-5.8419442916015
-50.7216761911546,-5.8653269666015
-50.7081761911546,-5.8887096416015
-49.2906761911546,-5.8185616166015
-49.2771761911546,-5.7951789416015
-49.2636761911546,-5.7717962666015
-49.2501761911546,-5.7484135916015
-49.2366761911546,-5.7250309166015
-49.2231761911546,-5.7016482416015
-49.2096761911546,-5.6782655666015
-49.1961761911546,-5.6548828916015
-49.1556761911546,-5.6315002166015
-49.1691761911546,-5.6081175416015
-49.1826761911546,-5.5847348666015
-49.1961761911546,-5.5613521916015
-49.2096761911546,-5.5379695166015
-49.2231761911546,-5.5145868416015
-49.2366761911546,-5.4912041666015
-49.2501761911546,-5.4678214916015
-49.2636761911546,-5.4444388166015
-49.2771761911546,-5.4210561416015
-49.2906761911546,-5.3976734666015
-49.3041761911546,-5.3742907916015
-49.3176761911546,-5.3509081166015
-49.3311761911546,-5.3275254416015
-49.3446761911546,-5.3041427666015
-50.6406761911546,-5.2106120666015
-50.6541761911546,-5.2339947416015
-50.6676761911546,-5.2573774166015
-50.6811761911546,-5.2807600916015
-50.6946761911546,-5.3041427666015
-50.7081761911546,-5.3275254416015
-50.7216761911546,-5.3509081166015
-50.7351761911547,-5.3742907916015
-50.7486761911547,-5.3976734666015
-50.7621761911547,-5.4210561416015
-50.7756761911547,-5.4444388166015
-50.7891761911547,-5.4678214916015
-50.8026761911547,-5.4912041666015
-50.8161761911547,-5.5145868416015
-50.8296761911547,-5.5379695166015
-50.8431761911547,-5.5613521916015
-50.8566761911547,-5.5847348666015
-50.8701761911547,-5.6081175416015
-50.8566761911547,-5.6782655666015
-50.8431761911547,-5.7016482416015
-50.8296761911547,-5.7250309166015
-50.8161761911547,-5.7484135916015
-50.8026761911547,-5.7717962666015
-50.7891761911547,-5.7951789416015
-50.7756761911547,-5.8185616166015
-50.7621761911547,-5.8419442916015
-50.7486761911547,-5.8653269666015
-50.7351761911547,-5.8887096416015
-50.7216761911546,-5.9120923166015
-49.2501761911546,-5.7951789416015
-49.2366761911546,-5.7717962666015
-49.2231761911546,-5.7484135916015
-49.2096761911546,-5.7250309166015
-49.1961761911546,-5.7016482416015
-49.1826761911546,-5.6782655666015
-49.1691761911546,-5.6548828916015
-49.1286761911546,-5.6315002166015
-49.1421761911546,-5.6081175416015
-49.1556761911546,-5.5847348666015
-49.1691761911546,-5.5613521916015
-49.1826761911546,-5.5379695166015
-49.1961761911546,-5.5145868416015
-49.2096761911546,-5.4912041666015
-49.2231761911546,-5.4678214916015
-49.2366761911546,-5.4444388166015
-49.2501761911546,-5.4210561416015
-49.2636761911546,-5.3976734666015
-49.2771761911546,-5.3742907916015
-49.2906761911546,-5.3509081166015
-49.3041761911546,-5.3275254416015
-49.3176761911546,-5.3041427666015
-49.3311761911546,-5.2807600916015
-50.6541761911546,-5.1872293916015
-50.6676761911546,-5.2106120666015
-50.6811761911546,-5.2339947416015
-50.6946761911546,-5.2573774166015
-50.7081761911546,-5.2807600916015
-50.7216761911546,-5.3041427666015
-50.7351761911547,-5.3275254416015
-50.7486761911547,-5.3509081166015
-50.7621761911547,-5.3742907916015
-50.7756761911547,-5.3976734666015
-50.7891761911547,-5.4210561416015
-50.8026761911547,-5.4444388166015
-50.8161761911547,-5.4678214916015
-50.8296761911547,-5.4912041666015
-50.8431761911547,-5.5145868416015
-50.8566761911547,-5.5379695166015
-50.8701761911547,-5.5613521916015
-50.8836761911547,-5.5847348666015
-50.8971761911547,-5.6081175416015
-50.8566761911547,-5.7250309166015
-50.8431761911547,-5.7484135916015
-50.8296761911547,-5.7717962666015
-50.8161761911547,-5.7951789416015
-50.8026761911547,-5.8185616166015
-50.7891761911547,-5.8419442916015
-50.7756761911547,-5.8653269666015
-50.7621761911547,-5.8887096416015
-50.7486761911547,-5.9120923166015
-50.7351761911547,-5.9354749916015
-49.2231761911546,-5.7951789416015
-49.2096761911546,-5.7717962666015
-49.1961761911546,-5.7484135916015
-49.1826761911546,-5.7250309166015
-49.1691761911546,-5.7016482416015
-49.1556761911546,-5.6782655666015
-49.1421761911546,-5.6548828916015
-49.1016761911546,-5.6315002166015
-49.1151761911546,-5.6081175416015
-49.1286761911546,-5.5847348666015
-49.1421761911546,-5.5613521916015
-49.1556761911546,-5.5379695166015
-49.1691761911546,-5.5145868416015
-49.1826761911546,-5.4912041666015
-49.1961761911546,-5.4678214916015
-49.2096761911546,-5.4444388166015
-49.2231761911546,-5.4210561416015
-49.2366761911546,-5.3976734666015
-49.2501761911546,-5.3742907916015
-49.2636761911546,-5.3509081166015
-49.2771761911546,-5.3275254416015
-49.2906761911546,-5.3041427666015
-49.3041761911546,-5.2807600916015
-49.3176761911546,-5.2573774166015
-49.3311761911546,-5.2339947416015
-50.6811761911546,-5.1872293916015
-50.6946761911546,-5.2106120666015
-50.7081761911546,-5.2339947416015
-50.7216761911546,-5.2573774166015
-50.7351761911547,-5.2807600916015
-50.7486761911547,-5.3041427666015
-50.7621761911547,-5.3275254416015
-50.7756761911547,-5.3509081166015
-50.7891761911547,-5.3742907916015
-50.8161761911547,-5.4210561416015
-50.8296761911547,-5.4444388166015
-50.8431761911547,-5.4678214916015
-50.8566761911547,-5.4912041666015
-50.8701761911547,-5.5145868416015
-50.8836761911547,-5.5379695166015
-50.8971761911547,-5.5613521916015
-50.9106761911547,-5.5847348666015
-50.9241761911547,-5.6081175416015
-50.8971761911547,-5.7016482416015
-50.8836761911547,-5.7250309166015
-50.8701761911547,-5.7484135916015
-50.8566761911547,-5.7717962666015
-50.8431761911547,-5.7951789416015
-50.8296761911547,-5.8185616166015
-50.8161761911547,-5.8419442916015
-50.8026761911547,-5.8653269666015
-50.7891761911547,-5.8887096416015
-50.7756761911547,-5.9120923166015
-50.7621761911547,-5.9354749916015
-50.7486761911547,-5.9588576666015
-49.1961761911546,-5.7951789416015
-49.1826761911546,-5.7717962666015
-49.1691761911546,-5.7484135916015
-49.1556761911546,-5.7250309166015
-49.1421761911546,-5.7016482416015
-49.1286761911546,-5.6782655666015
-49.1151761911546,-5.6548828916015
-49.0746761911546,-5.6315002166015
-49.0881761911546,-5.6081175416015
-49.1016761911546,-5.5847348666015
-49.1151761911546,-5.5613521916015
-49.1286761911546,-5.5379695166015
-49.1421761911546,-5.5145868416015
-49.1556761911546,-5.4912041666015
-49.1691761911546,-5.4678214916015
-49.1826761911546,-5.4444388166015
-49.1961761911546,-5.4210561416015
-49.2096761911546,-5.3976734666015
-49.2231761911546,-5.3742907916015
-49.2366761911546,-5.3509081166015
-49.2501761911546,-5.3275254416015
-49.2636761911546,-5.3041427666015
-49.2771761911546,-5.2807600916015
-49.2906761911546,-5.2573774166015
-49.3041761911546,-5.2339947416015
-49.3176761911546,-5.2106120666015
-49.3311761911546,-5.1872293916015
-50.7081761911546,-5.1872293916015
-50.7216761911546,-5.2106120666015
-50.7351761911547,-5.2339947416015
-50.7486761911547,-5.2573774166015
-50.7891761911547,-5.3275254416015
-50.8431761911547,-5.4210561416015
-50.8566761911547,-5.4444388166015
-50.8701761911547,-5.4678214916015
-50.8971761911547,-5.5145868416015
-50.9106761911547,-5.5379695166015
-50.9241761911547,-5.5613521916015
-50.9376761911547,-5.5847348666015
-50.9511761911547,-5.6081175416015
-50.8971761911547,-5.7484135916015
-50.8836761911547,-5.7717962666015
-50.8701761911547,-5.7951789416015
-50.8566761911547,-5.8185616166015
-50.8431761911547,-5.8419442916015
-50.8296761911547,-5.8653269666015
-50.8161761911547,-5.8887096416015
-50.8026761911547,-5.9120923166015
-50.7891761911547,-5.9354749916015
-50.7756761911547,-5.9588576666015
-49.1691761911546,-5.7951789416015
-49.1556761911546,-5.7717962666015
-49.1421761911546,-5.7484135916015
-49.1286761911546,-5.7250309166015
-49.1151761911546,-5.7016482416015
-49.1016761911546,-5.6782655666015
-49.0881761911546,-5.6548828916015
-49.0476761911546,-5.6315002166015
-49.0611761911546,-5.6081175416015
-49.0746761911546,-5.5847348666015
-49.0881761911546,-5.5613521916015
-49.1016761911546,-5.5379695166015
-49.1151761911546,-5.5145868416015
-49.1286761911546,-5.4912041666015
-49.1421761911546,-5.4678214916015
-49.1556761911546,-5.4444388166015
-49.1691761911546,-5.4210561416015
-49.1826761911546,-5.3976734666015
-49.1961761911546,-5.3742907916015
-49.2096761911546,-5.3509081166015
-49.2231761911546,-5.3275254416015
-49.2366761911546,-5.3041427666015
-49.2501761911546,-5.2807600916015
-50.7621761911547,-5.2339947416015
-50.8836761911547,-5.4444388166015
-50.9376761911547,-5.5379695166015
-50.9511761911547,-5.5613521916015
-50.9106761911547,-5.7717962666015
-50.8971761911547,-5.7951789416015
-50.8836761911547,-5.8185616166015
-50.8701761911547,-5.8419442916015
-50.8566761911547,-5.8653269666015
-50.8431761911547,-5.8887096416015
-50.8296761911547,-5.9120923166015
-50.8161761911547,-5.9354749916015
-50.8026761911547,-5.9588576666015
-49.1421761911546,-5.7951789416015
-49.1286761911546,-5.7717962666015
-49.1151761911546,-5.7484135916015
-49.1016761911546,-5.7250309166015
-49.0881761911546,-5.7016482416015
-49.0746761911546,-5.6782655666015
-49.0611761911546,-5.6548828916015
-49.0206761911546,-5.6315002166015
-49.0341761911546,-5.6081175416015
-49.0476761911546,-5.5847348666015
-49.0611761911546,-5.5613521916015
-49.0746761911546,-5.5379695166015
-49.0881761911546,-5.5145868416015
-49.1016761911546,-5.4912041666015
-49.1151761911546,-5.4678214916015
-49.1286761911546,-5.4444388166015
-49.1421761911546,-5.4210561416015
-49.1556761911546,-5.3976734666015
-49.1691761911546,-5.3742907916015
-49.1826761911546,-5.3509081166015
-50.9241761911547,-5.7951789416015
-50.9106761911547,-5.8185616166015
-50.8971761911547,-5.8419442916015
-50.8836761911547,-5.8653269666015
-50.8701761911547,-5.8887096416015
-50.8566761911547,-5.9120923166015
-50.8431761911547,-5.9354749916015
-50.8296761911547,-5.9588576666015
-49.1286761911546,-5.8185616166015
-49.1151761911546,-5.7951789416015
-49.1016761911546,-5.7717962666015
-49.0881761911546,-5.7484135916015
-49.0746761911546,-5.7250309166015
-49.0611761911546,-5.7016482416015
-49.0476761911546,-5.6782655666015
-49.0341761911546,-5.6548828916015
-48.9936761911546,-5.6315002166015
-49.0071761911546,-5.6081175416015
-49.0206761911546,-5.5847348666015
-49.0341761911546,-5.5613521916015
-49.0476761911546,-5.5379695166015
-49.0611761911546,-5.5145868416015
-49.0746761911546,-5.4912041666015
-49.0881761911546,-5.4678214916015
-49.1016761911546,-5.4444388166015
-49.1151761911546,-5.4210561416015
-49.1286761911546,-5.3976734666015
-49.1421761911546,-5.3742907916015
-49.1556761911546,-5.3509081166015
-50.9511761911547,-5.7951789416015
-50.9376761911547,-5.8185616166015
-50.9241761911547,-5.8419442916015
-50.9106761911547,-5.8653269666015
-50.8971761911547,-5.8887096416015
-50.8836761911547,-5.9120923166015
-50.8701761911547,-5.9354749916015
-50.8566761911547,-5.9588576666015
-49.1016761911546,-5.8185616166015
-49.0881761911546,-5.7951789416015
-49.0746761911546,-5.7717962666015
-49.0611761911546,-5.7484135916015
-49.0476761911546,-5.7250309166015
-49.0341761911546,-5.7016482416015
-49.0206761911546,-5.6782655666015
-49.0071761911546,-5.6548828916015
-48.9666761911546,-5.6315002166015
-48.9801761911546,-5.6081175416015
-48.9936761911546,-5.5847348666015
-49.0071761911546,-5.5613521916015
-49.0206761911546,-5.5379695166015
-49.0341761911546,-5.5145868416015
-49.0476761911546,-5.4912041666015
-49.0611761911546,-5.4678214916015
-49.0746761911546,-5.4444388166015
-49.0881761911546,-5.4210561416015
-49.1016761911546,-5.3976734666015
-49.1151761911546,-5.3742907916015
-49.1286761911546,-5.3509081166015
-50.9781761911547,-5.7951789416015
-50.9646761911547,-5.8185616166015
-50.9511761911547,-5.8419442916015
-50.9376761911547,-5.8653269666015
-50.9241761911547,-5.8887096416015
-50.9106761911547,-5.9120923166015
-50.8971761911547,-5.9354749916015
-50.8836761911547,-5.9588576666015
-50.8701761911547,-5.9822403416015
-49.0746761911546,-5.8185616166015
-49.0611761911546,-5.7951789416015
-49.0476761911546,-5.7717962666015
-49.0341761911546,-5.7484135916015
-49.0206761911546,-5.7250309166015
-49.0071761911546,-5.7016482416015
-48.9936761911546,-5.6782655666015
-48.9801761911546,-5.6548828916015
-48.9396761911546,-5.6315002166015
-48.9531761911546,-5.6081175416015
-48.9666761911546,-5.5847348666015
-48.9801761911546,-5.5613521916015
-48.9936761911546,-5.5379695166015
-49.0071761911546,-5.5145868416015
-49.0206761911546,-5.4912041666015
-49.0341761911546,-5.4678214916015
-49.0476761911546,-5.4444388166015
-49.0611761911546,-5.4210561416015
-49.0746761911546,-5.3976734666015
-49.0881761911546,-5.3742907916015
-49.1016761911546,-5.3509081166015
-49.1151761911546,-5.3275254416015
-51.0051761911547,-5.7951789416015
-50.9916761911547,-5.8185616166015
-50.9781761911547,-5.8419442916015
-50.9646761911547,-5.8653269666015
-50.9511761911547,-5.8887096416015
-50.9376761911547,-5.9120923166015
-50.9241761911547,-5.9354749916015
-50.9106761911547,-5.9588576666015
-50.8971761911547,-5.9822403416015
-49.0476761911546,-5.8185616166015
-49.0341761911546,-5.7951789416015
-49.0206761911546,-5.7717962666015
-49.0071761911546,-5.7484135916015
-48.9936761911546,-5.7250309166015
-48.9801761911546,-5.7016482416015
-48.9666761911546,-5.6782655666015
-48.9531761911546,-5.6548828916015
-48.9396761911546,-5.5847348666015
-48.9531761911546,-5.5613521916015
-48.9666761911546,-5.5379695166015
-48.9801761911546,-5.5145868416015
-48.9936761911546,-5.4912041666015
-49.0206761911546,-5.4444388166015
-49.0341761911546,-5.4210561416015
-49.0476761911546,-5.3976734666015
-49.0611761911546,-5.3742907916015
-49.0746761911546,-5.3509081166015
-49.0881761911546,-5.3275254416015
-49.1016761911546,-5.3041427666015
-49.1286761911546,-5.2573774166015
-49.1421761911546,-5.2339947416015
-51.0456761911547,-5.7717962666015
-51.0321761911547,-5.7951789416015
-51.0186761911547,-5.8185616166015
-51.0051761911547,-5.8419442916015
-50.9916761911547,-5.8653269666015
-50.9781761911547,-5.8887096416015
-50.9646761911547,-5.9120923166015
-50.9511761911547,-5.9354749916015
-50.9376761911547,-5.9588576666015
-49.0206761911546,-5.8185616166015
-49.0071761911546,-5.7951789416015
-48.9936761911546,-5.7717962666015
-48.9801761911546,-5.7484135916015
-48.9666761911546,-5.7250309166015
-48.9531761911546,-5.7016482416015
-48.9396761911546,-5.6782655666015
-48.9396761911546,-5.5379695166015
-48.9531761911546,-5.5145868416015
-49.0206761911546,-5.3976734666015
-49.0341761911546,-5.3742907916015
-49.0476761911546,-5.3509081166015
-49.0611761911546,-5.3275254416015
-49.0746761911546,-5.3041427666015
-49.0881761911546,-5.2807600916015
-49.1016761911546,-5.2573774166015
-49.1151761911546,-5.2339947416015
-49.1286761911546,-5.2106120666015
-51.0591761911547,-5.7951789416015
-51.0456761911547,-5.8185616166015
-51.0321761911547,-5.8419442916015
-51.0186761911547,-5.8653269666015
-51.0051761911547,-5.8887096416015
-50.9916761911547,-5.9120923166015
-50.9781761911547,-5.9354749916015
-50.9646761911547,-5.9588576666015
-48.9936761911546,-5.8185616166015
-48.9801761911546,-5.7951789416015
-48.9666761911546,-5.7717962666015
-48.9531761911546,-5.7484135916015
-48.9396761911546,-5.7250309166015
-48.9261761911546,-5.7016482416015
-48.9126761911546,-5.6782655666015
-49.0476761911546,-5.3041427666015
-49.0611761911546,-5.2807600916015
-49.0746761911546,-5.2573774166015
-49.0881761911546,-5.2339947416015
-49.1016761911546,-5.2106120666015
-49.1151761911546,-5.1872293916015
-49.1286761911546,-5.1638467166015
-51.0861761911547,-5.7951789416015
-51.0726761911547,-5.8185616166015
-51.0591761911547,-5.8419442916015
-51.0456761911547,-5.8653269666015
-51.0321761911547,-5.8887096416015
-51.0186761911547,-5.9120923166015
-51.0051761911547,-5.9354749916015
-50.9916761911547,-5.9588576666015
-50.9781761911547,-5.9822403416015
-48.9801761911546,-5.8419442916015
-48.9666761911546,-5.8185616166015
-48.9531761911546,-5.7951789416015
-48.9396761911546,-5.7717962666015
-48.9261761911546,-5.7484135916015
-48.9126761911546,-5.7250309166015
-48.8991761911546,-5.7016482416015
-49.0206761911546,-5.3041427666015
-49.0341761911546,-5.2807600916015
-49.0476761911546,-5.2573774166015
-49.0611761911546,-5.2339947416015
-49.0746761911546,-5.2106120666015
-49.0881761911546,-5.1872293916015
-49.1016761911546,-5.1638467166015
-49.1151761911546,-5.1404640416015
-49.1286761911546,-5.1170813666015
-51.0996761911547,-5.8185616166015
-51.0861761911547,-5.8419442916015
-51.0726761911547,-5.8653269666015
-51.0591761911547,-5.8887096416015
-51.0456761911547,-5.9120923166015
-51.0321761911547,-5.9354749916015
-51.0186761911547,-5.9588576666015
-51.0051761911547,-5.9822403416015
-48.9531761911546,-5.8419442916015
-48.9396761911546,-5.8185616166015
-48.9261761911546,-5.7951789416015
-48.9126761911546,-5.7717962666015
-48.8991761911546,-5.7484135916015
-48.8856761911546,-5.7250309166015
-49.0071761911546,-5.2807600916015
-49.0206761911546,-5.2573774166015
-49.0341761911546,-5.2339947416015
-49.0476761911546,-5.2106120666015
-49.0611761911546,-5.1872293916015
-49.0746761911546,-5.1638467166015
-49.0881761911546,-5.1404640416015
-49.1016761911546,-5.1170813666015
-49.1151761911546,-5.0936986916015
-49.1286761911546,-5.0703160166015
-51.0996761911547,-5.8653269666015
-51.0861761911547,-5.8887096416015
-51.0726761911547,-5.9120923166015
-51.0591761911547,-5.9354749916015
-51.0456761911547,-5.9588576666015
-51.0321761911547,-5.9822403416015
-51.0186761911547,-6.0056230166015
-51.0051761911547,-6.0290056916015
-48.9396761911546,-5.8653269666015
-48.9261761911546,-5.8419442916015
-48.9126761911546,-5.8185616166015
-48.8991761911546,-5.7951789416015
-48.8856761911546,-5.7717962666015
-48.8721761911546,-5.7484135916015
-48.9936761911546,-5.2573774166015
-49.0071761911546,-5.2339947416015
-49.0206761911546,-5.2106120666015
-49.0341761911546,-5.1872293916015
-49.0476761911546,-5.1638467166015
-49.0611761911546,-5.1404640416015
-49.0746761911546,-5.1170813666015
-49.0881761911546,-5.0936986916015
-49.1016761911546,-5.0703160166015
-51.1131761911547,-5.8887096416015
-51.0996761911547,-5.9120923166015
-51.0861761911547,-5.9354749916015
-51.0726761911547,-5.9588576666015
-51.0591761911547,-5.9822403416015
-51.0456761911547,-6.0056230166015
-51.0321761911547,-6.0290056916015
-51.0186761911547,-6.0523883666015
-48.9126761911546,-5.8653269666015
-48.8991761911546,-5.8419442916015
-48.8856761911546,-5.8185616166015
-48.8721761911546,-5.7951789416015
-48.8586761911546,-5.7717962666015
-49.0206761911546,-5.1638467166015
-49.0341761911546,-5.1404640416015
-49.0476761911546,-5.1170813666015
-49.0611761911546,-5.0936986916015
-49.0746761911546,-5.0703160166015
-49.0881761911546,-5.0469333416015
-51.1131761911547,-5.9354749916015
-51.0996761911547,-5.9588576666015
-51.0861761911547,-5.9822403416015
-51.0726761911547,-6.0056230166015
-51.0591761911547,-6.0290056916015
-51.0456761911547,-6.0523883666015
-48.8991761911546,-5.8887096416015
-48.8856761911546,-5.8653269666015
-48.8721761911546,-5.8419442916015
-48.8586761911546,-5.8185616166015
-48.8451761911546,-5.7951789416015
-49.0206761911546,-5.1170813666015
-49.0341761911546,-5.0936986916015
-49.0476761911546,-5.0703160166015
-49.0611761911546,-5.0469333416015
-49.0746761911546,-5.0235506666015
-51.1401761911547,-5.9354749916015
-51.1266761911547,-5.9588576666015
-51.1131761911547,-5.9822403416015
-51.0996761911547,-6.0056230166015
-51.0861761911547,-6.0290056916015
-51.0726761911547,-6.0523883666015
-51.0591761911547,-6.0757710416015
-48.8856761911546,-5.9120923166015
-48.8721761911546,-5.8887096416015
-48.8586761911546,-5.8653269666015
-48.8451761911546,-5.8419442916015
-48.8316761911546,-5.8185616166015
-49.0071761911546,-5.0936986916015
-49.0206761911546,-5.0703160166015
-49.0341761911546,-5.0469333416015
-49.0476761911546,-5.0235506666015
-49.0611761911546,-5.0001679916015
-51.1536761911547,-5.9588576666015
-51.1401761911547,-5.9822403416015
-51.1266761911547,-6.0056230166015
-51.1131761911547,-6.0290056916015
-51.0996761911547,-6.0523883666015
-51.0861761911547,-6.0757710416015
-51.0726761911547,-6.0991537166015
-48.8721761911546,-5.9354749916015
-48.8586761911546,-5.9120923166015
-48.8451761911546,-5.8887096416015
-48.8316761911546,-5.8653269666015
-48.8181761911546,-5.8419442916015
-48.8046761911546,-5.8185616166015
-49.0341761911546,-5.0001679916015
-49.0476761911546,-4.9767853166015
-51.1671761911547,-5.9822403416015
-51.1536761911547,-6.0056230166015
-51.1401761911547,-6.0290056916015
-51.1266761911547,-6.0523883666015
-51.1131761911547,-6.0757710416015
-51.0996761911547,-6.0991537166015
-51.0861761911547,-6.1225363916015
-48.8451761911546,-5.9354749916015
-48.8316761911546,-5.9120923166015
-48.8181761911546,-5.8887096416015
-48.8046761911546,-5.8653269666015
-48.7911761911546,-5.8419442916015
-49.0206761911546,-4.9767853166015
-49.0341761911546,-4.9534026416015
-51.1941761911547,-5.9822403416015
-51.1806761911547,-6.0056230166015
-51.1671761911547,-6.0290056916015
-51.1536761911547,-6.0523883666015
-51.1401761911547,-6.0757710416015
-51.1266761911547,-6.0991537166015
-51.1131761911547,-6.1225363916015
-48.8046761911546,-5.9120923166015
-48.7911761911546,-5.8887096416015
-48.7776761911546,-5.8653269666015
-48.7641761911546,-5.8419442916015
-48.9936761911546,-4.9767853166015
-49.0071761911546,-4.9534026416015
-49.0206761911546,-4.9300199666015
-51.2211761911547,-5.9822403416015
-51.2076761911547,-6.0056230166015
-51.1941761911547,-6.0290056916015
-51.1806761911547,-6.0523883666015
-51.1671761911547,-6.0757710416015
-51.1536761911547,-6.0991537166015
-51.1401761911547,-6.1225363916015
-51.1266761911547,-6.1459190666015
-48.7506761911546,-5.8653269666015
-48.9801761911546,-4.9534026416015
-48.9936761911546,-4.9300199666015
-51.2346761911547,-6.0056230166015
-51.2211761911547,-6.0290056916015
-51.2076761911547,-6.0523883666015
-51.1941761911547,-6.0757710416015
-51.1806761911547,-6.0991537166015
-51.1671761911547,-6.1225363916015
-51.1536761911547,-6.1459190666015
-51.1401761911547,-6.1693017416015
-48.9531761911546,-4.9534026416015
-48.9666761911546,-4.9300199666015
-48.9801761911546,-4.9066372916015
-48.9936761911546,-4.8832546166015
-51.2616761911547,-6.0056230166015
-51.2481761911547,-6.0290056916015
-51.2346761911547,-6.0523883666015
-51.2211761911547,-6.0757710416015
-51.2076761911547,-6.0991537166015
-51.1941761911547,-6.1225363916015
-51.1806761911547,-6.1459190666015
-51.1671761911547,-6.1693017416015
-51.1536761911547,-6.1926844166015
-48.9261761911546,-4.9534026416015
-48.9396761911546,-4.9300199666015
-48.9531761911546,-4.9066372916015
-51.3021761911547,-5.9822403416015
-51.2886761911547,-6.0056230166015
-51.2751761911547,-6.0290056916015
-51.2616761911547,-6.0523883666015
-51.2481761911547,-6.0757710416015
-51.2346761911547,-6.0991537166015
-51.2211761911547,-6.1225363916015
-51.2076761911547,-6.1459190666015
-51.1941761911547,-6.1693017416015
-51.3291761911547,-5.9822403416015
-51.3156761911547,-6.0056230166015
-51.3021761911547,-6.0290056916015
-51.2886761911547,-6.0523883666015
-51.2751761911547,-6.0757710416015
-51.2616761911547,-6.0991537166015
-51.2481761911547,-6.1225363916015
-51.2346761911547,-6.1459190666015
-51.2211761911547,-6.1693017416015
-51.3561761911547,-5.9822403416015
-51.3426761911547,-6.0056230166015
-51.3291761911547,-6.0290056916015
-51.3156761911547,-6.0523883666015
-51.3021761911547,-6.0757710416015
-51.2481761911547,-6.1693017416015
-51.3696761911547,-6.0056230166015
-51.3561761911547,-6.0290056916015
-51.3426761911547,-6.0523883666015
-51.3831761911547,-6.0290056916015
-51.3696761911547,-6.0523883666015
