-50.4307906677813,-6.7728756572790
-50.4037906677813,-6.7728756572790
-50.4172906677813,-6.7494929822790
-50.4442906677813,-6.7494929822790
-50.4577906677813,-6.7728756572790
-50.4442906677813,-6.7962583322790
-50.4172906677813,-6.7962583322790
-50.3767906677813,-6.7728756572790
-50.4037906677813,-6.7261103072790
-50.4577906677813,-6.7261103072790
-50.4847906677813,-6.7728756572790
-50.4577906677813,-6.8196410072790
-50.4037906677813,-6.8196410072790
-50.3902906677813,-6.7494929822790
-50.4307906677813,-6.7261103072790
-50.4712906677813,-6.7494929822790
-50.4712906677813,-6.7962583322790
-50.4307906677813,-6.8196410072790
-50.3902906677813,-6.7962583322790
-50.3497906677812,-6.7728756572790
-50.3902906677813,-6.7027276322790
-50.4712906677813,-6.7027276322790
-50.5117906677813,-6.7728756572790
-50.4712906677813,-6.8430236822790
-50.3902906677813,-6.8430236822790
-50.3632906677812,-6.7494929822790
-50.3767906677813,-6.7261103072790
-50.4172906677813,-6.7027276322790
-50.4442906677813,-6.7027276322790
-50.4847906677813,-6.7261103072790
-50.4982906677813,-6.7494929822790
-50.4982906677813,-6.7962583322790
-50.4847906677813,-6.8196410072790
-50.4442906677813,-6.8430236822790
-50.4172906677813,-6.8430236822790
-50.3767906677813,-6.8196410072790
-50.3632906677812,-6.7962583322790
-50.3227906677812,-6.7728756572790
-50.3767906677813,-6.6793449572790
-50.4847906677813,-6.6793449572790
-50.5387906677813,-6.7728756572790
-50.4847906677813,-6.8664063572790
-50.3767906677813,-6.8664063572790
-50.3362906677812,-6.7494929822790
-50.3497906677812,-6.7261103072790
-50.3632906677812,-6.7027276322790
-50.4037906677813,-6.6793449572790
-50.4307906677813,-6.6793449572790
-50.4577906677813,-6.6793449572790
-50.4982906677813,-6.7027276322790
-50.5117906677813,-6.7261103072790
-50.5252906677813,-6.7494929822790
-50.5252906677813,-6.7962583322790
-50.5117906677813,-6.8196410072790
-50.4982906677813,-6.8430236822790
-50.4577906677813,-6.8664063572790
-50.4307906677813,-6.8664063572790
-50.4037906677813,-6.8664063572790
-50.3632906677812,-6.8430236822790
-50.3497906677812,-6.8196410072790
-50.3362906677812,-6.7962583322790
-50.2957906677812,-6.7728756572790
-50.3632906677812,-6.6559622822790
-50.4982906677813,-6.6559622822790
-50.5657906677813,-6.7728756572790
-50.4982906677813,-6.8897890322790
-50.3632906677812,-6.8897890322790
-50.3092906677812,-6.7494929822790
-50.3227906677812,-6.7261103072790
-50.3362906677812,-6.7027276322790
-50.3497906677812,-6.6793449572790
-50.3902906677813,-6.6559622822790
-50.4172906677813,-6.6559622822790
-50.4442906677813,-6.6559622822790
-50.4712906677813,-6.6559622822790
-50.5117906677813,-6.6793449572790
-50.5252906677813,-6.7027276322790
-50.5387906677813,-6.7261103072790
-50.5522906677813,-6.7494929822790
-50.5522906677813,-6.7962583322790
-50.5387906677813,-6.8196410072790
-50.5252906677813,-6.8430236822790
-50.5117906677813,-6.8664063572790
-50.4712906677813,-6.8897890322790
-50.4442906677813,-6.8897890322790
-50.4172906677813,-6.8897890322790
-50.3902906677813,-6.8897890322790
-50.3497906677812,-6.8664063572790
-50.3362906677812,-6.8430236822790
-50.3227906677812,-6.8196410072790
-50.3092906677812,-6.7962583322790
-50.2687906677812,-6.7728756572790
-50.3497906677812,-6.6325796072790
-50.5117906677813,-6.6325796072790
-50.5927906677813,-6.7728756572790
-50.5117906677813,-6.9131717072790
-50.3497906677812,-6.9131717072790
-50.2822906677812,-6.7494929822790
-50.2957906677812,-6.7261103072790
-50.3092906677812,-6.7027276322790
-50.3227906677812,-6.6793449572790
-50.3362906677812,-6.6559622822790
-50.3767906677813,-6.6325796072790
-50.4037906677813,-6.6325796072790
-50.4307906677813,-6.6325796072790
-50.4577906677813,-6.6325796072790
-50.4847906677813,-6.6325796072790
-50.5252906677813,-6.6559622822790
-50.5387906677813,-6.6793449572790
-50.5522906677813,-6.7027276322790
-50.5657906677813,-6.7261103072790
-50.5792906677813,-6.7494929822790
-50.5792906677813,-6.7962583322790
-50.5657906677813,-6.8196410072790
-50.5522906677813,-6.8430236822790
-50.5387906677813,-6.8664063572790
-50.5252906677813,-6.8897890322790
-50.4847906677813,-6.9131717072790
-50.4577906677813,-6.9131717072790
-50.4307906677813,-6.9131717072790
-50.4037906677813,-6.9131717072790
-50.3767906677813,-6.9131717072790
-50.3362906677812,-6.8897890322790
-50.3227906677812,-6.8664063572790
-50.3092906677812,-6.8430236822790
-50.2957906677812,-6.8196410072790
-50.2822906677812,-6.7962583322790
-50.2417906677812,-6.7728756572790
-50.3362906677812,-6.6091969322790
-50.5252906677813,-6.6091969322790
-50.6197906677813,-6.7728756572790
-50.5252906677813,-6.9365543822790
-50.3362906677812,-6.9365543822790
-50.2552906677812,-6.7494929822790
-50.2687906677812,-6.7261103072790
-50.2822906677812,-6.7027276322790
-50.2957906677812,-6.6793449572790
-50.3092906677812,-6.6559622822790
-50.3227906677812,-6.6325796072790
-50.3632906677812,-6.6091969322790
-50.3902906677813,-6.6091969322790
-50.4172906677813,-6.6091969322790
-50.4442906677813,-6.6091969322790
-50.4712906677813,-6.6091969322790
-50.4982906677813,-6.6091969322790
-50.5387906677813,-6.6325796072790
-50.5522906677813,-6.6559622822790
-50.5657906677813,-6.6793449572790
-50.5792906677813,-6.7027276322790
-50.5927906677813,-6.7261103072790
-50.6062906677813,-6.7494929822790
-50.6062906677813,-6.7962583322790
-50.5927906677813,-6.8196410072790
-50.5792906677813,-6.8430236822790
-50.5657906677813,-6.8664063572790
-50.5522906677813,-6.8897890322790
-50.5387906677813,-6.9131717072790
-50.4982906677813,-6.9365543822790
-50.4712906677813,-6.9365543822790
-50.4442906677813,-6.9365543822790
-50.4172906677813,-6.9365543822790
-50.3902906677813,-6.9365543822790
-50.3632906677812,-6.9365543822790
-50.3227906677812,-6.9131717072790
-50.3092906677812,-6.8897890322790
-50.2957906677812,-6.8664063572790
-50.2822906677812,-6.8430236822790
-50.2687906677812,-6.8196410072790
-50.2552906677812,-6.7962583322790
-50.2147906677812,-6.7728756572790
-50.3227906677812,-6.5858142572790
-50.5387906677813,-6.5858142572790
-50.6467906677813,-6.7728756572790
-50.5387906677813,-6.9599370572790
-50.3227906677812,-6.9599370572790
-50.2282906677812,-6.7494929822790
-50.2417906677812,-6.7261103072790
-50.2552906677812,-6.7027276322790
-50.2687906677812,-6.6793449572790
-50.2822906677812,-6.6559622822790
-50.2957906677812,-6.6325796072790
-50.3092906677812,-6.6091969322790
-50.3497906677812,-6.5858142572790
-50.3767906677813,-6.5858142572790
-50.4037906677813,-6.5858142572790
-50.4307906677813,-6.5858142572790
-50.4577906677813,-6.5858142572790
-50.4847906677813,-6.5858142572790
-50.5117906677813,-6.5858142572790
-50.5522906677813,-6.6091969322790
-50.5657906677813,-6.6325796072790
-50.5792906677813,-6.6559622822790
-50.5927906677813,-6.6793449572790
-50.6062906677813,-6.7027276322790
-50.6197906677813,-6.7261103072790
-50.6332906677813,-6.7494929822790
-50.6332906677813,-6.7962583322790
-50.6197906677813,-6.8196410072790
-50.6062906677813,-6.8430236822790
-50.5927906677813,-6.8664063572790
-50.5792906677813,-6.8897890322790
-50.5657906677813,-6.9131717072790
-50.5522906677813,-6.9365543822790
-50.5117906677813,-6.9599370572790
-50.4847906677813,-6.9599370572790
-50.4577906677813,-6.9599370572790
-50.4307906677813,-6.9599370572790
-50.4037906677813,-6.9599370572790
-50.3767906677813,-6.9599370572790
-50.3497906677812,-6.9599370572790
-50.3092906677812,-6.9365543822790
-50.2957906677812,-6.9131717072790
-50.2822906677812,-6.8897890322790
-50.2687906677812,-6.8664063572790
-50.2552906677812,-6.8430236822790
-50.2417906677812,-6.8196410072790
-50.2282906677812,-6.7962583322790
-50.1877906677812,-6.7728756572790
-50.5522906677813,-6.5624315822790
-50.6737906677813,-6.7728756572790
-50.5522906677813,-6.9833197322790
-50.3092906677812,-6.9833197322790
-50.2012906677812,-6.7494929822790
-50.2147906677812,-6.7261103072790
-50.2282906677812,-6.7027276322790
-50.2417906677812,-6.6793449572790
-50.2552906677812,-6.6559622822790
-50.2687906677812,-6.6325796072790
-50.3362906677812,-6.5624315822790
-50.3632906677812,-6.5624315822790
-50.3902906677813,-6.5624315822790
-50.4172906677813,-6.5624315822790
-50.4442906677813,-6.5624315822790
-50.4712906677813,-6.5624315822790
-50.4982906677813,-6.5624315822790
-50.5252906677813,-6.5624315822790
-50.5657906677813,-6.5858142572790
-50.5792906677813,-6.6091969322790
-50.5927906677813,-6.6325796072790
-50.6062906677813,-6.6559622822790
-50.6197906677813,-6.6793449572790
-50.6332906677813,-6.7027276322790
-50.6467906677813,-6.7261103072790
-50.6602906677813,-6.7494929822790
-50.6602906677813,-6.7962583322790
-50.6467906677813,-6.8196410072790
-50.6332906677813,-6.8430236822790
-50.6197906677813,-6.8664063572790
-50.6062906677813,-6.8897890322790
-50.5927906677813,-6.9131717072790
-50.5792906677813,-6.9365543822790
-50.5657906677813,-6.9599370572790
-50.5252906677813,-6.9833197322790
-50.4982906677813,-6.9833197322790
-50.4712906677813,-6.9833197322790
-50.4442906677813,-6.9833197322790
-50.4172906677813,-6.9833197322790
-50.3902906677813,-6.9833197322790
-50.3632906677812,-6.9833197322790
-50.3362906677812,-6.9833197322790
-50.2957906677812,-6.9599370572790
-50.2822906677812,-6.9365543822790
-50.2687906677812,-6.9131717072790
-50.2552906677812,-6.8897890322790
-50.2417906677812,-6.8664063572790
-50.2282906677812,-6.8430236822790
-50.2147906677812,-6.8196410072790
-50.2012906677812,-6.7962583322790
-50.1607906677812,-6.7728756572790
-50.5657906677813,-6.5390489072790
-50.7007906677813,-6.7728756572790
-50.5657906677813,-7.0067024072790
-50.2957906677812,-7.0067024072790
-50.1742906677812,-6.7494929822790
-50.1877906677812,-6.7261103072790
-50.2012906677812,-6.7027276322790
-50.2147906677812,-6.6793449572790
-50.2282906677812,-6.6559622822790
-50.2417906677812,-6.6325796072790
-50.2552906677812,-6.6091969322790
-50.3497906677812,-6.5390489072790
-50.3767906677813,-6.5390489072790
-50.4037906677813,-6.5390489072790
-50.4307906677813,-6.5390489072790
-50.4577906677813,-6.5390489072790
-50.4847906677813,-6.5390489072790
-50.5117906677813,-6.5390489072790
-50.5387906677813,-6.5390489072790
-50.5792906677813,-6.5624315822790
-50.5927906677813,-6.5858142572790
-50.6062906677813,-6.6091969322790
-50.6197906677813,-6.6325796072790
-50.6332906677813,-6.6559622822790
-50.6467906677813,-6.6793449572790
-50.6602906677813,-6.7027276322790
-50.6737906677813,-6.7261103072790
-50.6872906677813,-6.7494929822790
-50.6872906677813,-6.7962583322790
-50.6737906677813,-6.8196410072790
-50.6602906677813,-6.8430236822790
-50.6467906677813,-6.8664063572790
-50.6332906677813,-6.8897890322790
-50.6197906677813,-6.9131717072790
-50.6062906677813,-6.9365543822790
-50.5927906677813,-6.9599370572790
-50.5792906677813,-6.9833197322790
-50.5387906677813,-7.0067024072790
-50.5117906677813,-7.0067024072790
-50.4847906677813,-7.0067024072790
-50.4577906677813,-7.0067024072790
-50.4307906677813,-7.0067024072790
-50.4037906677813,-7.0067024072790
-50.3767906677813,-7.0067024072790
-50.3497906677812,-7.0067024072790
-50.3227906677812,-7.0067024072790
-50.2822906677812,-6.9833197322790
-50.2687906677812,-6.9599370572790
-50.2552906677812,-6.9365543822790
-50.2417906677812,-6.9131717072790
-50.2282906677812,-6.8897890322790
-50.2147906677812,-6.8664063572790
-50.2012906677812,-6.8430236822790
-50.1877906677812,-6.8196410072790
-50.1742906677812,-6.7962583322790
-50.1337906677812,-6.7728756572790
-50.7277906677813,-6.7728756572790
-50.5792906677813,-7.0300850822790
-50.2822906677812,-7.0300850822790
-50.1472906677812,-6.7494929822790
-50.1607906677812,-6.7261103072790
-50.1742906677812,-6.7027276322790
-50.1877906677812,-6.6793449572790
-50.2012906677812,-6.6559622822790
-50.2147906677812,-6.6325796072790
-50.2282906677812,-6.6091969322790
-50.3632906677812,-6.5156662322790
-50.3902906677813,-6.5156662322790
-50.4172906677813,-6.5156662322790
-50.4442906677813,-6.5156662322790
-50.4712906677813,-6.5156662322790
-50.5252906677813,-6.5156662322790
-50.5927906677813,-6.5390489072790
-50.6062906677813,-6.5624315822790
-50.6197906677813,-6.5858142572790
-50.6332906677813,-6.6091969322790
-50.6467906677813,-6.6325796072790
-50.6602906677813,-6.6559622822790
-50.6737906677813,-6.6793449572790
-50.6872906677813,-6.7027276322790
-50.7007906677813,-6.7261103072790
-50.7142906677813,-6.7494929822790
-50.7142906677813,-6.7962583322790
-50.7007906677813,-6.8196410072790
-50.6872906677813,-6.8430236822790
-50.6737906677813,-6.8664063572790
-50.6602906677813,-6.8897890322790
-50.6467906677813,-6.9131717072790
-50.6332906677813,-6.9365543822790
-50.6197906677813,-6.9599370572790
-50.6062906677813,-6.9833197322790
-50.5927906677813,-7.0067024072790
-50.5522906677813,-7.0300850822790
-50.5252906677813,-7.0300850822790
-50.4982906677813,-7.0300850822790
-50.4712906677813,-7.0300850822790
-50.4442906677813,-7.0300850822790
-50.4172906677813,-7.0300850822790
-50.3902906677813,-7.0300850822790
-50.3632906677812,-7.0300850822790
-50.3362906677812,-7.0300850822790
-50.3092906677812,-7.0300850822790
-50.2687906677812,-7.0067024072790
-50.2552906677812,-6.9833197322790
-50.2417906677812,-6.9599370572790
-50.2282906677812,-6.9365543822790
-50.2147906677812,-6.9131717072790
-50.2012906677812,-6.8897890322790
-50.1877906677812,-6.8664063572790
-50.1742906677812,-6.8430236822790
-50.1607906677812,-6.8196410072790
-50.1472906677812,-6.7962583322790
-50.1067906677812,-6.7728756572790
-50.7547906677813,-6.7728756572790
-50.5927906677813,-7.0534677572790
-50.2687906677812,-7.0534677572790
-50.1202906677812,-6.7494929822790
-50.1337906677812,-6.7261103072790
-50.1472906677812,-6.7027276322790
-50.1607906677812,-6.6793449572790
-50.1742906677812,-6.6559622822790
-50.1877906677812,-6.6325796072790
-50.2012906677812,-6.6091969322790
-50.2147906677812,-6.5858142572790
-50.3767906677813,-6.4922835572790
-50.4037906677813,-6.4922835572790
-50.6197906677813,-6.5390489072790
-50.6332906677813,-6.5624315822790
-50.6467906677813,-6.5858142572790
-50.6602906677813,-6.6091969322790
-50.6737906677813,-6.6325796072790
-50.6872906677813,-6.6559622822790
-50.7007906677813,-6.6793449572790
-50.7142906677813,-6.7027276322790
-50.7277906677813,-6.7261103072790
-50.7412906677813,-6.7494929822790
-50.7412906677813,-6.7962583322790
-50.7277906677813,-6.8196410072790
-50.7142906677813,-6.8430236822790
-50.7007906677813,-6.8664063572790
-50.6872906677813,-6.8897890322790
-50.6737906677813,-6.9131717072790
-50.6602906677813,-6.9365543822790
-50.6467906677813,-6.9599370572790
-50.6332906677813,-6.9833197322790
-50.6197906677813,-7.0067024072790
-50.6062906677813,-7.0300850822790
-50.5657906677813,-7.0534677572790
-50.5387906677813,-7.0534677572790
-50.5117906677813,-7.0534677572790
-50.4847906677813,-7.0534677572790
-50.4577906677813,-7.0534677572790
-50.4307906677813,-7.0534677572790
-50.4037906677813,-7.0534677572790
-50.3767906677813,-7.0534677572790
-50.3497906677812,-7.0534677572790
-50.3227906677812,-7.0534677572790
-50.2957906677812,-7.0534677572790
-50.2552906677812,-7.0300850822790
-50.2417906677812,-7.0067024072790
-50.2282906677812,-6.9833197322790
-50.2147906677812,-6.9599370572790
-50.2012906677812,-6.9365543822790
-50.1877906677812,-6.9131717072790
-50.1742906677812,-6.8897890322790
-50.1607906677812,-6.8664063572790
-50.1472906677812,-6.8430236822790
-50.1337906677812,-6.8196410072790
-50.1202906677812,-6.7962583322790
-50.0797906677812,-6.7728756572790
-50.7817906677813,-6.7728756572790
-50.2552906677812,-7.0768504322790
-50.0932906677812,-6.7494929822790
-50.1067906677812,-6.7261103072790
-50.1202906677812,-6.7027276322790
-50.1337906677812,-6.6793449572790
-50.1472906677812,-6.6559622822790
-50.1607906677812,-6.6325796072790
-50.1742906677812,-6.6091969322790
-50.1877906677812,-6.5858142572790
-50.6602906677813,-6.5624315822790
-50.6737906677813,-6.5858142572790
-50.6872906677813,-6.6091969322790
-50.7007906677813,-6.6325796072790
-50.7142906677813,-6.6559622822790
-50.7277906677813,-6.6793449572790
-50.7412906677813,-6.7027276322790
-50.7547906677813,-6.7261103072790
-50.7682906677813,-6.7494929822790
-50.7682906677813,-6.7962583322790
-50.7547906677813,-6.8196410072790
-50.7412906677813,-6.8430236822790
-50.7277906677813,-6.8664063572790
-50.7142906677813,-6.8897890322790
-50.7007906677813,-6.9131717072790
-50.6872906677813,-6.9365543822790
-50.6737906677813,-6.9599370572790
-50.6602906677813,-6.9833197322790
-50.6467906677813,-7.0067024072790
-50.6332906677813,-7.0300850822790
-50.6197906677813,-7.0534677572790
-50.5792906677813,-7.0768504322790
-50.5522906677813,-7.0768504322790
-50.5252906677813,-7.0768504322790
-50.4982906677813,-7.0768504322790
-50.4712906677813,-7.0768504322790
-50.4442906677813,-7.0768504322790
-50.4172906677813,-7.0768504322790
-50.3902906677813,-7.0768504322790
-50.3632906677812,-7.0768504322790
-50.3362906677812,-7.0768504322790
-50.3092906677812,-7.0768504322790
-50.2822906677812,-7.0768504322790
-50.2417906677812,-7.0534677572790
-50.2282906677812,-7.0300850822790
-50.2147906677812,-7.0067024072790
-50.2012906677812,-6.9833197322790
-50.1877906677812,-6.9599370572790
-50.1742906677812,-6.9365543822790
-50.1607906677812,-6.9131717072790
-50.1472906677812,-6.8897890322790
-50.1337906677812,-6.8664063572790
-50.1202906677812,-6.8430236822790
-50.1067906677812,-6.8196410072790
-50.0932906677812,-6.7962583322790
-50.0527906677812,-6.7728756572790
-50.8087906677813,-6.7728756572790
-50.2417906677812,-7.1002331072790
-50.0662906677812,-6.7494929822790
-50.0797906677812,-6.7261103072790
-50.0932906677812,-6.7027276322790
-50.1067906677812,-6.6793449572790
-50.1202906677812,-6.6559622822790
-50.1337906677812,-6.6325796072790
-50.1472906677812,-6.6091969322790
-50.1607906677812,-6.5858142572790
-50.6872906677813,-6.5624315822790
-50.7007906677813,-6.5858142572790
-50.7142906677813,-6.6091969322790
-50.7277906677813,-6.6325796072790
-50.7412906677813,-6.6559622822790
-50.7547906677813,-6.6793449572790
-50.7682906677813,-6.7027276322790
-50.7817906677813,-6.7261103072790
-50.7952906677813,-6.7494929822790
-50.7952906677813,-6.7962583322790
-50.7817906677813,-6.8196410072790
-50.7682906677813,-6.8430236822790
-50.7547906677813,-6.8664063572790
-50.7412906677813,-6.8897890322790
-50.7277906677813,-6.9131717072790
-50.7142906677813,-6.9365543822790
-50.7007906677813,-6.9599370572790
-50.6872906677813,-6.9833197322790
-50.6737906677813,-7.0067024072790
-50.6602906677813,-7.0300850822790
-50.6467906677813,-7.0534677572790
-50.5117906677813,-7.1002331072790
-50.4847906677813,-7.1002331072790
-50.4577906677813,-7.1002331072790
-50.4307906677813,-7.1002331072790
-50.4037906677813,-7.1002331072790
-50.3767906677813,-7.1002331072790
-50.3497906677812,-7.1002331072790
-50.3227906677812,-7.1002331072790
-50.2957906677812,-7.1002331072790
-50.2687906677812,-7.1002331072790
-50.2282906677812,-7.0768504322790
-50.2147906677812,-7.0534677572790
-50.2012906677812,-7.0300850822790
-50.1877906677812,-7.0067024072790
-50.1742906677812,-6.9833197322790
-50.1607906677812,-6.9599370572790
-50.1472906677812,-6.9365543822790
-50.1337906677812,-6.9131717072790
-50.1202906677812,-6.8897890322790
-50.1067906677812,-6.8664063572790
-50.0932906677812,-6.8430236822790
-50.0797906677812,-6.8196410072790
-50.0662906677812,-6.7962583322790
-50.0257906677812,-6.7728756572790
-50.8357906677813,-6.7728756572790
-50.2282906677812,-7.1236157822790
-50.0392906677812,-6.7494929822790
-50.0527906677812,-6.7261103072790
-50.0662906677812,-6.7027276322790
-50.0797906677812,-6.6793449572790
-50.0932906677812,-6.6559622822790
-50.1067906677812,-6.6325796072790
-50.1202906677812,-6.6091969322790
-50.1337906677812,-6.5858142572790
-50.7142906677813,-6.5624315822790
-50.7277906677813,-6.5858142572790
-50.7412906677813,-6.6091969322790
-50.7547906677813,-6.6325796072790
-50.7682906677813,-6.6559622822790
-50.7817906677813,-6.6793449572790
-50.7952906677813,-6.7027276322790
-50.8087906677813,-6.7261103072790
-50.8222906677813,-6.7494929822790
-50.8222906677813,-6.7962583322790
-50.8087906677813,-6.8196410072790
-50.7412906677813,-6.9365543822790
-50.7277906677813,-6.9599370572790
-50.7142906677813,-6.9833197322790
-50.7007906677813,-7.0067024072790
-50.5252906677813,-7.1236157822790
-50.4982906677813,-7.1236157822790
-50.4712906677813,-7.1236157822790
-50.4442906677813,-7.1236157822790
-50.4172906677813,-7.1236157822790
-50.3902906677813,-7.1236157822790
-50.3632906677812,-7.1236157822790
-50.3362906677812,-7.1236157822790
-50.3092906677812,-7.1236157822790
-50.2822906677812,-7.1236157822790
-50.2552906677812,-7.1236157822790
-50.2147906677812,-7.1002331072790
-50.2012906677812,-7.0768504322790
-50.1877906677812,-7.0534677572790
-50.1742906677812,-7.0300850822790
-50.1607906677812,-7.0067024072790
-50.1472906677812,-6.9833197322790
-50.1337906677812,-6.9599370572790
-50.1202906677812,-6.9365543822790
-50.1067906677812,-6.9131717072790
-50.0932906677812,-6.8897890322790
-50.0797906677812,-6.8664063572790
-50.0662906677812,-6.8430236822790
-50.0527906677812,-6.8196410072790
-50.0392906677812,-6.7962583322790
-49.9987906677812,-6.7728756572790
-50.0122906677812,-6.7494929822790
-50.0257906677812,-6.7261103072790
-50.0392906677812,-6.7027276322790
-50.0527906677812,-6.6793449572790
-50.0662906677812,-6.6559622822790
-50.0797906677812,-6.6325796072790
-50.0932906677812,-6.6091969322790
-50.1067906677812,-6.5858142572790
-50.7277906677813,-6.5390489072790
-50.7412906677813,-6.5624315822790
-50.7547906677813,-6.5858142572790
-50.7682906677813,-6.6091969322790
-50.7817906677813,-6.6325796072790
-50.7952906677813,-6.6559622822790
-50.8087906677813,-6.6793449572790
-50.8222906677813,-6.7027276322790
-50.8357906677813,-6.7261103072790
-50.8492906677813,-6.7494929822790
-50.7547906677813,-6.9599370572790
-50.7412906677813,-6.9833197322790
-50.7277906677813,-7.0067024072790
-50.5117906677813,-7.1469984572790
-50.4847906677813,-7.1469984572790
-50.4577906677813,-7.1469984572790
-50.4307906677813,-7.1469984572790
-50.4037906677813,-7.1469984572790
-50.3767906677813,-7.1469984572790
-50.3497906677812,-7.1469984572790
-50.3227906677812,-7.1469984572790
-50.2957906677812,-7.1469984572790
-50.2687906677812,-7.1469984572790
-50.1742906677812,-7.0768504322790
-50.1607906677812,-7.0534677572790
-50.1472906677812,-7.0300850822790
-50.1337906677812,-7.0067024072790
-50.1202906677812,-6.9833197322790
-50.1067906677812,-6.9599370572790
-50.0932906677812,-6.9365543822790
-50.0797906677812,-6.9131717072790
-50.0662906677812,-6.8897890322790
-50.0527906677812,-6.8664063572790
-50.0392906677812,-6.8430236822790
-50.0257906677812,-6.8196410072790
-50.0122906677812,-6.7962583322790
-49.9717906677812,-6.7728756572790
-49.9852906677812,-6.7494929822790
-49.9987906677812,-6.7261103072790
-50.0122906677812,-6.7027276322790
-50.0257906677812,-6.6793449572790
-50.0392906677812,-6.6559622822790
-50.0527906677812,-6.6325796072790
-50.0662906677812,-6.6091969322790
-50.0797906677812,-6.5858142572790
-50.0932906677812,-6.5624315822790
-50.7412906677813,-6.5156662322790
-50.7547906677813,-6.5390489072790
-50.7682906677813,-6.5624315822790
-50.7817906677813,-6.5858142572790
-50.7952906677813,-6.6091969322790
-50.8087906677813,-6.6325796072790
-50.8222906677813,-6.6559622822790
-50.8357906677813,-6.6793449572790
-50.8492906677813,-6.7027276322790
-50.8627906677813,-6.7261103072790
-50.8762906677813,-6.7494929822790
-50.4982906677813,-7.1703811322790
-50.4712906677813,-7.1703811322790
-50.4442906677813,-7.1703811322790
-50.4172906677813,-7.1703811322790
-50.3902906677813,-7.1703811322790
-50.3632906677812,-7.1703811322790
-50.3362906677812,-7.1703811322790
-50.3092906677812,-7.1703811322790
-50.2822906677812,-7.1703811322790
-50.1202906677812,-7.0300850822790
-50.1067906677812,-7.0067024072790
-50.0932906677812,-6.9833197322790
-50.0797906677812,-6.9599370572790
-50.0662906677812,-6.9365543822790
-50.0527906677812,-6.9131717072790
-50.0392906677812,-6.8897890322790
-50.0257906677812,-6.8664063572790
-50.0122906677812,-6.8430236822790
-49.9987906677812,-6.8196410072790
-49.9852906677812,-6.7962583322790
-49.9447906677812,-6.7728756572790
-49.9582906677812,-6.7494929822790
-49.9717906677812,-6.7261103072790
-49.9852906677812,-6.7027276322790
-49.9987906677812,-6.6793449572790
-50.0122906677812,-6.6559622822790
-50.0257906677812,-6.6325796072790
-50.0392906677812,-6.6091969322790
-50.0527906677812,-6.5858142572790
-50.0662906677812,-6.5624315822790
-50.7682906677813,-6.5156662322790
-50.7817906677813,-6.5390489072790
-50.7952906677813,-6.5624315822790
-50.8087906677813,-6.5858142572790
-50.8222906677813,-6.6091969322790
-50.8357906677813,-6.6325796072790
-50.8492906677813,-6.6559622822790
-50.8627906677813,-6.6793449572790
-50.8762906677813,-6.7027276322790
-50.8897906677813,-6.7261103072790
-50.4847906677813,-7.1937638072790
-50.4577906677813,-7.1937638072790
-50.4307906677813,-7.1937638072790
-50.4037906677813,-7.1937638072790
-50.3767906677813,-7.1937638072790
-50.3497906677812,-7.1937638072790
-50.3227906677812,-7.1937638072790
-50.0797906677812,-7.0067024072790
-50.0662906677812,-6.9833197322790
-50.0527906677812,-6.9599370572790
-50.0392906677812,-6.9365543822790
-50.0257906677812,-6.9131717072790
-50.0122906677812,-6.8897890322790
-49.9987906677812,-6.8664063572790
-49.9852906677812,-6.8430236822790
-49.9717906677812,-6.8196410072790
-49.9582906677812,-6.7962583322790
-49.9177906677812,-6.7728756572790
-49.9312906677812,-6.7494929822790
-49.9447906677812,-6.7261103072790
-49.9582906677812,-6.7027276322790
-49.9717906677812,-6.6793449572790
-49.9852906677812,-6.6559622822790
-49.9987906677812,-6.6325796072790
-50.0122906677812,-6.6091969322790
-50.0257906677812,-6.5858142572790
-50.0392906677812,-6.5624315822790
-50.7682906677813,-6.4689008822790
-50.7817906677813,-6.4922835572790
-50.7952906677813,-6.5156662322790
-50.8087906677813,-6.5390489072790
-50.8222906677813,-6.5624315822790
-50.8357906677813,-6.5858142572790
-50.8492906677813,-6.6091969322790
-50.8627906677813,-6.6325796072790
-50.8762906677813,-6.6559622822790
-50.8897906677813,-6.6793449572790
-50.9032906677813,-6.7027276322790
-50.4442906677813,-7.2171464822790
-50.4172906677813,-7.2171464822790
-50.3902906677813,-7.2171464822790
-50.3632906677812,-7.2171464822790
-50.3362906677812,-7.2171464822790
-50.0257906677812,-6.9599370572790
-50.0122906677812,-6.9365543822790
-49.9987906677812,-6.9131717072790
-49.9852906677812,-6.8897890322790
-49.9717906677812,-6.8664063572790
-49.9582906677812,-6.8430236822790
-49.9447906677812,-6.8196410072790
-49.9312906677812,-6.7962583322790
-49.8907906677812,-6.7728756572790
-49.9042906677812,-6.7494929822790
-49.9177906677812,-6.7261103072790
-49.9312906677812,-6.7027276322790
-49.9447906677812,-6.6793449572790
-49.9582906677812,-6.6559622822790
-49.9717906677812,-6.6325796072790
-49.9852906677812,-6.6091969322790
-49.9987906677812,-6.5858142572790
-50.0122906677812,-6.5624315822790
-50.7817906677813,-6.4455182072790
-50.7952906677813,-6.4689008822790
-50.8087906677813,-6.4922835572790
-50.8222906677813,-6.5156662322790
-50.8357906677813,-6.5390489072790
-50.8492906677813,-6.5624315822790
-50.8627906677813,-6.5858142572790
-50.8762906677813,-6.6091969322790
-50.8897906677813,-6.6325796072790
-50.9032906677813,-6.6559622822790
-50.9167906677813,-6.6793449572790
-50.3767906677813,-7.2405291572790
-49.9717906677812,-6.9131717072790
-49.9582906677812,-6.8897890322790
-49.9447906677812,-6.8664063572790
-49.9312906677812,-6.8430236822790
-49.9177906677812,-6.8196410072790
-49.9042906677812,-6.7962583322790
-49.8637906677812,-6.7728756572790
-49.8772906677812,-6.7494929822790
-49.8907906677812,-6.7261103072790
-49.9042906677812,-6.7027276322790
-49.9177906677812,-6.6793449572790
-49.9312906677812,-6.6559622822790
-49.9447906677812,-6.6325796072790
-49.9582906677812,-6.6091969322790
-49.9717906677812,-6.5858142572790
-50.7952906677813,-6.4221355322790
-50.8087906677813,-6.4455182072790
-50.8222906677813,-6.4689008822790
-50.8357906677813,-6.4922835572790
-50.8492906677813,-6.5156662322790
-50.8627906677813,-6.5390489072790
-50.8762906677813,-6.5624315822790
-50.8897906677813,-6.5858142572790
-50.9032906677813,-6.6091969322790
-50.9167906677813,-6.6325796072790
-50.9302906677813,-6.6559622822790
-50.9437906677813,-6.6793449572790
-49.9177906677812,-6.8664063572790
-49.9042906677812,-6.8430236822790
-49.8907906677812,-6.8196410072790
-49.8772906677812,-6.7962583322790
-49.8367906677812,-6.7728756572790
-49.8502906677812,-6.7494929822790
-49.8637906677812,-6.7261103072790
-49.8772906677812,-6.7027276322790
-49.8907906677812,-6.6793449572790
-49.9042906677812,-6.6559622822790
-49.9177906677812,-6.6325796072790
-49.9312906677812,-6.6091969322790
-50.8222906677813,-6.4221355322790
-50.8357906677813,-6.4455182072790
-50.8492906677813,-6.4689008822790
-50.8627906677813,-6.4922835572790
-50.8762906677813,-6.5156662322790
-50.8897906677813,-6.5390489072790
-50.9032906677813,-6.5624315822790
-50.9167906677813,-6.5858142572790
-50.9302906677813,-6.6091969322790
-50.9437906677813,-6.6325796072790
-50.9572906677813,-6.6559622822790
-49.8637906677812,-6.8196410072790
-49.8502906677812,-6.7962583322790
-49.8097906677812,-6.7728756572790
-49.8232906677812,-6.7494929822790
-49.8367906677812,-6.7261103072790
-49.8502906677812,-6.7027276322790
-49.8637906677812,-6.6793449572790
-49.8772906677812,-6.6559622822790
-49.8907906677812,-6.6325796072790
-50.8357906677813,-6.3987528572790
-50.8492906677813,-6.4221355322790
-50.8627906677813,-6.4455182072790
-50.8762906677813,-6.4689008822790
-50.8897906677813,-6.4922835572790
-50.9032906677813,-6.5156662322790
-50.9167906677813,-6.5390489072790
-50.9302906677813,-6.5624315822790
-50.9437906677813,-6.5858142572790
-50.9572906677813,-6.6091969322790
-50.9707906677813,-6.6325796072790
-50.9842906677813,-6.6559622822790
-49.7962906677812,-6.7494929822790
-49.8097906677812,-6.7261103072790
-49.8232906677812,-6.7027276322790
-49.8367906677812,-6.6793449572790
-49.8502906677812,-6.6559622822790
-50.8087906677813,-6.3052221572790
-50.8357906677813,-6.3519875072790
-50.8492906677813,-6.3753701822790
-50.8627906677813,-6.3987528572790
-50.8762906677813,-6.4221355322790
-50.8897906677813,-6.4455182072790
-50.9032906677813,-6.4689008822790
-50.9167906677813,-6.4922835572790
-50.9302906677813,-6.5156662322790
-50.9437906677813,-6.5390489072790
-50.9572906677813,-6.5624315822790
-50.9707906677813,-6.5858142572790
-50.9842906677813,-6.6091969322790
-50.9977906677813,-6.6325796072790
-49.7827906677812,-6.7261103072790
-49.7962906677812,-6.7027276322790
-49.8097906677812,-6.6793449572790
-50.8222906677813,-6.2818394822790
-50.8357906677813,-6.3052221572790
-50.8492906677813,-6.3286048322790
-50.8627906677813,-6.3519875072790
-50.8762906677813,-6.3753701822790
-50.8897906677813,-6.3987528572790
-50.9032906677813,-6.4221355322790
-50.9167906677813,-6.4455182072790
-50.9302906677813,-6.4689008822790
-50.9437906677813,-6.4922835572790
-50.9572906677813,-6.5156662322790
-50.9707906677813,-6.5390489072790
-50.9842906677813,-6.5624315822790
-50.9977906677813,-6.5858142572790
-51.0112906677813,-6.6091969322790
-49.7557906677812,-6.7261103072790
-49.7692906677812,-6.7027276322790
-49.7827906677812,-6.6793449572790
-49.7962906677812,-6.6559622822790
-50.8627906677813,-6.3052221572790
-50.8762906677813,-6.3286048322790
-50.8897906677813,-6.3519875072790
-50.9032906677813,-6.3753701822790
-50.9167906677813,-6.3987528572790
-50.9302906677813,-6.4221355322790
-50.9437906677813,-6.4455182072790
-50.9572906677813,-6.4689008822790
-50.9707906677813,-6.4922835572790
-50.9842906677813,-6.5156662322790
-50.9977906677813,-6.5390489072790
-51.0112906677813,-6.5624315822790
-49.7557906677812,-6.6793449572790
-50.8897906677813,-6.3052221572790
-50.9032906677813,-6.3286048322790
-50.9167906677813,-6.3519875072790
-50.9302906677813,-6.3753701822790
-50.9572906677813,-6.4221355322790
-50.9707906677813,-6.4455182072790
-50.9842906677813,-6.4689008822790
-50.9977906677813,-6.4922835572790
-51.0112906677813,-6.5156662322790
-51.0247906677813,-6.5390489072790
-51.0382906677813,-6.5624315822790
-50.9302906677813,-6.3286048322790
-50.9977906677813,-6.4455182072790
-51.0112906677813,-6.4689008822790
-51.0247906677813,-6.4922835572790
-51.0382906677813,-6.5156662322790
-51.0517906677813,-6.5390489072790
-51.0382906677813,-6.4689008822790
