-47.2335357567173,-2.0419896063511
-47.2065357567173,-2.0419896063511
-47.2200357567173,-2.0186069313511
-47.2470357567173,-2.0186069313511
-47.2605357567173,-2.0419896063511
-47.2470357567173,-2.0653722813511
-47.2200357567173,-2.0653722813511
-47.1795357567173,-2.0419896063511
-47.2065357567173,-1.9952242563511
-47.2605357567173,-1.9952242563511
-47.2875357567173,-2.0419896063511
-47.2605357567173,-2.0887549563511
-47.2065357567173,-2.0887549563511
-47.1930357567173,-2.0186069313511
-47.2335357567173,-1.9952242563511
-47.2740357567173,-2.0186069313511
-47.2740357567173,-2.0653722813511
-47.2335357567173,-2.0887549563511
-47.1930357567173,-2.0653722813511
-47.1930357567173,-1.9718415813511
-47.3145357567173,-2.0419896063511
-47.2740357567173,-2.1121376313511
-47.1930357567173,-2.1121376313511
-47.1660357567173,-2.0186069313511
-47.1795357567173,-1.9952242563511
-47.2200357567173,-1.9718415813511
-47.3010357567173,-2.0653722813511
-47.2875357567173,-2.0887549563511
-47.2470357567173,-2.1121376313511
-47.2200357567173,-2.1121376313511
-47.1795357567173,-2.0887549563511
-47.1795357567173,-1.9484589063511
-47.2875357567173,-2.1355203063511
-47.1525357567173,-1.9952242563511
-47.1660357567173,-1.9718415813511
-47.2065357567173,-1.9484589063511
-47.3280357567173,-2.0653722813511
-47.3145357567173,-2.0887549563511
-47.3010357567173,-2.1121376313511
-47.2605357567173,-2.1355203063511
-47.2335357567173,-2.1355203063511
-47.2065357567173,-2.1355203063511
-47.1660357567173,-1.9250762313511
-47.3010357567173,-2.1589029813511
-47.1930357567173,-1.9250762313511
-47.2200357567173,-1.9250762313511
-47.3415357567173,-2.0887549563511
-47.3280357567173,-2.1121376313511
-47.3145357567173,-2.1355203063511
-47.2740357567173,-2.1589029813511
-47.2470357567173,-2.1589029813511
-47.2200357567173,-2.1589029813511
-47.1930357567173,-2.1589029813511
-47.1525357567173,-1.9016935563511
-47.3145357567173,-2.1822856563511
-47.1795357567173,-1.9016935563511
-47.2065357567173,-1.9016935563511
-47.3685357567173,-2.0887549563511
-47.3550357567173,-2.1121376313511
-47.3415357567173,-2.1355203063511
-47.3280357567173,-2.1589029813511
-47.2875357567173,-2.1822856563511
-47.2605357567173,-2.1822856563511
-47.2335357567173,-2.1822856563511
-47.2065357567173,-2.1822856563511
-47.1390357567173,-1.8783108813511
-47.3280357567173,-2.2056683313511
-47.1660357567173,-1.8783108813511
-47.1930357567173,-1.8783108813511
-47.2200357567173,-1.8783108813511
-47.3955357567173,-2.0887549563511
-47.3820357567173,-2.1121376313511
-47.3685357567173,-2.1355203063511
-47.3550357567173,-2.1589029813511
-47.3415357567173,-2.1822856563511
-47.3010357567173,-2.2056683313511
-47.2740357567173,-2.2056683313511
-47.2470357567173,-2.2056683313511
-47.1255357567173,-1.8549282063511
-47.3415357567173,-2.2290510063511
-47.1120357567173,-1.8783108813511
-47.1525357567173,-1.8549282063511
-47.1795357567173,-1.8549282063511
-47.4225357567173,-2.0887549563511
-47.4090357567173,-2.1121376313511
-47.3955357567173,-2.1355203063511
-47.3820357567173,-2.1589029813511
-47.3685357567173,-2.1822856563511
-47.3550357567173,-2.2056683313511
-47.3145357567173,-2.2290510063511
-47.2875357567173,-2.2290510063511
-47.2605357567173,-2.2290510063511
-47.1120357567173,-1.8315455313511
-47.3550357567173,-2.2524336813511
-47.0850357567173,-1.8783108813511
-47.0985357567173,-1.8549282063511
-47.1390357567173,-1.8315455313511
-47.1660357567173,-1.8315455313511
-47.1930357567173,-1.8315455313511
-47.4495357567173,-2.0887549563511
-47.4360357567173,-2.1121376313511
-47.4225357567173,-2.1355203063511
-47.4090357567173,-2.1589029813511
-47.3955357567173,-2.1822856563511
-47.3820357567173,-2.2056683313511
-47.3685357567173,-2.2290510063511
-47.3280357567173,-2.2524336813511
-47.3010357567173,-2.2524336813511
-47.2740357567173,-2.2524336813511
-47.2470357567173,-2.2524336813511
-47.0985357567173,-1.8081628563511
-47.3685357567173,-2.2758163563511
-47.0715357567173,-1.8549282063511
-47.0850357567173,-1.8315455313511
-47.1255357567173,-1.8081628563511
-47.1525357567173,-1.8081628563511
-47.1795357567173,-1.8081628563511
-47.4630357567173,-2.1121376313511
-47.4495357567173,-2.1355203063511
-47.4360357567173,-2.1589029813511
-47.4225357567173,-2.1822856563511
-47.4090357567173,-2.2056683313511
-47.3955357567173,-2.2290510063511
-47.3820357567173,-2.2524336813511
-47.3415357567173,-2.2758163563511
-47.3145357567173,-2.2758163563511
-47.2875357567173,-2.2758163563511
-47.2605357567173,-2.2758163563511
-47.0850357567173,-1.7847801813511
-47.3820357567173,-2.2991990313511
-47.0580357567173,-1.8315455313511
-47.0715357567173,-1.8081628563511
-47.1120357567173,-1.7847801813511
-47.1390357567173,-1.7847801813511
-47.1660357567173,-1.7847801813511
-47.1930357567173,-1.7847801813511
-47.2200357567173,-1.7847801813511
-47.2470357567173,-1.7847801813511
-47.4900357567173,-2.1121376313511
-47.4765357567173,-2.1355203063511
-47.4630357567173,-2.1589029813511
-47.4495357567173,-2.1822856563511
-47.4360357567173,-2.2056683313511
-47.4225357567173,-2.2290510063511
-47.4090357567173,-2.2524336813511
-47.3955357567173,-2.2758163563511
-47.3550357567173,-2.2991990313511
-47.3280357567173,-2.2991990313511
-47.3010357567173,-2.2991990313511
-47.2740357567173,-2.2991990313511
-47.2470357567173,-2.2991990313511
-47.0715357567173,-1.7613975063511
-47.3955357567173,-2.3225817063511
-47.0175357567173,-1.8549282063511
-47.0310357567173,-1.8315455313511
-47.0445357567173,-1.8081628563511
-47.0580357567173,-1.7847801813511
-47.0985357567173,-1.7613975063511
-47.1255357567173,-1.7613975063511
-47.1525357567173,-1.7613975063511
-47.1795357567173,-1.7613975063511
-47.2065357567173,-1.7613975063511
-47.2335357567173,-1.7613975063511
-47.2605357567173,-1.7613975063511
-47.5035357567173,-2.1355203063511
-47.4900357567173,-2.1589029813511
-47.4765357567173,-2.1822856563511
-47.4630357567173,-2.2056683313511
-47.4225357567173,-2.2758163563511
-47.4090357567173,-2.2991990313511
-47.3685357567173,-2.3225817063511
-47.3415357567173,-2.3225817063511
-47.3145357567173,-2.3225817063511
-47.2875357567173,-2.3225817063511
-47.2605357567173,-2.3225817063511
-47.2335357567173,-2.3225817063511
-47.0580357567173,-1.7380148313511
-47.4090357567173,-2.3459643813511
-46.9905357567173,-1.8549282063511
-47.0040357567173,-1.8315455313511
-47.0175357567173,-1.8081628563511
-47.0310357567173,-1.7847801813511
-47.0445357567173,-1.7613975063511
-47.0850357567173,-1.7380148313511
-47.1120357567173,-1.7380148313511
-47.1390357567173,-1.7380148313511
-47.1660357567173,-1.7380148313511
-47.1930357567173,-1.7380148313511
-47.2200357567173,-1.7380148313511
-47.2470357567173,-1.7380148313511
-47.2740357567173,-1.7380148313511
-47.5035357567173,-2.1822856563511
-47.4900357567173,-2.2056683313511
-47.4225357567173,-2.3225817063511
-47.3820357567173,-2.3459643813511
-47.3550357567173,-2.3459643813511
-47.3280357567173,-2.3459643813511
-47.3010357567173,-2.3459643813511
-47.2740357567173,-2.3459643813511
-47.2470357567173,-2.3459643813511
-47.2200357567173,-2.3459643813511
-47.0445357567173,-1.7146321563511
-47.4225357567173,-2.3693470563511
-46.9905357567173,-1.8081628563511
-47.0040357567173,-1.7847801813511
-47.0175357567173,-1.7613975063511
-47.0310357567173,-1.7380148313511
-47.0715357567173,-1.7146321563511
-47.0985357567173,-1.7146321563511
-47.1255357567173,-1.7146321563511
-47.1525357567173,-1.7146321563511
-47.1795357567173,-1.7146321563511
-47.2065357567173,-1.7146321563511
-47.2335357567173,-1.7146321563511
-47.2605357567173,-1.7146321563511
-47.2875357567173,-1.7146321563511
-47.4360357567173,-2.3459643813511
-47.3955357567173,-2.3693470563511
-47.3685357567173,-2.3693470563511
-47.3415357567173,-2.3693470563511
-47.3145357567173,-2.3693470563511
-47.2875357567173,-2.3693470563511
-47.2605357567173,-2.3693470563511
-47.2335357567173,-2.3693470563511
-47.2065357567173,-2.3693470563511
-47.0310357567173,-1.6912494813511
-47.4360357567173,-2.3927297313511
-46.9770357567173,-1.7847801813511
-46.9905357567173,-1.7613975063511
-47.0040357567173,-1.7380148313511
-47.0175357567173,-1.7146321563511
-47.0580357567173,-1.6912494813511
-47.0850357567173,-1.6912494813511
-47.1120357567173,-1.6912494813511
-47.1390357567173,-1.6912494813511
-47.1660357567173,-1.6912494813511
-47.1930357567173,-1.6912494813511
-47.2200357567173,-1.6912494813511
-47.2470357567173,-1.6912494813511
-47.2740357567173,-1.6912494813511
-47.3010357567173,-1.6912494813511
-47.4090357567173,-2.3927297313511
-47.3820357567173,-2.3927297313511
-47.3550357567173,-2.3927297313511
-47.3280357567173,-2.3927297313511
-47.3010357567173,-2.3927297313511
-47.2740357567173,-2.3927297313511
-47.2470357567173,-2.3927297313511
-47.2200357567173,-2.3927297313511
-47.0175357567173,-1.6678668063511
-46.9770357567173,-1.7380148313511
-46.9905357567173,-1.7146321563511
-47.0040357567173,-1.6912494813511
-47.0445357567173,-1.6678668063511
-47.0715357567173,-1.6678668063511
-47.0985357567173,-1.6678668063511
-47.1255357567173,-1.6678668063511
-47.1525357567173,-1.6678668063511
-47.1795357567173,-1.6678668063511
-47.2065357567173,-1.6678668063511
-47.2335357567173,-1.6678668063511
-47.2605357567173,-1.6678668063511
-47.2875357567173,-1.6678668063511
-47.3145357567173,-1.6678668063511
-47.4225357567173,-2.4161124063511
-47.3955357567173,-2.4161124063511
-47.3685357567173,-2.4161124063511
-47.3415357567173,-2.4161124063511
-47.3145357567173,-2.4161124063511
-47.2875357567173,-2.4161124063511
-47.2605357567173,-2.4161124063511
-47.2335357567173,-2.4161124063511
-47.0040357567173,-1.6444841313511
-46.9500357567173,-1.7380148313511
-46.9635357567173,-1.7146321563511
-46.9770357567173,-1.6912494813511
-46.9905357567173,-1.6678668063511
-47.0310357567173,-1.6444841313511
-47.0580357567173,-1.6444841313511
-47.0850357567173,-1.6444841313511
-47.1120357567173,-1.6444841313511
-47.1390357567173,-1.6444841313511
-47.1660357567173,-1.6444841313511
-47.1930357567173,-1.6444841313511
-47.2200357567173,-1.6444841313511
-47.2470357567173,-1.6444841313511
-47.2740357567173,-1.6444841313511
-47.3010357567173,-1.6444841313511
-47.4090357567173,-2.4394950813511
-47.3820357567173,-2.4394950813511
-47.3550357567173,-2.4394950813511
-47.3280357567173,-2.4394950813511
-47.3010357567173,-2.4394950813511
-47.2740357567173,-2.4394950813511
-47.2470357567173,-2.4394950813511
-47.2200357567173,-2.4394950813511
-46.9905357567173,-1.6211014563511
-46.9635357567173,-1.6678668063511
-46.9770357567173,-1.6444841313511
-47.0175357567173,-1.6211014563511
-47.0445357567173,-1.6211014563511
-47.0715357567173,-1.6211014563511
-47.0985357567173,-1.6211014563511
-47.1255357567173,-1.6211014563511
-47.1525357567173,-1.6211014563511
-47.1795357567173,-1.6211014563511
-47.2065357567173,-1.6211014563511
-47.2335357567173,-1.6211014563511
-47.2605357567173,-1.6211014563511
-47.2875357567173,-1.6211014563511
-47.3955357567173,-2.4628777563511
-47.3685357567173,-2.4628777563511
-47.3415357567173,-2.4628777563511
-47.3145357567173,-2.4628777563511
-47.2875357567173,-2.4628777563511
-47.2605357567173,-2.4628777563511
-47.2335357567173,-2.4628777563511
-47.2065357567173,-2.4628777563511
-46.9365357567173,-1.6678668063511
-47.0040357567173,-1.5977187813511
-47.0310357567173,-1.5977187813511
-47.0580357567173,-1.5977187813511
-47.0850357567173,-1.5977187813511
-47.1120357567173,-1.5977187813511
-47.1390357567173,-1.5977187813511
-47.1660357567173,-1.5977187813511
-47.1930357567173,-1.5977187813511
-47.2200357567173,-1.5977187813511
-47.2470357567173,-1.5977187813511
-47.2740357567173,-1.5977187813511
-47.3820357567173,-2.4862604313511
-47.3550357567173,-2.4862604313511
-47.3280357567173,-2.4862604313511
-47.3010357567173,-2.4862604313511
-47.2740357567173,-2.4862604313511
-47.2470357567173,-2.4862604313511
-47.2200357567173,-2.4862604313511
-47.1930357567173,-2.4862604313511
-47.0445357567173,-1.5743361063511
-47.0715357567173,-1.5743361063511
-47.0985357567173,-1.5743361063511
-47.1255357567173,-1.5743361063511
-47.1525357567173,-1.5743361063511
-47.3955357567173,-2.5096431063511
-47.3685357567173,-2.5096431063511
-47.3415357567173,-2.5096431063511
-47.3145357567173,-2.5096431063511
-47.2875357567173,-2.5096431063511
-47.2605357567173,-2.5096431063511
-47.2335357567173,-2.5096431063511
-47.2065357567173,-2.5096431063511
-47.1795357567173,-2.5096431063511
-47.0580357567173,-1.5509534313511
-47.3820357567173,-2.5330257813511
-47.3550357567173,-2.5330257813511
-47.3280357567173,-2.5330257813511
-47.3010357567173,-2.5330257813511
-47.2740357567173,-2.5330257813511
-47.2470357567173,-2.5330257813511
-47.2200357567173,-2.5330257813511
-47.1930357567173,-2.5330257813511
-47.3415357567173,-2.5564084563511
-47.3145357567173,-2.5564084563511
-47.2875357567173,-2.5564084563511
-47.2605357567173,-2.5564084563511
-47.2335357567173,-2.5564084563511
-47.2065357567173,-2.5564084563511
-47.2470357567173,-2.5797911313511
-47.2200357567173,-2.5797911313511
