-46.7718717473970,-1.2114816801639
-46.7448717473969,-1.2114816801639
-46.7583717473970,-1.1880990051639
-46.7853717473970,-1.1880990051639
-46.7988717473970,-1.2114816801639
-46.7853717473970,-1.2348643551639
-46.7583717473970,-1.2348643551639
-46.7178717473969,-1.2114816801639
-46.7448717473969,-1.1647163301639
-46.7988717473970,-1.1647163301639
-46.8258717473970,-1.2114816801639
-46.7988717473970,-1.2582470301639
-46.7448717473969,-1.2582470301639
-46.7313717473969,-1.1880990051639
-46.7718717473970,-1.1647163301639
-46.8123717473970,-1.1880990051639
-46.8123717473970,-1.2348643551639
-46.7718717473970,-1.2582470301639
-46.7313717473969,-1.2348643551639
-46.6908717473969,-1.2114816801639
-46.7313717473969,-1.1413336551639
-46.8123717473970,-1.1413336551639
-46.8528717473970,-1.2114816801639
-46.8123717473970,-1.2816297051639
-46.7313717473969,-1.2816297051639
-46.7043717473969,-1.1880990051639
-46.7178717473969,-1.1647163301639
-46.7583717473970,-1.1413336551639
-46.7853717473970,-1.1413336551639
-46.8258717473970,-1.1647163301639
-46.8393717473970,-1.1880990051639
-46.8393717473970,-1.2348643551639
-46.8258717473970,-1.2582470301639
-46.7853717473970,-1.2816297051639
-46.7583717473970,-1.2816297051639
-46.7178717473969,-1.2582470301639
-46.7043717473969,-1.2348643551639
-46.6638717473969,-1.2114816801639
-46.7178717473969,-1.1179509801639
-46.8258717473970,-1.1179509801639
-46.8798717473970,-1.2114816801639
-46.8258717473970,-1.3050123801639
-46.7178717473969,-1.3050123801639
-46.6773717473969,-1.1880990051639
-46.6908717473969,-1.1647163301639
-46.7043717473969,-1.1413336551639
-46.7448717473969,-1.1179509801639
-46.7718717473970,-1.1179509801639
-46.7988717473970,-1.1179509801639
-46.8393717473970,-1.1413336551639
-46.8528717473970,-1.1647163301639
-46.8663717473970,-1.1880990051639
-46.8663717473970,-1.2348643551639
-46.8528717473970,-1.2582470301639
-46.8393717473970,-1.2816297051639
-46.7988717473970,-1.3050123801639
-46.7718717473970,-1.3050123801639
-46.7448717473969,-1.3050123801639
-46.7043717473969,-1.2816297051639
-46.6908717473969,-1.2582470301639
-46.6773717473969,-1.2348643551639
-46.6368717473969,-1.2114816801639
-46.7043717473969,-1.0945683051639
-46.8393717473970,-1.0945683051639
-46.9068717473970,-1.2114816801639
-46.8393717473970,-1.3283950551639
-46.7043717473969,-1.3283950551639
-46.6503717473969,-1.1880990051639
-46.6638717473969,-1.1647163301639
-46.6773717473969,-1.1413336551639
-46.6908717473969,-1.1179509801639
-46.7313717473969,-1.0945683051639
-46.7583717473970,-1.0945683051639
-46.7853717473970,-1.0945683051639
-46.8123717473970,-1.0945683051639
-46.8528717473970,-1.1179509801639
-46.8663717473970,-1.1413336551639
-46.8798717473970,-1.1647163301639
-46.8933717473970,-1.1880990051639
-46.8933717473970,-1.2348643551639
-46.8798717473970,-1.2582470301639
-46.8663717473970,-1.2816297051639
-46.8528717473970,-1.3050123801639
-46.8123717473970,-1.3283950551639
-46.7853717473970,-1.3283950551639
-46.7583717473970,-1.3283950551639
-46.7313717473969,-1.3283950551639
-46.6908717473969,-1.3050123801639
-46.6773717473969,-1.2816297051639
-46.6638717473969,-1.2582470301639
-46.6503717473969,-1.2348643551639
-46.6908717473969,-1.0711856301639
-46.8528717473970,-1.0711856301639
-46.8528717473970,-1.3517777301639
-46.6908717473969,-1.3517777301639
-46.6233717473969,-1.1880990051639
-46.6368717473969,-1.1647163301639
-46.6503717473969,-1.1413336551639
-46.6638717473969,-1.1179509801639
-46.6773717473969,-1.0945683051639
-46.7178717473969,-1.0711856301639
-46.7448717473969,-1.0711856301639
-46.7718717473970,-1.0711856301639
-46.7988717473970,-1.0711856301639
-46.8258717473970,-1.0711856301639
-46.9203717473970,-1.2348643551639
-46.9068717473970,-1.2582470301639
-46.8933717473970,-1.2816297051639
-46.8798717473970,-1.3050123801639
-46.8663717473970,-1.3283950551639
-46.8258717473970,-1.3517777301639
-46.7988717473970,-1.3517777301639
-46.7718717473970,-1.3517777301639
-46.7448717473969,-1.3517777301639
-46.7178717473969,-1.3517777301639
-46.6773717473969,-1.3283950551639
-46.6638717473969,-1.3050123801639
-46.6503717473969,-1.2816297051639
-46.6368717473969,-1.2582470301639
-46.6773717473969,-1.0478029551639
-46.8663717473970,-1.3751604051639
-46.6773717473969,-1.3751604051639
-46.5963717473969,-1.1880990051639
-46.6098717473969,-1.1647163301639
-46.6233717473969,-1.1413336551639
-46.6638717473969,-1.0711856301639
-46.7043717473969,-1.0478029551639
-46.7313717473969,-1.0478029551639
-46.7583717473970,-1.0478029551639
-46.7853717473970,-1.0478029551639
-46.8123717473970,-1.0478029551639
-46.8393717473970,-1.0478029551639
-46.9338717473970,-1.2582470301639
-46.9203717473970,-1.2816297051639
-46.9068717473970,-1.3050123801639
-46.8933717473970,-1.3283950551639
-46.8798717473970,-1.3517777301639
-46.8393717473970,-1.3751604051639
-46.8123717473970,-1.3751604051639
-46.7853717473970,-1.3751604051639
-46.7583717473970,-1.3751604051639
-46.7313717473969,-1.3751604051639
-46.7043717473969,-1.3751604051639
-46.6638717473969,-1.3517777301639
-46.6503717473969,-1.3283950551639
-46.6368717473969,-1.3050123801639
-46.6233717473969,-1.2816297051639
-46.8798717473970,-1.3985430801639
-46.6638717473969,-1.3985430801639
-46.6233717473969,-1.0945683051639
-46.6368717473969,-1.0711856301639
-46.6503717473969,-1.0478029551639
-46.6908717473969,-1.0244202801639
-46.7178717473969,-1.0244202801639
-46.7448717473969,-1.0244202801639
-46.7718717473970,-1.0244202801639
-46.7988717473970,-1.0244202801639
-46.8258717473970,-1.0244202801639
-46.9743717473970,-1.2348643551639
-46.9608717473970,-1.2582470301639
-46.9473717473970,-1.2816297051639
-46.9338717473970,-1.3050123801639
-46.9203717473970,-1.3283950551639
-46.9068717473970,-1.3517777301639
-46.8933717473970,-1.3751604051639
-46.8528717473970,-1.3985430801639
-46.8258717473970,-1.3985430801639
-46.7988717473970,-1.3985430801639
-46.7718717473970,-1.3985430801639
-46.7448717473969,-1.3985430801639
-46.7178717473969,-1.3985430801639
-46.6908717473969,-1.3985430801639
-46.6503717473969,-1.3751604051639
-46.6368717473969,-1.3517777301639
-46.6233717473969,-1.3283950551639
-46.6098717473969,-1.3050123801639
-46.5963717473969,-1.2816297051639
-47.0148717473970,-1.2114816801639
-46.8933717473970,-1.4219257551639
-46.7043717473969,-1.0010376051639
-46.7313717473969,-1.0010376051639
-46.7583717473970,-1.0010376051639
-46.7853717473970,-1.0010376051639
-46.8123717473970,-1.0010376051639
-46.8393717473970,-1.0010376051639
-47.0013717473970,-1.2348643551639
-46.9878717473970,-1.2582470301639
-46.9743717473970,-1.2816297051639
-46.9608717473970,-1.3050123801639
-46.9203717473970,-1.3751604051639
-46.9068717473970,-1.3985430801639
-46.8663717473970,-1.4219257551639
-46.8393717473970,-1.4219257551639
-46.8123717473970,-1.4219257551639
-46.7853717473970,-1.4219257551639
-46.7583717473970,-1.4219257551639
-46.7313717473969,-1.4219257551639
-46.7043717473969,-1.4219257551639
-46.6773717473969,-1.4219257551639
-46.6368717473969,-1.3985430801639
-46.6233717473969,-1.3751604051639
-46.6098717473969,-1.3517777301639
-46.5963717473969,-1.3283950551639
-46.5828717473969,-1.3050123801639
-46.5693717473969,-1.2816297051639
-46.7178717473969,-0.9776549301639
-46.7448717473969,-0.9776549301639
-46.7718717473970,-0.9776549301639
-46.7988717473970,-0.9776549301639
-46.8258717473970,-0.9776549301639
-47.0013717473970,-1.2816297051639
-46.9878717473970,-1.3050123801639
-46.8528717473970,-1.4453084301639
-46.8258717473970,-1.4453084301639
-46.7988717473970,-1.4453084301639
-46.7718717473970,-1.4453084301639
-46.7448717473969,-1.4453084301639
-46.7178717473969,-1.4453084301639
-46.5828717473969,-1.3517777301639
-46.5693717473969,-1.3283950551639
-46.6503717473969,-0.9542722551639
-46.7043717473969,-0.9542722551639
-46.7313717473969,-0.9542722551639
-46.7583717473970,-0.9542722551639
-46.7853717473970,-0.9542722551639
-46.8123717473970,-0.9542722551639
-46.8393717473970,-0.9542722551639
-46.8393717473970,-1.4686911051639
-46.8123717473970,-1.4686911051639
-46.7853717473970,-1.4686911051639
-46.7583717473970,-1.4686911051639
-46.7313717473969,-1.4686911051639
-46.6368717473969,-0.9308895801639
-46.6638717473969,-0.9308895801639
-46.7178717473969,-0.9308895801639
-46.7448717473969,-0.9308895801639
-46.7718717473970,-0.9308895801639
-46.7988717473970,-0.9308895801639
-46.8528717473970,-1.4920737801639
-46.8258717473970,-1.4920737801639
-46.7988717473970,-1.4920737801639
-46.7718717473970,-1.4920737801639
-46.6503717473969,-0.9075069051639
-46.6773717473969,-0.9075069051639
-46.7313717473969,-0.9075069051639
-46.7583717473970,-0.9075069051639
-46.7853717473970,-0.9075069051639
-46.8123717473970,-0.9075069051639
-46.8393717473970,-1.5154564551639
-46.8123717473970,-1.5154564551639
-46.6368717473969,-0.8841242301639
-46.6638717473969,-0.8841242301639
-46.7448717473969,-0.8841242301639
-46.7718717473970,-0.8841242301639
-46.7988717473970,-0.8841242301639
-46.8528717473970,-1.5388391301639
-46.8258717473970,-1.5388391301639
-46.6233717473969,-0.8607415551639
-46.6503717473969,-0.8607415551639
-46.6773717473969,-0.8607415551639
-46.7583717473970,-0.8607415551639
-46.7853717473970,-0.8607415551639
-46.8663717473970,-1.5622218051639
-46.6098717473969,-0.8373588801639
-46.6368717473969,-0.8373588801639
-46.6638717473969,-0.8373588801639
-46.6908717473969,-0.8373588801639
-46.7178717473969,-0.8373588801639
-46.6233717473969,-0.8139762051639
-46.6503717473969,-0.8139762051639
-46.7313717473969,-0.8139762051639
