-48.4603882763660,-4.5159696384142
-48.4333882763660,-4.5159696384142
-48.4468882763660,-4.4925869634142
-48.4738882763660,-4.4925869634142
-48.4873882763660,-4.5159696384142
-48.4738882763660,-4.5393523134142
-48.4468882763660,-4.5393523134142
-48.4063882763660,-4.5159696384142
-48.4333882763660,-4.4692042884142
-48.4873882763660,-4.4692042884142
-48.5143882763660,-4.5159696384142
-48.4873882763660,-4.5627349884142
-48.4333882763660,-4.5627349884142
-48.4198882763660,-4.4925869634142
-48.4603882763660,-4.4692042884142
-48.5008882763660,-4.4925869634142
-48.5008882763660,-4.5393523134142
-48.4603882763660,-4.5627349884142
-48.4198882763660,-4.5393523134142
-48.3793882763660,-4.5159696384142
-48.4198882763660,-4.4458216134142
-48.5008882763660,-4.4458216134142
-48.5413882763660,-4.5159696384142
-48.5008882763660,-4.5861176634142
-48.4198882763660,-4.5861176634142
-48.3928882763660,-4.4925869634142
-48.4063882763660,-4.4692042884142
-48.4468882763660,-4.4458216134142
-48.4738882763660,-4.4458216134142
-48.5143882763660,-4.4692042884142
-48.5278882763660,-4.4925869634142
-48.5278882763660,-4.5393523134142
-48.5143882763660,-4.5627349884142
-48.4738882763660,-4.5861176634142
-48.4468882763660,-4.5861176634142
-48.4063882763660,-4.5627349884142
-48.3928882763660,-4.5393523134142
-48.3523882763660,-4.5159696384142
-48.4063882763660,-4.4224389384142
-48.5143882763660,-4.4224389384142
-48.5683882763660,-4.5159696384142
-48.5143882763660,-4.6095003384142
-48.4063882763660,-4.6095003384142
-48.3658882763660,-4.4925869634142
-48.3793882763660,-4.4692042884142
-48.3928882763660,-4.4458216134142
-48.4333882763660,-4.4224389384142
-48.4603882763660,-4.4224389384142
-48.4873882763660,-4.4224389384142
-48.5278882763660,-4.4458216134142
-48.5413882763660,-4.4692042884142
-48.5548882763660,-4.4925869634142
-48.5548882763660,-4.5393523134142
-48.5413882763660,-4.5627349884142
-48.5278882763660,-4.5861176634142
-48.4873882763660,-4.6095003384142
-48.4603882763660,-4.6095003384142
-48.4333882763660,-4.6095003384142
-48.3928882763660,-4.5861176634142
-48.3793882763660,-4.5627349884142
-48.3658882763660,-4.5393523134142
-48.3253882763660,-4.5159696384142
-48.3928882763660,-4.3990562634142
-48.5278882763660,-4.3990562634142
-48.5953882763660,-4.5159696384142
-48.5278882763660,-4.6328830134142
-48.3928882763660,-4.6328830134142
-48.3388882763660,-4.4925869634142
-48.3523882763660,-4.4692042884142
-48.3658882763660,-4.4458216134142
-48.3793882763660,-4.4224389384142
-48.4198882763660,-4.3990562634142
-48.4468882763660,-4.3990562634142
-48.4738882763660,-4.3990562634142
-48.5008882763660,-4.3990562634142
-48.5413882763660,-4.4224389384142
-48.5548882763660,-4.4458216134142
-48.5683882763660,-4.4692042884142
-48.5818882763660,-4.4925869634142
-48.5818882763660,-4.5393523134142
-48.5683882763660,-4.5627349884142
-48.5548882763660,-4.5861176634142
-48.5413882763660,-4.6095003384142
-48.5008882763660,-4.6328830134142
-48.4738882763660,-4.6328830134142
-48.4468882763660,-4.6328830134142
-48.4198882763660,-4.6328830134142
-48.3793882763660,-4.6095003384142
-48.3658882763660,-4.5861176634142
-48.3523882763660,-4.5627349884142
-48.3388882763660,-4.5393523134142
-48.2983882763660,-4.5159696384142
-48.3793882763660,-4.3756735884142
-48.5413882763660,-4.3756735884142
-48.6223882763660,-4.5159696384142
-48.5413882763660,-4.6562656884142
-48.3793882763660,-4.6562656884142
-48.3118882763660,-4.4925869634142
-48.3253882763660,-4.4692042884142
-48.3388882763660,-4.4458216134142
-48.3523882763660,-4.4224389384142
-48.3658882763660,-4.3990562634142
-48.4063882763660,-4.3756735884142
-48.4333882763660,-4.3756735884142
-48.4603882763660,-4.3756735884142
-48.4873882763660,-4.3756735884142
-48.5143882763660,-4.3756735884142
-48.5548882763660,-4.3990562634142
-48.5683882763660,-4.4224389384142
-48.5818882763660,-4.4458216134142
-48.5953882763660,-4.4692042884142
-48.6088882763660,-4.4925869634142
-48.6088882763660,-4.5393523134142
-48.5953882763660,-4.5627349884142
-48.5818882763660,-4.5861176634142
-48.5683882763660,-4.6095003384142
-48.5548882763660,-4.6328830134142
-48.5143882763660,-4.6562656884142
-48.4873882763660,-4.6562656884142
-48.4603882763660,-4.6562656884142
-48.4333882763660,-4.6562656884142
-48.4063882763660,-4.6562656884142
-48.3658882763660,-4.6328830134142
-48.3523882763660,-4.6095003384142
-48.3388882763660,-4.5861176634142
-48.3253882763660,-4.5627349884142
-48.3118882763660,-4.5393523134142
-48.2713882763660,-4.5159696384142
-48.3658882763660,-4.3522909134142
-48.5548882763660,-4.3522909134142
-48.6493882763660,-4.5159696384142
-48.5548882763660,-4.6796483634142
-48.3658882763660,-4.6796483634142
-48.2848882763660,-4.4925869634142
-48.2983882763660,-4.4692042884142
-48.3118882763660,-4.4458216134142
-48.3253882763660,-4.4224389384142
-48.3388882763660,-4.3990562634142
-48.3523882763660,-4.3756735884142
-48.3928882763660,-4.3522909134142
-48.4198882763660,-4.3522909134142
-48.4468882763660,-4.3522909134142
-48.4738882763660,-4.3522909134142
-48.5008882763660,-4.3522909134142
-48.5278882763660,-4.3522909134142
-48.5683882763660,-4.3756735884142
-48.5818882763660,-4.3990562634142
-48.5953882763660,-4.4224389384142
-48.6088882763660,-4.4458216134142
-48.6223882763660,-4.4692042884142
-48.6358882763660,-4.4925869634142
-48.6358882763660,-4.5393523134142
-48.6223882763660,-4.5627349884142
-48.6088882763660,-4.5861176634142
-48.5953882763660,-4.6095003384142
-48.5818882763660,-4.6328830134142
-48.5683882763660,-4.6562656884142
-48.5278882763660,-4.6796483634142
-48.5008882763660,-4.6796483634142
-48.4738882763660,-4.6796483634142
-48.4468882763660,-4.6796483634142
-48.4198882763660,-4.6796483634142
-48.3928882763660,-4.6796483634142
-48.3523882763660,-4.6562656884142
-48.3388882763660,-4.6328830134142
-48.3253882763660,-4.6095003384142
-48.3118882763660,-4.5861176634142
-48.2983882763660,-4.5627349884142
-48.2848882763660,-4.5393523134142
-48.2443882763660,-4.5159696384142
-48.3523882763660,-4.3289082384142
-48.5683882763660,-4.3289082384142
-48.6763882763660,-4.5159696384142
-48.5683882763660,-4.7030310384142
-48.3523882763660,-4.7030310384142
-48.2578882763660,-4.4925869634142
-48.2713882763660,-4.4692042884142
-48.2848882763660,-4.4458216134142
-48.2983882763660,-4.4224389384142
-48.3118882763660,-4.3990562634142
-48.3253882763660,-4.3756735884142
-48.3388882763660,-4.3522909134142
-48.3793882763660,-4.3289082384142
-48.4063882763660,-4.3289082384142
-48.4333882763660,-4.3289082384142
-48.4603882763660,-4.3289082384142
-48.4873882763660,-4.3289082384142
-48.5143882763660,-4.3289082384142
-48.5413882763660,-4.3289082384142
-48.5818882763660,-4.3522909134142
-48.5953882763660,-4.3756735884142
-48.6088882763660,-4.3990562634142
-48.6223882763660,-4.4224389384142
-48.6358882763660,-4.4458216134142
-48.6493882763660,-4.4692042884142
-48.6628882763660,-4.4925869634142
-48.6628882763660,-4.5393523134142
-48.6493882763660,-4.5627349884142
-48.6358882763660,-4.5861176634142
-48.6223882763660,-4.6095003384142
-48.6088882763660,-4.6328830134142
-48.5953882763660,-4.6562656884142
-48.5818882763660,-4.6796483634142
-48.5413882763660,-4.7030310384142
-48.5143882763660,-4.7030310384142
-48.4873882763660,-4.7030310384142
-48.4603882763660,-4.7030310384142
-48.4333882763660,-4.7030310384142
-48.4063882763660,-4.7030310384142
-48.3793882763660,-4.7030310384142
-48.3388882763660,-4.6796483634142
-48.3253882763660,-4.6562656884142
-48.3118882763660,-4.6328830134142
-48.2983882763660,-4.6095003384142
-48.2848882763660,-4.5861176634142
-48.2713882763660,-4.5627349884142
-48.2578882763660,-4.5393523134142
-48.2173882763660,-4.5159696384142
-48.3388882763660,-4.3055255634142
-48.5818882763660,-4.3055255634142
-48.7033882763660,-4.5159696384142
-48.5818882763660,-4.7264137134142
-48.3388882763660,-4.7264137134142
-48.2308882763660,-4.4925869634142
-48.2443882763660,-4.4692042884142
-48.2578882763660,-4.4458216134142
-48.2713882763660,-4.4224389384142
-48.2848882763660,-4.3990562634142
-48.2983882763660,-4.3756735884142
-48.3118882763660,-4.3522909134142
-48.3253882763660,-4.3289082384142
-48.3658882763660,-4.3055255634142
-48.3928882763660,-4.3055255634142
-48.4198882763660,-4.3055255634142
-48.4468882763660,-4.3055255634142
-48.4738882763660,-4.3055255634142
-48.5008882763660,-4.3055255634142
-48.5278882763660,-4.3055255634142
-48.5548882763660,-4.3055255634142
-48.5953882763660,-4.3289082384142
-48.6088882763660,-4.3522909134142
-48.6223882763660,-4.3756735884142
-48.6358882763660,-4.3990562634142
-48.6493882763660,-4.4224389384142
-48.6628882763660,-4.4458216134142
-48.6763882763660,-4.4692042884142
-48.6898882763660,-4.4925869634142
-48.6898882763660,-4.5393523134142
-48.6763882763660,-4.5627349884142
-48.6628882763660,-4.5861176634142
-48.6493882763660,-4.6095003384142
-48.6358882763660,-4.6328830134142
-48.6223882763660,-4.6562656884142
-48.6088882763660,-4.6796483634142
-48.5953882763660,-4.7030310384142
-48.5548882763660,-4.7264137134142
-48.5278882763660,-4.7264137134142
-48.5008882763660,-4.7264137134142
-48.4738882763660,-4.7264137134142
-48.4468882763660,-4.7264137134142
-48.4198882763660,-4.7264137134142
-48.3928882763660,-4.7264137134142
-48.3658882763660,-4.7264137134142
-48.3253882763660,-4.7030310384142
-48.3118882763660,-4.6796483634142
-48.2983882763660,-4.6562656884142
-48.2848882763660,-4.6328830134142
-48.2713882763660,-4.6095003384142
-48.2578882763660,-4.5861176634142
-48.2443882763660,-4.5627349884142
-48.2308882763660,-4.5393523134142
-48.1903882763660,-4.5159696384142
-48.3253882763660,-4.2821428884142
-48.5953882763660,-4.2821428884142
-48.7303882763660,-4.5159696384142
-48.5953882763660,-4.7497963884142
-48.3253882763660,-4.7497963884142
-48.2038882763660,-4.4925869634142
-48.2173882763660,-4.4692042884142
-48.2308882763660,-4.4458216134142
-48.2443882763660,-4.4224389384142
-48.2578882763660,-4.3990562634142
-48.2713882763660,-4.3756735884142
-48.2848882763660,-4.3522909134142
-48.2983882763660,-4.3289082384142
-48.3118882763660,-4.3055255634142
-48.3523882763660,-4.2821428884142
-48.3793882763660,-4.2821428884142
-48.4063882763660,-4.2821428884142
-48.4333882763660,-4.2821428884142
-48.4603882763660,-4.2821428884142
-48.4873882763660,-4.2821428884142
-48.5143882763660,-4.2821428884142
-48.5413882763660,-4.2821428884142
-48.5683882763660,-4.2821428884142
-48.6088882763660,-4.3055255634142
-48.6223882763660,-4.3289082384142
-48.6358882763660,-4.3522909134142
-48.6493882763660,-4.3756735884142
-48.6628882763660,-4.3990562634142
-48.6763882763660,-4.4224389384142
-48.6898882763660,-4.4458216134142
-48.7033882763660,-4.4692042884142
-48.7168882763660,-4.4925869634142
-48.7168882763660,-4.5393523134142
-48.7033882763660,-4.5627349884142
-48.6898882763660,-4.5861176634142
-48.6763882763660,-4.6095003384142
-48.6628882763660,-4.6328830134142
-48.6493882763660,-4.6562656884142
-48.6358882763660,-4.6796483634142
-48.6223882763660,-4.7030310384142
-48.6088882763660,-4.7264137134142
-48.5683882763660,-4.7497963884142
-48.5413882763660,-4.7497963884142
-48.5143882763660,-4.7497963884142
-48.4873882763660,-4.7497963884142
-48.4603882763660,-4.7497963884142
-48.4333882763660,-4.7497963884142
-48.4063882763660,-4.7497963884142
-48.3793882763660,-4.7497963884142
-48.3523882763660,-4.7497963884142
-48.3118882763660,-4.7264137134142
-48.2983882763660,-4.7030310384142
-48.2848882763660,-4.6796483634142
-48.2713882763660,-4.6562656884142
-48.2578882763660,-4.6328830134142
-48.2443882763660,-4.6095003384142
-48.2308882763660,-4.5861176634142
-48.2173882763660,-4.5627349884142
-48.2038882763660,-4.5393523134142
-48.1633882763660,-4.5159696384142
-48.3118882763660,-4.2587602134142
-48.6088882763660,-4.2587602134142
-48.7573882763660,-4.5159696384142
-48.6088882763660,-4.7731790634142
-48.3118882763660,-4.7731790634142
-48.1768882763660,-4.4925869634142
-48.1903882763660,-4.4692042884142
-48.2038882763660,-4.4458216134142
-48.2173882763660,-4.4224389384142
-48.2308882763660,-4.3990562634142
-48.2443882763660,-4.3756735884142
-48.2578882763660,-4.3522909134142
-48.2713882763660,-4.3289082384142
-48.2848882763660,-4.3055255634142
-48.2983882763660,-4.2821428884142
-48.3388882763660,-4.2587602134142
-48.3658882763660,-4.2587602134142
-48.3928882763660,-4.2587602134142
-48.4198882763660,-4.2587602134142
-48.4468882763660,-4.2587602134142
-48.4738882763660,-4.2587602134142
-48.5008882763660,-4.2587602134142
-48.5278882763660,-4.2587602134142
-48.5548882763660,-4.2587602134142
-48.5818882763660,-4.2587602134142
-48.6223882763660,-4.2821428884142
-48.6358882763660,-4.3055255634142
-48.6493882763660,-4.3289082384142
-48.6628882763660,-4.3522909134142
-48.6763882763660,-4.3756735884142
-48.6898882763660,-4.3990562634142
-48.7033882763660,-4.4224389384142
-48.7168882763660,-4.4458216134142
-48.7303882763660,-4.4692042884142
-48.7438882763660,-4.4925869634142
-48.7438882763660,-4.5393523134142
-48.7303882763660,-4.5627349884142
-48.7168882763660,-4.5861176634142
-48.7033882763660,-4.6095003384142
-48.6898882763660,-4.6328830134142
-48.6763882763660,-4.6562656884142
-48.6628882763660,-4.6796483634142
-48.6493882763660,-4.7030310384142
-48.6358882763660,-4.7264137134142
-48.6223882763660,-4.7497963884142
-48.5818882763660,-4.7731790634142
-48.5548882763660,-4.7731790634142
-48.5278882763660,-4.7731790634142
-48.5008882763660,-4.7731790634142
-48.4738882763660,-4.7731790634142
-48.4468882763660,-4.7731790634142
-48.4198882763660,-4.7731790634142
-48.3928882763660,-4.7731790634142
-48.3658882763660,-4.7731790634142
-48.3388882763660,-4.7731790634142
-48.2983882763660,-4.7497963884142
-48.2848882763660,-4.7264137134142
-48.2713882763660,-4.7030310384142
-48.2578882763660,-4.6796483634142
-48.2443882763660,-4.6562656884142
-48.2308882763660,-4.6328830134142
-48.2173882763660,-4.6095003384142
-48.2038882763660,-4.5861176634142
-48.1903882763660,-4.5627349884142
-48.1768882763660,-4.5393523134142
-48.1363882763660,-4.5159696384142
-48.2983882763660,-4.2353775384142
-48.6223882763660,-4.2353775384142
-48.7843882763660,-4.5159696384142
-48.6223882763660,-4.7965617384142
-48.2983882763660,-4.7965617384142
-48.1498882763660,-4.4925869634142
-48.1633882763660,-4.4692042884142
-48.1768882763660,-4.4458216134142
-48.1903882763660,-4.4224389384142
-48.2038882763660,-4.3990562634142
-48.2173882763660,-4.3756735884142
-48.2308882763660,-4.3522909134142
-48.2443882763660,-4.3289082384142
-48.2578882763660,-4.3055255634142
-48.2713882763660,-4.2821428884142
-48.2848882763660,-4.2587602134142
-48.3253882763660,-4.2353775384142
-48.3523882763660,-4.2353775384142
-48.3793882763660,-4.2353775384142
-48.4063882763660,-4.2353775384142
-48.4333882763660,-4.2353775384142
-48.4603882763660,-4.2353775384142
-48.4873882763660,-4.2353775384142
-48.5143882763660,-4.2353775384142
-48.5413882763660,-4.2353775384142
-48.5683882763660,-4.2353775384142
-48.5953882763660,-4.2353775384142
-48.6358882763660,-4.2587602134142
-48.6493882763660,-4.2821428884142
-48.6628882763660,-4.3055255634142
-48.6763882763660,-4.3289082384142
-48.6898882763660,-4.3522909134142
-48.7033882763660,-4.3756735884142
-48.7168882763660,-4.3990562634142
-48.7303882763660,-4.4224389384142
-48.7438882763660,-4.4458216134142
-48.7573882763660,-4.4692042884142
-48.7708882763660,-4.4925869634142
-48.7708882763660,-4.5393523134142
-48.7573882763660,-4.5627349884142
-48.7438882763660,-4.5861176634142
-48.7303882763660,-4.6095003384142
-48.7168882763660,-4.6328830134142
-48.7033882763660,-4.6562656884142
-48.6898882763660,-4.6796483634142
-48.6763882763660,-4.7030310384142
-48.6628882763660,-4.7264137134142
-48.6493882763660,-4.7497963884142
-48.6358882763660,-4.7731790634142
-48.5953882763660,-4.7965617384142
-48.5683882763660,-4.7965617384142
-48.5413882763660,-4.7965617384142
-48.5143882763660,-4.7965617384142
-48.4873882763660,-4.7965617384142
-48.4603882763660,-4.7965617384142
-48.4333882763660,-4.7965617384142
-48.4063882763660,-4.7965617384142
-48.3793882763660,-4.7965617384142
-48.3523882763660,-4.7965617384142
-48.3253882763660,-4.7965617384142
-48.2848882763660,-4.7731790634142
-48.2713882763660,-4.7497963884142
-48.2578882763660,-4.7264137134142
-48.2443882763660,-4.7030310384142
-48.2308882763660,-4.6796483634142
-48.2173882763660,-4.6562656884142
-48.2038882763660,-4.6328830134142
-48.1903882763660,-4.6095003384142
-48.1768882763660,-4.5861176634142
-48.1633882763660,-4.5627349884142
-48.1498882763660,-4.5393523134142
-48.1093882763660,-4.5159696384142
-48.2848882763660,-4.2119948634142
-48.6358882763660,-4.2119948634142
-48.8113882763660,-4.5159696384142
-48.2848882763660,-4.8199444134142
-48.1228882763660,-4.4925869634142
-48.1363882763660,-4.4692042884142
-48.1498882763660,-4.4458216134142
-48.1633882763660,-4.4224389384142
-48.1768882763660,-4.3990562634142
-48.1903882763660,-4.3756735884142
-48.2038882763660,-4.3522909134142
-48.2173882763660,-4.3289082384142
-48.2308882763660,-4.3055255634142
-48.2443882763660,-4.2821428884142
-48.2578882763660,-4.2587602134142
-48.2713882763660,-4.2353775384142
-48.3118882763660,-4.2119948634142
-48.3388882763660,-4.2119948634142
-48.3658882763660,-4.2119948634142
-48.3928882763660,-4.2119948634142
-48.4198882763660,-4.2119948634142
-48.4468882763660,-4.2119948634142
-48.4738882763660,-4.2119948634142
-48.5008882763660,-4.2119948634142
-48.5278882763660,-4.2119948634142
-48.5548882763660,-4.2119948634142
-48.5818882763660,-4.2119948634142
-48.6088882763660,-4.2119948634142
-48.6493882763660,-4.2353775384142
-48.6628882763660,-4.2587602134142
-48.6763882763660,-4.2821428884142
-48.6898882763660,-4.3055255634142
-48.7033882763660,-4.3289082384142
-48.7168882763660,-4.3522909134142
-48.7303882763660,-4.3756735884142
-48.7438882763660,-4.3990562634142
-48.7573882763660,-4.4224389384142
-48.7708882763660,-4.4458216134142
-48.7843882763660,-4.4692042884142
-48.7978882763660,-4.4925869634142
-48.7978882763660,-4.5393523134142
-48.7843882763660,-4.5627349884142
-48.7708882763660,-4.5861176634142
-48.7573882763660,-4.6095003384142
-48.7438882763660,-4.6328830134142
-48.7303882763660,-4.6562656884142
-48.7168882763660,-4.6796483634142
-48.7033882763660,-4.7030310384142
-48.6898882763660,-4.7264137134142
-48.6763882763660,-4.7497963884142
-48.6628882763660,-4.7731790634142
-48.6493882763660,-4.7965617384142
-48.5548882763660,-4.8199444134142
-48.5278882763660,-4.8199444134142
-48.5008882763660,-4.8199444134142
-48.4738882763660,-4.8199444134142
-48.4468882763660,-4.8199444134142
-48.4198882763660,-4.8199444134142
-48.3928882763660,-4.8199444134142
-48.3658882763660,-4.8199444134142
-48.3388882763660,-4.8199444134142
-48.3118882763660,-4.8199444134142
-48.2713882763660,-4.7965617384142
-48.2578882763660,-4.7731790634142
-48.2443882763660,-4.7497963884142
-48.2308882763660,-4.7264137134142
-48.2173882763660,-4.7030310384142
-48.2038882763660,-4.6796483634142
-48.1903882763660,-4.6562656884142
-48.1768882763660,-4.6328830134142
-48.1633882763660,-4.6095003384142
-48.1498882763660,-4.5861176634142
-48.1363882763660,-4.5627349884142
-48.1228882763660,-4.5393523134142
-48.0823882763660,-4.5159696384142
-48.6493882763660,-4.1886121884142
-48.8383882763660,-4.5159696384142
-48.2713882763660,-4.8433270884142
-48.0958882763660,-4.4925869634142
-48.1093882763660,-4.4692042884142
-48.1228882763660,-4.4458216134142
-48.1363882763660,-4.4224389384142
-48.1498882763660,-4.3990562634142
-48.1633882763660,-4.3756735884142
-48.1768882763660,-4.3522909134142
-48.1903882763660,-4.3289082384142
-48.2038882763660,-4.3055255634142
-48.2173882763660,-4.2821428884142
-48.2308882763660,-4.2587602134142
-48.2443882763660,-4.2353775384142
-48.2983882763660,-4.1886121884142
-48.3253882763660,-4.1886121884142
-48.3523882763660,-4.1886121884142
-48.3793882763660,-4.1886121884142
-48.4063882763660,-4.1886121884142
-48.4333882763660,-4.1886121884142
-48.4603882763660,-4.1886121884142
-48.4873882763660,-4.1886121884142
-48.5143882763660,-4.1886121884142
-48.5413882763660,-4.1886121884142
-48.5683882763660,-4.1886121884142
-48.5953882763660,-4.1886121884142
-48.6223882763660,-4.1886121884142
-48.6628882763660,-4.2119948634142
-48.6763882763660,-4.2353775384142
-48.6898882763660,-4.2587602134142
-48.7033882763660,-4.2821428884142
-48.7168882763660,-4.3055255634142
-48.7303882763660,-4.3289082384142
-48.7438882763660,-4.3522909134142
-48.7573882763660,-4.3756735884142
-48.7708882763660,-4.3990562634142
-48.7843882763660,-4.4224389384142
-48.7978882763660,-4.4458216134142
-48.8113882763660,-4.4692042884142
-48.8248882763660,-4.4925869634142
-48.8248882763660,-4.5393523134142
-48.8113882763660,-4.5627349884142
-48.7978882763660,-4.5861176634142
-48.7843882763660,-4.6095003384142
-48.7708882763660,-4.6328830134142
-48.7573882763660,-4.6562656884142
-48.7438882763660,-4.6796483634142
-48.7303882763660,-4.7030310384142
-48.7168882763660,-4.7264137134142
-48.7033882763660,-4.7497963884142
-48.6898882763660,-4.7731790634142
-48.4873882763660,-4.8433270884142
-48.4603882763660,-4.8433270884142
-48.4333882763660,-4.8433270884142
-48.4063882763660,-4.8433270884142
-48.3793882763660,-4.8433270884142
-48.3523882763660,-4.8433270884142
-48.3253882763660,-4.8433270884142
-48.2983882763660,-4.8433270884142
-48.2578882763660,-4.8199444134142
-48.2443882763660,-4.7965617384142
-48.2308882763660,-4.7731790634142
-48.2173882763660,-4.7497963884142
-48.2038882763660,-4.7264137134142
-48.1903882763660,-4.7030310384142
-48.1768882763660,-4.6796483634142
-48.1633882763660,-4.6562656884142
-48.1498882763660,-4.6328830134142
-48.1363882763660,-4.6095003384142
-48.1228882763660,-4.5861176634142
-48.1093882763660,-4.5627349884142
-48.0958882763660,-4.5393523134142
-48.0553882763660,-4.5159696384142
-48.6628882763660,-4.1652295134142
-48.8653882763660,-4.5159696384142
-48.2578882763660,-4.8667097634142
-48.0688882763660,-4.4925869634142
-48.0823882763660,-4.4692042884142
-48.0958882763660,-4.4458216134142
-48.1093882763660,-4.4224389384142
-48.1228882763660,-4.3990562634142
-48.1363882763660,-4.3756735884142
-48.1498882763660,-4.3522909134142
-48.1633882763660,-4.3289082384142
-48.1768882763660,-4.3055255634142
-48.1903882763660,-4.2821428884142
-48.2038882763660,-4.2587602134142
-48.2173882763660,-4.2353775384142
-48.3118882763660,-4.1652295134142
-48.3388882763660,-4.1652295134142
-48.3658882763660,-4.1652295134142
-48.3928882763660,-4.1652295134142
-48.4198882763660,-4.1652295134142
-48.4468882763660,-4.1652295134142
-48.4738882763660,-4.1652295134142
-48.5008882763660,-4.1652295134142
-48.5278882763660,-4.1652295134142
-48.5548882763660,-4.1652295134142
-48.5818882763660,-4.1652295134142
-48.6088882763660,-4.1652295134142
-48.6358882763660,-4.1652295134142
-48.6763882763660,-4.1886121884142
-48.6898882763660,-4.2119948634142
-48.7033882763660,-4.2353775384142
-48.7168882763660,-4.2587602134142
-48.7303882763660,-4.2821428884142
-48.7438882763660,-4.3055255634142
-48.7573882763660,-4.3289082384142
-48.7708882763660,-4.3522909134142
-48.7843882763660,-4.3756735884142
-48.7978882763660,-4.3990562634142
-48.8113882763660,-4.4224389384142
-48.8248882763660,-4.4458216134142
-48.8383882763660,-4.4692042884142
-48.8518882763660,-4.4925869634142
-48.8518882763660,-4.5393523134142
-48.8383882763660,-4.5627349884142
-48.8248882763660,-4.5861176634142
-48.8113882763660,-4.6095003384142
-48.7978882763660,-4.6328830134142
-48.7843882763660,-4.6562656884142
-48.7708882763660,-4.6796483634142
-48.7573882763660,-4.7030310384142
-48.7438882763660,-4.7264137134142
-48.7303882763660,-4.7497963884142
-48.4738882763660,-4.8667097634142
-48.4468882763660,-4.8667097634142
-48.3928882763660,-4.8667097634142
-48.3658882763660,-4.8667097634142
-48.3388882763660,-4.8667097634142
-48.3118882763660,-4.8667097634142
-48.2848882763660,-4.8667097634142
-48.2443882763660,-4.8433270884142
-48.2308882763660,-4.8199444134142
-48.2173882763660,-4.7965617384142
-48.2038882763660,-4.7731790634142
-48.1903882763660,-4.7497963884142
-48.1768882763660,-4.7264137134142
-48.1633882763660,-4.7030310384142
-48.1498882763660,-4.6796483634142
-48.1363882763660,-4.6562656884142
-48.1228882763660,-4.6328830134142
-48.1093882763660,-4.6095003384142
-48.0958882763660,-4.5861176634142
-48.0823882763660,-4.5627349884142
-48.0688882763660,-4.5393523134142
-48.0283882763660,-4.5159696384142
-48.6763882763660,-4.1418468384142
-48.8923882763660,-4.5159696384142
-48.2443882763660,-4.8900924384142
-48.0418882763660,-4.4925869634142
-48.0553882763660,-4.4692042884142
-48.0688882763660,-4.4458216134142
-48.0823882763660,-4.4224389384142
-48.0958882763660,-4.3990562634142
-48.1093882763660,-4.3756735884142
-48.1228882763660,-4.3522909134142
-48.1363882763660,-4.3289082384142
-48.1498882763660,-4.3055255634142
-48.1633882763660,-4.2821428884142
-48.1768882763660,-4.2587602134142
-48.1903882763660,-4.2353775384142
-48.3253882763660,-4.1418468384142
-48.3523882763660,-4.1418468384142
-48.3793882763660,-4.1418468384142
-48.4063882763660,-4.1418468384142
-48.4333882763660,-4.1418468384142
-48.4603882763660,-4.1418468384142
-48.4873882763660,-4.1418468384142
-48.5143882763660,-4.1418468384142
-48.5413882763660,-4.1418468384142
-48.5683882763660,-4.1418468384142
-48.5953882763660,-4.1418468384142
-48.6223882763660,-4.1418468384142
-48.6493882763660,-4.1418468384142
-48.6898882763660,-4.1652295134142
-48.7033882763660,-4.1886121884142
-48.7168882763660,-4.2119948634142
-48.7303882763660,-4.2353775384142
-48.7438882763660,-4.2587602134142
-48.7573882763660,-4.2821428884142
-48.7708882763660,-4.3055255634142
-48.7843882763660,-4.3289082384142
-48.7978882763660,-4.3522909134142
-48.8113882763660,-4.3756735884142
-48.8248882763660,-4.3990562634142
-48.8383882763660,-4.4224389384142
-48.8518882763660,-4.4458216134142
-48.8653882763660,-4.4692042884142
-48.8788882763660,-4.4925869634142
-48.8788882763660,-4.5393523134142
-48.8653882763660,-4.5627349884142
-48.8518882763660,-4.5861176634142
-48.8383882763660,-4.6095003384142
-48.8248882763660,-4.6328830134142
-48.8113882763660,-4.6562656884142
-48.7978882763660,-4.6796483634142
-48.7843882763660,-4.7030310384142
-48.7708882763660,-4.7264137134142
-48.3253882763660,-4.8900924384142
-48.2983882763660,-4.8900924384142
-48.2713882763660,-4.8900924384142
-48.2308882763660,-4.8667097634142
-48.2173882763660,-4.8433270884142
-48.2038882763660,-4.8199444134142
-48.1903882763660,-4.7965617384142
-48.1768882763660,-4.7731790634142
-48.1633882763660,-4.7497963884142
-48.1498882763660,-4.7264137134142
-48.1363882763660,-4.7030310384142
-48.1228882763660,-4.6796483634142
-48.1093882763660,-4.6562656884142
-48.0958882763660,-4.6328830134142
-48.0823882763660,-4.6095003384142
-48.0688882763660,-4.5861176634142
-48.0553882763660,-4.5627349884142
-48.0418882763660,-4.5393523134142
-48.0013882763660,-4.5159696384142
-48.6898882763660,-4.1184641634142
-48.9193882763660,-4.5159696384142
-48.2308882763660,-4.9134751134142
-48.0148882763660,-4.4925869634142
-48.0283882763660,-4.4692042884142
-48.0418882763660,-4.4458216134142
-48.0553882763660,-4.4224389384142
-48.0688882763660,-4.3990562634142
-48.0823882763660,-4.3756735884142
-48.0958882763660,-4.3522909134142
-48.1093882763660,-4.3289082384142
-48.1228882763660,-4.3055255634142
-48.1363882763660,-4.2821428884142
-48.1498882763660,-4.2587602134142
-48.1633882763660,-4.2353775384142
-48.1768882763660,-4.2119948634142
-48.3658882763660,-4.1184641634142
-48.3928882763660,-4.1184641634142
-48.4198882763660,-4.1184641634142
-48.4468882763660,-4.1184641634142
-48.4738882763660,-4.1184641634142
-48.5008882763660,-4.1184641634142
-48.5278882763660,-4.1184641634142
-48.5548882763660,-4.1184641634142
-48.7033882763660,-4.1418468384142
-48.7168882763660,-4.1652295134142
-48.7303882763660,-4.1886121884142
-48.7438882763660,-4.2119948634142
-48.7573882763660,-4.2353775384142
-48.7708882763660,-4.2587602134142
-48.7843882763660,-4.2821428884142
-48.7978882763660,-4.3055255634142
-48.8113882763660,-4.3289082384142
-48.8248882763660,-4.3522909134142
-48.8383882763660,-4.3756735884142
-48.8518882763660,-4.3990562634142
-48.8653882763660,-4.4224389384142
-48.8788882763660,-4.4458216134142
-48.8923882763660,-4.4692042884142
-48.9058882763660,-4.4925869634142
-48.9058882763660,-4.5393523134142
-48.8923882763660,-4.5627349884142
-48.8788882763660,-4.5861176634142
-48.8653882763660,-4.6095003384142
-48.8518882763660,-4.6328830134142
-48.8383882763660,-4.6562656884142
-48.8248882763660,-4.6796483634142
-48.8113882763660,-4.7030310384142
-48.2848882763660,-4.9134751134142
-48.2578882763660,-4.9134751134142
-48.2173882763660,-4.8900924384142
-48.2038882763660,-4.8667097634142
-48.1903882763660,-4.8433270884142
-48.1768882763660,-4.8199444134142
-48.1633882763660,-4.7965617384142
-48.1498882763660,-4.7731790634142
-48.1363882763660,-4.7497963884142
-48.1228882763660,-4.7264137134142
-48.1093882763660,-4.7030310384142
-48.0958882763660,-4.6796483634142
-48.0823882763660,-4.6562656884142
-48.0688882763660,-4.6328830134142
-48.0553882763660,-4.6095003384142
-48.0418882763660,-4.5861176634142
-48.0283882763660,-4.5627349884142
-48.0148882763660,-4.5393523134142
-47.9743882763660,-4.5159696384142
-48.9463882763661,-4.5159696384142
-47.9878882763660,-4.4925869634142
-48.0013882763660,-4.4692042884142
-48.0148882763660,-4.4458216134142
-48.0283882763660,-4.4224389384142
-48.0418882763660,-4.3990562634142
-48.0553882763660,-4.3756735884142
-48.0688882763660,-4.3522909134142
-48.0823882763660,-4.3289082384142
-48.0958882763660,-4.3055255634142
-48.1093882763660,-4.2821428884142
-48.1228882763660,-4.2587602134142
-48.1363882763660,-4.2353775384142
-48.3793882763660,-4.0950814884142
-48.4063882763660,-4.0950814884142
-48.4333882763660,-4.0950814884142
-48.4603882763660,-4.0950814884142
-48.4873882763660,-4.0950814884142
-48.5143882763660,-4.0950814884142
-48.7168882763660,-4.1184641634142
-48.7303882763660,-4.1418468384142
-48.7438882763660,-4.1652295134142
-48.7573882763660,-4.1886121884142
-48.8113882763660,-4.2821428884142
-48.8248882763660,-4.3055255634142
-48.8383882763660,-4.3289082384142
-48.8518882763660,-4.3522909134142
-48.8653882763660,-4.3756735884142
-48.8788882763660,-4.3990562634142
-48.8923882763660,-4.4224389384142
-48.9058882763660,-4.4458216134142
-48.9193882763660,-4.4692042884142
-48.9328882763661,-4.4925869634142
-48.9328882763661,-4.5393523134142
-48.9193882763660,-4.5627349884142
-48.9058882763660,-4.5861176634142
-48.8923882763660,-4.6095003384142
-48.8788882763660,-4.6328830134142
-48.8653882763660,-4.6562656884142
-48.8518882763660,-4.6796483634142
-48.8383882763660,-4.7030310384142
-48.1903882763660,-4.8900924384142
-48.1768882763660,-4.8667097634142
-48.1633882763660,-4.8433270884142
-48.1498882763660,-4.8199444134142
-48.1363882763660,-4.7965617384142
-48.1228882763660,-4.7731790634142
-48.1093882763660,-4.7497963884142
-48.0958882763660,-4.7264137134142
-48.0823882763660,-4.7030310384142
-48.0688882763660,-4.6796483634142
-48.0553882763660,-4.6562656884142
-48.0418882763660,-4.6328830134142
-48.0283882763660,-4.6095003384142
-48.0148882763660,-4.5861176634142
-48.0013882763660,-4.5627349884142
-47.9878882763660,-4.5393523134142
-47.9473882763660,-4.5159696384142
-48.9733882763661,-4.5159696384142
-47.9608882763660,-4.4925869634142
-47.9743882763660,-4.4692042884142
-47.9878882763660,-4.4458216134142
-48.0013882763660,-4.4224389384142
-48.0148882763660,-4.3990562634142
-48.0283882763660,-4.3756735884142
-48.0418882763660,-4.3522909134142
-48.0553882763660,-4.3289082384142
-48.3928882763660,-4.0716988134142
-48.4198882763660,-4.0716988134142
-48.4468882763660,-4.0716988134142
-48.8653882763660,-4.3289082384142
-48.8788882763660,-4.3522909134142
-48.8923882763660,-4.3756735884142
-48.9058882763660,-4.3990562634142
-48.9193882763660,-4.4224389384142
-48.9328882763661,-4.4458216134142
-48.9463882763661,-4.4692042884142
-48.9598882763661,-4.4925869634142
-48.9598882763661,-4.5393523134142
-48.9463882763661,-4.5627349884142
-48.9328882763661,-4.5861176634142
-48.9193882763660,-4.6095003384142
-48.9058882763660,-4.6328830134142
-48.8923882763660,-4.6562656884142
-48.8788882763660,-4.6796483634142
-48.8653882763660,-4.7030310384142
-48.8518882763660,-4.7264137134142
-48.1498882763660,-4.8667097634142
-48.1363882763660,-4.8433270884142
-48.1228882763660,-4.8199444134142
-48.1093882763660,-4.7965617384142
-48.0958882763660,-4.7731790634142
-48.0823882763660,-4.7497963884142
-48.0688882763660,-4.7264137134142
-48.0553882763660,-4.7030310384142
-48.0418882763660,-4.6796483634142
-48.0283882763660,-4.6562656884142
-48.0148882763660,-4.6328830134142
-48.0013882763660,-4.6095003384142
-47.9878882763660,-4.5861176634142
-47.9743882763660,-4.5627349884142
-47.9608882763660,-4.5393523134142
-47.9203882763660,-4.5159696384142
-47.9338882763660,-4.4925869634142
-47.9473882763660,-4.4692042884142
-47.9608882763660,-4.4458216134142
-48.4063882763660,-4.0483161384142
-48.8923882763660,-4.3289082384142
-48.9058882763660,-4.3522909134142
-48.9193882763660,-4.3756735884142
-48.9328882763661,-4.3990562634142
-48.9463882763661,-4.4224389384142
-48.9598882763661,-4.4458216134142
-48.9733882763661,-4.4692042884142
-48.9868882763661,-4.4925869634142
-48.9868882763661,-4.5393523134142
-48.9733882763661,-4.5627349884142
-48.9598882763661,-4.5861176634142
-48.9463882763661,-4.6095003384142
-48.9328882763661,-4.6328830134142
-48.9193882763660,-4.6562656884142
-48.9058882763660,-4.6796483634142
-48.8923882763660,-4.7030310384142
-48.8788882763660,-4.7264137134142
-48.8653882763660,-4.7497963884142
-48.0958882763660,-4.8199444134142
-48.0823882763660,-4.7965617384142
-48.0688882763660,-4.7731790634142
-48.0553882763660,-4.7497963884142
-48.0418882763660,-4.7264137134142
-48.0283882763660,-4.7030310384142
-48.0148882763660,-4.6796483634142
-48.0013882763660,-4.6562656884142
-47.9878882763660,-4.6328830134142
-47.9743882763660,-4.6095003384142
-47.9608882763660,-4.5861176634142
-47.9473882763660,-4.5627349884142
-47.9338882763660,-4.5393523134142
-48.3928882763660,-4.0249334634142
-48.9328882763661,-4.3522909134142
-48.9463882763661,-4.3756735884142
-48.9598882763661,-4.3990562634142
-48.9733882763661,-4.4224389384142
-48.9868882763661,-4.4458216134142
-48.9868882763661,-4.5861176634142
-48.9733882763661,-4.6095003384142
-48.9598882763661,-4.6328830134142
-48.9463882763661,-4.6562656884142
-48.9328882763661,-4.6796483634142
-48.9193882763660,-4.7030310384142
-48.9058882763660,-4.7264137134142
-48.8923882763660,-4.7497963884142
-48.8788882763660,-4.7731790634142
-48.0418882763660,-4.7731790634142
-48.0283882763660,-4.7497963884142
-48.0148882763660,-4.7264137134142
-48.0013882763660,-4.7030310384142
-47.9878882763660,-4.6796483634142
-47.9743882763660,-4.6562656884142
-47.9608882763660,-4.6328830134142
-47.9473882763660,-4.6095003384142
-47.9338882763660,-4.5861176634142
-47.9203882763660,-4.5627349884142
-47.9068882763660,-4.5393523134142
-48.9733882763661,-4.3756735884142
-48.9868882763661,-4.3990562634142
-48.9868882763661,-4.6328830134142
-48.9733882763661,-4.6562656884142
-48.9598882763661,-4.6796483634142
-48.9463882763661,-4.7030310384142
-48.9328882763661,-4.7264137134142
-48.9193882763660,-4.7497963884142
-48.9058882763660,-4.7731790634142
-48.8923882763660,-4.7965617384142
-48.8788882763660,-4.8199444134142
-48.0013882763660,-4.7497963884142
-47.9878882763660,-4.7264137134142
-47.9743882763660,-4.7030310384142
-47.9608882763660,-4.6796483634142
-47.9473882763660,-4.6562656884142
-47.9338882763660,-4.6328830134142
-47.9203882763660,-4.6095003384142
-47.9068882763660,-4.5861176634142
-47.8933882763660,-4.5627349884142
-47.8798882763660,-4.5393523134142
-49.0003882763661,-4.3756735884142
-48.9868882763661,-4.6796483634142
-48.9733882763661,-4.7030310384142
-48.9598882763661,-4.7264137134142
-48.9463882763661,-4.7497963884142
-48.9328882763661,-4.7731790634142
-48.9193882763660,-4.7965617384142
-48.9058882763660,-4.8199444134142
-47.9473882763660,-4.7030310384142
-47.9338882763660,-4.6796483634142
-47.9203882763660,-4.6562656884142
-47.9068882763660,-4.6328830134142
-47.8933882763660,-4.6095003384142
-47.8798882763660,-4.5861176634142
-47.8663882763660,-4.5627349884142
-49.0138882763661,-4.3522909134142
-48.9868882763661,-4.7264137134142
-48.9733882763661,-4.7497963884142
-48.9598882763661,-4.7731790634142
-48.9463882763661,-4.7965617384142
-48.9328882763661,-4.8199444134142
-48.9193882763660,-4.8433270884142
-48.9058882763660,-4.8667097634142
-47.9068882763660,-4.6796483634142
-47.8933882763660,-4.6562656884142
-47.8798882763660,-4.6328830134142
-47.8663882763660,-4.6095003384142
-47.8528882763660,-4.5861176634142
-48.9868882763661,-4.7731790634142
-48.9733882763661,-4.7965617384142
-48.9598882763661,-4.8199444134142
-48.9463882763661,-4.8433270884142
-48.9328882763661,-4.8667097634142
-48.9193882763660,-4.8900924384142
-47.8528882763660,-4.6328830134142
-47.8393882763660,-4.6095003384142
-48.9868882763661,-4.8199444134142
-48.9733882763661,-4.8433270884142
-48.9598882763661,-4.8667097634142
-48.9463882763661,-4.8900924384142
-48.9328882763661,-4.9134751134142
