-51.1003374018702,-1.6106621458638
-51.0733374018702,-1.6106621458638
-51.0868374018702,-1.5872794708638
-51.1138374018702,-1.5872794708638
-51.1273374018702,-1.6106621458638
-51.1138374018702,-1.6340448208638
-51.0868374018702,-1.6340448208638
-51.0463374018702,-1.6106621458638
-51.0733374018702,-1.5638967958638
-51.1273374018702,-1.5638967958638
-51.1543374018702,-1.6106621458638
-51.1273374018702,-1.6574274958638
-51.0733374018702,-1.6574274958638
-51.0598374018702,-1.5872794708638
-51.1003374018702,-1.5638967958638
-51.1408374018702,-1.5872794708638
-51.1408374018702,-1.6340448208638
-51.1003374018702,-1.6574274958638
-51.0598374018702,-1.6340448208638
-51.0193374018702,-1.6106621458638
-51.0598374018702,-1.5405141208638
-51.1408374018702,-1.5405141208638
-51.1813374018702,-1.6106621458638
-51.1408374018702,-1.6808101708638
-51.0598374018702,-1.6808101708638
-51.0328374018702,-1.5872794708638
-51.0463374018702,-1.5638967958638
-51.0868374018702,-1.5405141208638
-51.1138374018702,-1.5405141208638
-51.1543374018702,-1.5638967958638
-51.1678374018702,-1.5872794708638
-51.1678374018702,-1.6340448208638
-51.1543374018702,-1.6574274958638
-51.1138374018702,-1.6808101708638
-51.0868374018702,-1.6808101708638
-51.0463374018702,-1.6574274958638
-51.0328374018702,-1.6340448208638
-50.9923374018702,-1.6106621458638
-51.0463374018702,-1.5171314458638
-51.1543374018702,-1.5171314458638
-51.2083374018702,-1.6106621458638
-51.1543374018702,-1.7041928458638
-51.0463374018702,-1.7041928458638
-51.0058374018702,-1.5872794708638
-51.0193374018702,-1.5638967958638
-51.0328374018702,-1.5405141208638
-51.0733374018702,-1.5171314458638
-51.1003374018702,-1.5171314458638
-51.1273374018702,-1.5171314458638
-51.1678374018702,-1.5405141208638
-51.1813374018702,-1.5638967958638
-51.1948374018702,-1.5872794708638
-51.1948374018702,-1.6340448208638
-51.1813374018702,-1.6574274958638
-51.1678374018702,-1.6808101708638
-51.1273374018702,-1.7041928458638
-51.1003374018702,-1.7041928458638
-51.0733374018702,-1.7041928458638
-51.0328374018702,-1.6808101708638
-51.0193374018702,-1.6574274958638
-51.0058374018702,-1.6340448208638
-50.9653374018702,-1.6106621458638
-51.0328374018702,-1.4937487708638
-51.1678374018702,-1.4937487708638
-51.2353374018702,-1.6106621458638
-51.1678374018702,-1.7275755208638
-51.0328374018702,-1.7275755208638
-50.9788374018702,-1.5872794708638
-50.9923374018702,-1.5638967958638
-51.0058374018702,-1.5405141208638
-51.0193374018702,-1.5171314458638
-51.0598374018702,-1.4937487708638
-51.0868374018702,-1.4937487708638
-51.1138374018702,-1.4937487708638
-51.1408374018702,-1.4937487708638
-51.1813374018702,-1.5171314458638
-51.1948374018702,-1.5405141208638
-51.2083374018702,-1.5638967958638
-51.2218374018702,-1.5872794708638
-51.2218374018702,-1.6340448208638
-51.2083374018702,-1.6574274958638
-51.1948374018702,-1.6808101708638
-51.1813374018702,-1.7041928458638
-51.1408374018702,-1.7275755208638
-51.1138374018702,-1.7275755208638
-51.0868374018702,-1.7275755208638
-51.0598374018702,-1.7275755208638
-51.0193374018702,-1.7041928458638
-51.0058374018702,-1.6808101708638
-50.9923374018702,-1.6574274958638
-50.9788374018702,-1.6340448208638
-50.9383374018702,-1.6106621458638
-51.0193374018702,-1.4703660958638
-51.1813374018702,-1.4703660958638
-51.2623374018702,-1.6106621458638
-51.1813374018702,-1.7509581958638
-51.0193374018702,-1.7509581958638
-50.9518374018702,-1.5872794708638
-50.9653374018702,-1.5638967958638
-50.9788374018702,-1.5405141208638
-50.9923374018702,-1.5171314458638
-51.0058374018702,-1.4937487708638
-51.0463374018702,-1.4703660958638
-51.0733374018702,-1.4703660958638
-51.1003374018702,-1.4703660958638
-51.1273374018702,-1.4703660958638
-51.1543374018702,-1.4703660958638
-51.1948374018702,-1.4937487708638
-51.2083374018702,-1.5171314458638
-51.2218374018702,-1.5405141208638
-51.2353374018702,-1.5638967958638
-51.2488374018702,-1.5872794708638
-51.2488374018702,-1.6340448208638
-51.2353374018702,-1.6574274958638
-51.2218374018702,-1.6808101708638
-51.2083374018702,-1.7041928458638
-51.1948374018702,-1.7275755208638
-51.1543374018702,-1.7509581958638
-51.1273374018702,-1.7509581958638
-51.1003374018702,-1.7509581958638
-51.0733374018702,-1.7509581958638
-51.0463374018702,-1.7509581958638
-51.0058374018702,-1.7275755208638
-50.9923374018702,-1.7041928458638
-50.9788374018702,-1.6808101708638
-50.9653374018702,-1.6574274958638
-50.9518374018702,-1.6340448208638
-50.9113374018702,-1.6106621458638
-51.0058374018702,-1.4469834208638
-51.1948374018702,-1.4469834208638
-51.2893374018702,-1.6106621458638
-51.1948374018702,-1.7743408708638
-51.0058374018702,-1.7743408708638
-50.9248374018702,-1.5872794708638
-50.9383374018702,-1.5638967958638
-50.9518374018702,-1.5405141208638
-50.9653374018702,-1.5171314458638
-50.9788374018702,-1.4937487708638
-50.9923374018702,-1.4703660958638
-51.0328374018702,-1.4469834208638
-51.0598374018702,-1.4469834208638
-51.0868374018702,-1.4469834208638
-51.1138374018702,-1.4469834208638
-51.1408374018702,-1.4469834208638
-51.1678374018702,-1.4469834208638
-51.2083374018702,-1.4703660958638
-51.2218374018702,-1.4937487708638
-51.2353374018702,-1.5171314458638
-51.2488374018702,-1.5405141208638
-51.2623374018702,-1.5638967958638
-51.2758374018702,-1.5872794708638
-51.2758374018702,-1.6340448208638
-51.2623374018702,-1.6574274958638
-51.2488374018702,-1.6808101708638
-51.2353374018702,-1.7041928458638
-51.2218374018702,-1.7275755208638
-51.2083374018702,-1.7509581958638
-51.1678374018702,-1.7743408708638
-51.1408374018702,-1.7743408708638
-51.1138374018702,-1.7743408708638
-51.0868374018702,-1.7743408708638
-51.0598374018702,-1.7743408708638
-51.0328374018702,-1.7743408708638
-50.9923374018702,-1.7509581958638
-50.9788374018702,-1.7275755208638
-50.9653374018702,-1.7041928458638
-50.9518374018702,-1.6808101708638
-50.9383374018702,-1.6574274958638
-50.9248374018702,-1.6340448208638
-50.8843374018702,-1.6106621458638
-50.9923374018702,-1.4236007458638
-51.2083374018702,-1.4236007458638
-51.3163374018702,-1.6106621458638
-51.2083374018702,-1.7977235458638
-50.9923374018702,-1.7977235458638
-50.8978374018702,-1.5872794708638
-50.9113374018702,-1.5638967958638
-50.9248374018702,-1.5405141208638
-50.9383374018702,-1.5171314458638
-50.9518374018702,-1.4937487708638
-50.9653374018702,-1.4703660958638
-50.9788374018702,-1.4469834208638
-51.0193374018702,-1.4236007458638
-51.0463374018702,-1.4236007458638
-51.0733374018702,-1.4236007458638
-51.1003374018702,-1.4236007458638
-51.1273374018702,-1.4236007458638
-51.1543374018702,-1.4236007458638
-51.1813374018702,-1.4236007458638
-51.2218374018702,-1.4469834208638
-51.2353374018702,-1.4703660958638
-51.2488374018702,-1.4937487708638
-51.2623374018702,-1.5171314458638
-51.2758374018702,-1.5405141208638
-51.2893374018702,-1.5638967958638
-51.3028374018702,-1.5872794708638
-51.3028374018702,-1.6340448208638
-51.2893374018702,-1.6574274958638
-51.2758374018702,-1.6808101708638
-51.2623374018702,-1.7041928458638
-51.2488374018702,-1.7275755208638
-51.2353374018702,-1.7509581958638
-51.2218374018702,-1.7743408708638
-51.1813374018702,-1.7977235458638
-51.1543374018702,-1.7977235458638
-51.1273374018702,-1.7977235458638
-51.1003374018702,-1.7977235458638
-51.0733374018702,-1.7977235458638
-51.0463374018702,-1.7977235458638
-51.0193374018702,-1.7977235458638
-50.9788374018702,-1.7743408708638
-50.9653374018702,-1.7509581958638
-50.9518374018702,-1.7275755208638
-50.9383374018702,-1.7041928458638
-50.9248374018702,-1.6808101708638
-50.9113374018702,-1.6574274958638
-50.8978374018702,-1.6340448208638
-50.8573374018702,-1.6106621458638
-50.9788374018702,-1.4002180708638
-51.2218374018702,-1.4002180708638
-51.3433374018702,-1.6106621458638
-50.9788374018702,-1.8211062208638
-50.8708374018702,-1.5872794708638
-50.8843374018702,-1.5638967958638
-50.8978374018702,-1.5405141208638
-50.9113374018702,-1.5171314458638
-50.9248374018702,-1.4937487708638
-50.9383374018702,-1.4703660958638
-50.9518374018702,-1.4469834208638
-50.9653374018702,-1.4236007458638
-51.0058374018702,-1.4002180708638
-51.0328374018702,-1.4002180708638
-51.0598374018702,-1.4002180708638
-51.0868374018702,-1.4002180708638
-51.1138374018702,-1.4002180708638
-51.1408374018702,-1.4002180708638
-51.1678374018702,-1.4002180708638
-51.1948374018702,-1.4002180708638
-51.2353374018702,-1.4236007458638
-51.2488374018702,-1.4469834208638
-51.2623374018702,-1.4703660958638
-51.2758374018702,-1.4937487708638
-51.2893374018702,-1.5171314458638
-51.3028374018702,-1.5405141208638
-51.3163374018702,-1.5638967958638
-51.3298374018702,-1.5872794708638
-51.3298374018702,-1.6340448208638
-51.3163374018702,-1.6574274958638
-51.3028374018702,-1.6808101708638
-51.2893374018702,-1.7041928458638
-51.2758374018702,-1.7275755208638
-51.2623374018702,-1.7509581958638
-51.2488374018702,-1.7743408708638
-51.1138374018702,-1.8211062208638
-51.0328374018702,-1.8211062208638
-51.0058374018702,-1.8211062208638
-50.9653374018702,-1.7977235458638
-50.9518374018702,-1.7743408708638
-50.9383374018702,-1.7509581958638
-50.9248374018702,-1.7275755208638
-50.9113374018702,-1.7041928458638
-50.8978374018702,-1.6808101708638
-50.8843374018702,-1.6574274958638
-50.8708374018702,-1.6340448208638
-50.8303374018702,-1.6106621458638
-50.9653374018702,-1.3768353958638
-51.2353374018702,-1.3768353958638
-51.3703374018702,-1.6106621458638
-50.9653374018702,-1.8444888958638
-50.8438374018702,-1.5872794708638
-50.8573374018702,-1.5638967958638
-50.8708374018702,-1.5405141208638
-50.8843374018702,-1.5171314458638
-50.8978374018702,-1.4937487708638
-50.9113374018702,-1.4703660958638
-50.9248374018702,-1.4469834208638
-50.9383374018702,-1.4236007458638
-50.9518374018702,-1.4002180708638
-50.9923374018702,-1.3768353958638
-51.0193374018702,-1.3768353958638
-51.0463374018702,-1.3768353958638
-51.0733374018702,-1.3768353958638
-51.1003374018702,-1.3768353958638
-51.1273374018702,-1.3768353958638
-51.1543374018702,-1.3768353958638
-51.1813374018702,-1.3768353958638
-51.2083374018702,-1.3768353958638
-51.2488374018702,-1.4002180708638
-51.2623374018702,-1.4236007458638
-51.2758374018702,-1.4469834208638
-51.2893374018702,-1.4703660958638
-51.3028374018702,-1.4937487708638
-51.3163374018702,-1.5171314458638
-51.3298374018702,-1.5405141208638
-51.3433374018702,-1.5638967958638
-51.3568374018702,-1.5872794708638
-51.3568374018702,-1.6340448208638
-51.3433374018702,-1.6574274958638
-51.3298374018702,-1.6808101708638
-51.3163374018702,-1.7041928458638
-51.3028374018702,-1.7275755208638
-51.0193374018702,-1.8444888958638
-50.9518374018702,-1.8211062208638
-50.9383374018702,-1.7977235458638
-50.9248374018702,-1.7743408708638
-50.9113374018702,-1.7509581958638
-50.8978374018702,-1.7275755208638
-50.8843374018702,-1.7041928458638
-50.8708374018702,-1.6808101708638
-50.8573374018702,-1.6574274958638
-50.8438374018702,-1.6340448208638
-50.8033374018702,-1.6106621458638
-50.9518374018702,-1.3534527208638
-51.2488374018702,-1.3534527208638
-51.3973374018702,-1.6106621458638
-50.8168374018702,-1.5872794708638
-50.8303374018702,-1.5638967958638
-50.8438374018702,-1.5405141208638
-50.8573374018702,-1.5171314458638
-50.8708374018702,-1.4937487708638
-50.8843374018702,-1.4703660958638
-50.8978374018702,-1.4469834208638
-50.9113374018702,-1.4236007458638
-50.9248374018702,-1.4002180708638
-50.9383374018702,-1.3768353958638
-50.9788374018702,-1.3534527208638
-51.0058374018702,-1.3534527208638
-51.0328374018702,-1.3534527208638
-51.0598374018702,-1.3534527208638
-51.0868374018702,-1.3534527208638
-51.1138374018702,-1.3534527208638
-51.1408374018702,-1.3534527208638
-51.1678374018702,-1.3534527208638
-51.1948374018702,-1.3534527208638
-51.2218374018702,-1.3534527208638
-51.2623374018702,-1.3768353958638
-51.2758374018702,-1.4002180708638
-51.2893374018702,-1.4236007458638
-51.3028374018702,-1.4469834208638
-51.3163374018702,-1.4703660958638
-51.3298374018702,-1.4937487708638
-51.3433374018702,-1.5171314458638
-51.3568374018702,-1.5405141208638
-51.3703374018702,-1.5638967958638
-51.3838374018702,-1.5872794708638
-51.3838374018702,-1.6340448208638
-51.3703374018702,-1.6574274958638
-51.3568374018702,-1.6808101708638
-51.3433374018702,-1.7041928458638
-51.3298374018702,-1.7275755208638
-50.9383374018702,-1.8444888958638
-50.9248374018702,-1.8211062208638
-50.9113374018702,-1.7977235458638
-50.8978374018702,-1.7743408708638
-50.8843374018702,-1.7509581958638
-50.8708374018702,-1.7275755208638
-50.8573374018702,-1.7041928458638
-50.8438374018702,-1.6808101708638
-50.8303374018702,-1.6574274958638
-50.8168374018702,-1.6340448208638
-50.7763374018702,-1.6106621458638
-50.9383374018702,-1.3300700458638
-51.2623374018702,-1.3300700458638
-51.4243374018702,-1.6106621458638
-50.7898374018702,-1.5872794708638
-50.8033374018702,-1.5638967958638
-50.8168374018702,-1.5405141208638
-50.8303374018702,-1.5171314458638
-50.8438374018702,-1.4937487708638
-50.8573374018702,-1.4703660958638
-50.8843374018702,-1.4236007458638
-50.9113374018702,-1.3768353958638
-50.9248374018702,-1.3534527208638
-50.9653374018702,-1.3300700458638
-50.9923374018702,-1.3300700458638
-51.0193374018702,-1.3300700458638
-51.0463374018702,-1.3300700458638
-51.0733374018702,-1.3300700458638
-51.1003374018702,-1.3300700458638
-51.1273374018702,-1.3300700458638
-51.1543374018702,-1.3300700458638
-51.1813374018702,-1.3300700458638
-51.2083374018702,-1.3300700458638
-51.2353374018702,-1.3300700458638
-51.2758374018702,-1.3534527208638
-51.2893374018702,-1.3768353958638
-51.3028374018702,-1.4002180708638
-51.3163374018702,-1.4236007458638
-51.3298374018702,-1.4469834208638
-51.3433374018702,-1.4703660958638
-51.3568374018702,-1.4937487708638
-51.3703374018702,-1.5171314458638
-51.3838374018702,-1.5405141208638
-51.3973374018702,-1.5638967958638
-51.4108374018702,-1.5872794708638
-51.4108374018702,-1.6340448208638
-51.3973374018702,-1.6574274958638
-51.3838374018702,-1.6808101708638
-51.3703374018702,-1.7041928458638
-51.3568374018702,-1.7275755208638
-51.3433374018702,-1.7509581958638
-50.9248374018702,-1.8678715708638
-50.9113374018702,-1.8444888958638
-50.8978374018702,-1.8211062208638
-50.8843374018702,-1.7977235458638
-50.8708374018702,-1.7743408708638
-50.8573374018702,-1.7509581958638
-50.8438374018702,-1.7275755208638
-50.8303374018702,-1.7041928458638
-50.8168374018702,-1.6808101708638
-50.8033374018702,-1.6574274958638
-50.7898374018702,-1.6340448208638
-50.7493374018702,-1.6106621458638
-50.9248374018702,-1.3066873708638
-50.7628374018702,-1.5872794708638
-50.7763374018702,-1.5638967958638
-50.7898374018702,-1.5405141208638
-50.8033374018702,-1.5171314458638
-50.8168374018702,-1.4937487708638
-50.8303374018702,-1.4703660958638
-50.8438374018702,-1.4469834208638
-50.8978374018702,-1.3534527208638
-50.9113374018702,-1.3300700458638
-50.9518374018702,-1.3066873708638
-50.9788374018702,-1.3066873708638
-51.0058374018702,-1.3066873708638
-51.0328374018702,-1.3066873708638
-51.0598374018702,-1.3066873708638
-51.0868374018702,-1.3066873708638
-51.1138374018702,-1.3066873708638
-51.1408374018702,-1.3066873708638
-51.1678374018702,-1.3066873708638
-51.1948374018702,-1.3066873708638
-51.2218374018702,-1.3066873708638
-51.2488374018702,-1.3066873708638
-51.4378374018702,-1.6340448208638
-51.4243374018702,-1.6574274958638
-51.4108374018702,-1.6808101708638
-51.3973374018702,-1.7041928458638
-51.3838374018702,-1.7275755208638
-51.3703374018702,-1.7509581958638
-50.8978374018702,-1.8678715708638
-50.8843374018702,-1.8444888958638
-50.8708374018702,-1.8211062208638
-50.8573374018702,-1.7977235458638
-50.8438374018702,-1.7743408708638
-50.8303374018702,-1.7509581958638
-50.8168374018702,-1.7275755208638
-50.8033374018702,-1.7041928458638
-50.7898374018702,-1.6808101708638
-50.7763374018702,-1.6574274958638
-50.7628374018702,-1.6340448208638
-50.7223374018702,-1.6106621458638
-50.9113374018702,-1.2833046958638
-50.7358374018702,-1.5872794708638
-50.7493374018702,-1.5638967958638
-50.7628374018702,-1.5405141208638
-50.7763374018702,-1.5171314458638
-50.7898374018702,-1.4937487708638
-50.8033374018702,-1.4703660958638
-50.8168374018702,-1.4469834208638
-50.8843374018702,-1.3300700458638
-50.8978374018702,-1.3066873708638
-50.9383374018702,-1.2833046958638
-50.9653374018702,-1.2833046958638
-50.9923374018702,-1.2833046958638
-51.0193374018702,-1.2833046958638
-51.0463374018702,-1.2833046958638
-51.0733374018702,-1.2833046958638
-51.1003374018702,-1.2833046958638
-51.1273374018702,-1.2833046958638
-51.1543374018702,-1.2833046958638
-51.1813374018702,-1.2833046958638
-51.2083374018702,-1.2833046958638
-51.2353374018702,-1.2833046958638
-51.4513374018702,-1.6574274958638
-51.4378374018702,-1.6808101708638
-51.4243374018702,-1.7041928458638
-51.4108374018702,-1.7275755208638
-51.3973374018702,-1.7509581958638
-51.3838374018702,-1.7743408708638
-50.8708374018702,-1.8678715708638
-50.8573374018702,-1.8444888958638
-50.8438374018702,-1.8211062208638
-50.8303374018702,-1.7977235458638
-50.8168374018702,-1.7743408708638
-50.8033374018702,-1.7509581958638
-50.7898374018702,-1.7275755208638
-50.7763374018702,-1.7041928458638
-50.7628374018702,-1.6808101708638
-50.7493374018702,-1.6574274958638
-50.7358374018702,-1.6340448208638
-50.6953374018702,-1.6106621458638
-50.8978374018702,-1.2599220208638
-50.7088374018702,-1.5872794708638
-50.8708374018702,-1.3066873708638
-50.8843374018702,-1.2833046958638
-50.9248374018702,-1.2599220208638
-50.9518374018702,-1.2599220208638
-50.9788374018702,-1.2599220208638
-51.0058374018702,-1.2599220208638
-51.0328374018702,-1.2599220208638
-51.0598374018702,-1.2599220208638
-51.0868374018702,-1.2599220208638
-51.1138374018702,-1.2599220208638
-51.1408374018702,-1.2599220208638
-51.1678374018702,-1.2599220208638
-51.1948374018702,-1.2599220208638
-51.2218374018702,-1.2599220208638
-51.4783374018702,-1.6574274958638
-51.4648374018702,-1.6808101708638
-51.4513374018702,-1.7041928458638
-51.4378374018702,-1.7275755208638
-51.4243374018702,-1.7509581958638
-51.4108374018702,-1.7743408708638
-50.8573374018702,-1.8912542458638
-50.8438374018702,-1.8678715708638
-50.8303374018702,-1.8444888958638
-50.8168374018702,-1.8211062208638
-50.8033374018702,-1.7977235458638
-50.7898374018702,-1.7743408708638
-50.7763374018702,-1.7509581958638
-50.7628374018702,-1.7275755208638
-50.7493374018702,-1.7041928458638
-50.7358374018702,-1.6808101708638
-50.7223374018702,-1.6574274958638
-50.7088374018702,-1.6340448208638
-50.8843374018702,-1.2365393458638
-50.8573374018702,-1.2833046958638
-50.8708374018702,-1.2599220208638
-50.9113374018702,-1.2365393458638
-50.9383374018702,-1.2365393458638
-50.9653374018702,-1.2365393458638
-50.9923374018702,-1.2365393458638
-51.0193374018702,-1.2365393458638
-51.0463374018702,-1.2365393458638
-51.0733374018702,-1.2365393458638
-51.1003374018702,-1.2365393458638
-51.1273374018702,-1.2365393458638
-51.1543374018702,-1.2365393458638
-51.1813374018702,-1.2365393458638
-51.2083374018702,-1.2365393458638
-51.5053374018702,-1.6574274958638
-51.4918374018702,-1.6808101708638
-51.4783374018702,-1.7041928458638
-51.4648374018702,-1.7275755208638
-51.4513374018702,-1.7509581958638
-51.4378374018702,-1.7743408708638
-50.8303374018702,-1.8912542458638
-50.8168374018702,-1.8678715708638
-50.8033374018702,-1.8444888958638
-50.7898374018702,-1.8211062208638
-50.7763374018702,-1.7977235458638
-50.7628374018702,-1.7743408708638
-50.7493374018702,-1.7509581958638
-50.7358374018702,-1.7275755208638
-50.7223374018702,-1.7041928458638
-50.7088374018702,-1.6808101708638
-50.6953374018702,-1.6574274958638
-50.6818374018702,-1.6340448208638
-50.8708374018702,-1.2131566708638
-50.8303374018702,-1.2833046958638
-50.8438374018702,-1.2599220208638
-50.8573374018702,-1.2365393458638
-50.8978374018702,-1.2131566708638
-50.9248374018702,-1.2131566708638
-50.9518374018702,-1.2131566708638
-50.9788374018702,-1.2131566708638
-51.0058374018702,-1.2131566708638
-51.0328374018702,-1.2131566708638
-51.0598374018702,-1.2131566708638
-51.0868374018702,-1.2131566708638
-51.1138374018702,-1.2131566708638
-51.1408374018702,-1.2131566708638
-51.1678374018702,-1.2131566708638
-51.1948374018702,-1.2131566708638
-51.2218374018702,-1.2131566708638
-51.2488374018702,-1.2131566708638
-51.5188374018702,-1.6808101708638
-51.5053374018702,-1.7041928458638
-51.4918374018702,-1.7275755208638
-51.4783374018702,-1.7509581958638
-51.4648374018702,-1.7743408708638
-51.4513374018702,-1.7977235458638
-50.8033374018702,-1.8912542458638
-50.7898374018702,-1.8678715708638
-50.7763374018702,-1.8444888958638
-50.7628374018702,-1.8211062208638
-50.7493374018702,-1.7977235458638
-50.7358374018702,-1.7743408708638
-50.7223374018702,-1.7509581958638
-50.7088374018702,-1.7275755208638
-50.6953374018702,-1.7041928458638
-50.6818374018702,-1.6808101708638
-50.6683374018702,-1.6574274958638
-50.6548374018702,-1.6340448208638
-50.8573374018702,-1.1897739958638
-50.8168374018702,-1.2599220208638
-50.8303374018702,-1.2365393458638
-50.8438374018702,-1.2131566708638
-50.8843374018702,-1.1897739958638
-50.9113374018702,-1.1897739958638
-50.9383374018702,-1.1897739958638
-50.9653374018702,-1.1897739958638
-50.9923374018702,-1.1897739958638
-51.0193374018702,-1.1897739958638
-51.0463374018702,-1.1897739958638
-51.0733374018702,-1.1897739958638
-51.1003374018702,-1.1897739958638
-51.1273374018702,-1.1897739958638
-51.1543374018702,-1.1897739958638
-51.1813374018702,-1.1897739958638
-51.2083374018702,-1.1897739958638
-51.2353374018702,-1.1897739958638
-51.2623374018702,-1.1897739958638
-51.5458374018702,-1.6808101708638
-51.5323374018702,-1.7041928458638
-51.5188374018702,-1.7275755208638
-51.5053374018702,-1.7509581958638
-51.4918374018702,-1.7743408708638
-51.4783374018702,-1.7977235458638
-51.4648374018702,-1.8211062208638
-50.7763374018702,-1.8912542458638
-50.7628374018702,-1.8678715708638
-50.7493374018702,-1.8444888958638
-50.7358374018702,-1.8211062208638
-50.7223374018702,-1.7977235458638
-50.7088374018702,-1.7743408708638
-50.6953374018702,-1.7509581958638
-50.6818374018702,-1.7275755208638
-50.6683374018702,-1.7041928458638
-50.6548374018702,-1.6808101708638
-50.6413374018702,-1.6574274958638
-50.8168374018702,-1.2131566708638
-50.8978374018702,-1.1663913208638
-50.9248374018702,-1.1663913208638
-50.9518374018702,-1.1663913208638
-50.9788374018702,-1.1663913208638
-51.0058374018702,-1.1663913208638
-51.0328374018702,-1.1663913208638
-51.0598374018702,-1.1663913208638
-51.0868374018702,-1.1663913208638
-51.1138374018702,-1.1663913208638
-51.1408374018702,-1.1663913208638
-51.1678374018702,-1.1663913208638
-51.1948374018702,-1.1663913208638
-51.2218374018702,-1.1663913208638
-51.5593374018702,-1.7041928458638
-51.5458374018702,-1.7275755208638
-51.5323374018702,-1.7509581958638
-51.5188374018702,-1.7743408708638
-51.5053374018702,-1.7977235458638
-51.4918374018702,-1.8211062208638
-50.7493374018702,-1.8912542458638
-50.7358374018702,-1.8678715708638
-50.7223374018702,-1.8444888958638
-50.7088374018702,-1.8211062208638
-50.6953374018702,-1.7977235458638
-50.6818374018702,-1.7743408708638
-50.6683374018702,-1.7509581958638
-50.6548374018702,-1.7275755208638
-50.6413374018702,-1.7041928458638
-50.6278374018702,-1.6808101708638
-50.6143374018702,-1.6574274958638
-50.9383374018702,-1.1430086458638
-50.9653374018702,-1.1430086458638
-50.9923374018702,-1.1430086458638
-51.0193374018702,-1.1430086458638
-51.0463374018702,-1.1430086458638
-51.1813374018702,-1.1430086458638
-51.2083374018702,-1.1430086458638
-51.5863374018702,-1.7041928458638
-51.5728374018702,-1.7275755208638
-51.5593374018702,-1.7509581958638
-51.5458374018702,-1.7743408708638
-51.5323374018702,-1.7977235458638
-51.5188374018702,-1.8211062208638
-50.6548374018702,-1.7743408708638
-50.6413374018702,-1.7509581958638
-50.6278374018702,-1.7275755208638
-50.6143374018702,-1.7041928458638
-50.6008374018702,-1.6808101708638
-50.9518374018702,-1.1196259708638
-51.0058374018702,-1.1196259708638
-51.1948374018702,-1.1196259708638
-51.6133374018702,-1.7041928458638
-51.5998374018702,-1.7275755208638
-51.5863374018702,-1.7509581958638
-51.5728374018702,-1.7743408708638
-51.5593374018702,-1.7977235458638
-51.5458374018702,-1.8211062208638
-51.5323374018702,-1.8444888958638
-50.6278374018702,-1.7743408708638
-50.6143374018702,-1.7509581958638
-50.6008374018702,-1.7275755208638
-50.5873374018702,-1.7041928458638
-51.6268374018702,-1.7275755208638
-51.6133374018702,-1.7509581958638
-51.5998374018702,-1.7743408708638
-51.5863374018702,-1.7977235458638
-51.5728374018702,-1.8211062208638
-51.5593374018702,-1.8444888958638
-50.6143374018702,-1.7977235458638
-50.6008374018702,-1.7743408708638
-50.5873374018702,-1.7509581958638
-50.5738374018702,-1.7275755208638
-51.6538374018702,-1.7275755208638
-51.6403374018702,-1.7509581958638
-51.6268374018702,-1.7743408708638
-51.6133374018702,-1.7977235458638
-51.5998374018702,-1.8211062208638
-51.5863374018702,-1.8444888958638
-51.5728374018702,-1.8678715708638
-50.6008374018702,-1.8211062208638
-50.5873374018702,-1.7977235458638
-50.5738374018702,-1.7743408708638
-50.5603374018702,-1.7509581958638
-51.6808374018702,-1.7275755208638
-51.6673374018702,-1.7509581958638
-51.6538374018702,-1.7743408708638
-51.6403374018702,-1.7977235458638
-51.6268374018702,-1.8211062208638
-51.6133374018702,-1.8444888958638
-51.5998374018702,-1.8678715708638
-50.5873374018702,-1.8444888958638
-50.5738374018702,-1.8211062208638
-50.5603374018702,-1.7977235458638
-50.5468374018702,-1.7743408708638
-50.5333374018702,-1.7509581958638
-51.7078374018703,-1.7275755208638
-51.6943374018702,-1.7509581958638
-51.6808374018702,-1.7743408708638
-51.6673374018702,-1.7977235458638
-51.6538374018702,-1.8211062208638
-51.6403374018702,-1.8444888958638
-51.6268374018702,-1.8678715708638
-50.5603374018702,-1.8444888958638
-50.5468374018702,-1.8211062208638
-50.5333374018702,-1.7977235458638
-50.5198374018702,-1.7743408708638
-50.5063374018702,-1.7509581958638
-51.7348374018703,-1.7275755208638
-51.7213374018703,-1.7509581958638
-51.7078374018703,-1.7743408708638
-51.6943374018702,-1.7977235458638
-51.6808374018702,-1.8211062208638
-51.6673374018702,-1.8444888958638
-50.5468374018702,-1.8678715708638
-50.5333374018702,-1.8444888958638
-50.5198374018702,-1.8211062208638
-50.5063374018702,-1.7977235458638
-50.4928374018702,-1.7743408708638
-51.7618374018703,-1.7275755208638
-51.7483374018703,-1.7509581958638
-51.7348374018703,-1.7743408708638
-51.7213374018703,-1.7977235458638
-51.7078374018703,-1.8211062208638
-51.6943374018702,-1.8444888958638
-50.5333374018702,-1.8912542458638
-50.5198374018702,-1.8678715708638
-50.5063374018702,-1.8444888958638
-50.4928374018702,-1.8211062208638
-50.4793374018702,-1.7977235458638
-51.7753374018703,-1.7509581958638
-51.7618374018703,-1.7743408708638
-51.7483374018703,-1.7977235458638
-51.7348374018703,-1.8211062208638
-51.7213374018703,-1.8444888958638
-51.7078374018703,-1.8678715708638
-50.5198374018702,-1.9146369208638
-50.5063374018702,-1.8912542458638
-50.4928374018702,-1.8678715708638
-50.4793374018702,-1.8444888958638
-50.4658374018702,-1.8211062208638
-50.4523374018702,-1.7977235458638
-51.8023374018703,-1.7509581958638
-51.7888374018703,-1.7743408708638
-51.7753374018703,-1.7977235458638
-51.7618374018703,-1.8211062208638
-51.7483374018703,-1.8444888958638
-51.7348374018703,-1.8678715708638
-50.4928374018702,-1.9146369208638
-50.4793374018702,-1.8912542458638
-50.4658374018702,-1.8678715708638
-50.4523374018702,-1.8444888958638
-50.4388374018702,-1.8211062208638
-50.4253374018702,-1.7977235458638
-51.8293374018703,-1.7509581958638
-51.8158374018703,-1.7743408708638
-51.8023374018703,-1.7977235458638
-51.7888374018703,-1.8211062208638
-51.7753374018703,-1.8444888958638
-51.7618374018703,-1.8678715708638
-51.7483374018703,-1.8912542458638
-50.4658374018702,-1.9146369208638
-50.4523374018702,-1.8912542458638
-50.4388374018702,-1.8678715708638
-50.4253374018702,-1.8444888958638
-50.4118374018702,-1.8211062208638
-50.3983374018702,-1.7977235458638
-51.8428374018703,-1.7743408708638
-51.8293374018703,-1.7977235458638
-51.8158374018703,-1.8211062208638
-51.8023374018703,-1.8444888958638
-51.7888374018703,-1.8678715708638
-51.7753374018703,-1.8912542458638
-51.7618374018703,-1.9146369208638
-50.4388374018702,-1.9146369208638
-50.4253374018702,-1.8912542458638
-50.4118374018702,-1.8678715708638
-50.3983374018702,-1.8444888958638
-50.3848374018702,-1.8211062208638
-51.8833374018703,-1.7509581958638
-51.8698374018703,-1.7743408708638
-51.8563374018703,-1.7977235458638
-51.8428374018703,-1.8211062208638
-51.8293374018703,-1.8444888958638
-51.8158374018703,-1.8678715708638
-51.8023374018703,-1.8912542458638
-51.7888374018703,-1.9146369208638
-51.7753374018703,-1.9380195958638
-50.4118374018702,-1.9146369208638
-50.3983374018702,-1.8912542458638
-50.3848374018702,-1.8678715708638
-50.3713374018702,-1.8444888958638
-50.3578374018702,-1.8211062208638
-51.9103374018703,-1.7509581958638
-51.8968374018703,-1.7743408708638
-51.8833374018703,-1.7977235458638
-51.8698374018703,-1.8211062208638
-51.8563374018703,-1.8444888958638
-51.8428374018703,-1.8678715708638
-51.8293374018703,-1.8912542458638
-51.8158374018703,-1.9146369208638
-51.8023374018703,-1.9380195958638
-50.3983374018702,-1.9380195958638
-50.3848374018702,-1.9146369208638
-50.3713374018702,-1.8912542458638
-50.3578374018702,-1.8678715708638
-50.3443374018702,-1.8444888958638
-50.3308374018702,-1.8211062208638
-51.9238374018703,-1.7743408708638
-51.9103374018703,-1.7977235458638
-51.8968374018703,-1.8211062208638
-51.8833374018703,-1.8444888958638
-51.8698374018703,-1.8678715708638
-51.8563374018703,-1.8912542458638
-51.8428374018703,-1.9146369208638
-51.8293374018703,-1.9380195958638
-51.8158374018703,-1.9614022708638
-50.3713374018702,-1.9380195958638
-50.3578374018702,-1.9146369208638
-50.3443374018702,-1.8912542458638
-50.3308374018702,-1.8678715708638
-50.3173374018702,-1.8444888958638
-50.3038374018702,-1.8211062208638
-51.9373374018703,-1.7977235458638
-51.9238374018703,-1.8211062208638
-51.9103374018703,-1.8444888958638
-51.8968374018703,-1.8678715708638
-51.8833374018703,-1.8912542458638
-51.8698374018703,-1.9146369208638
-51.8563374018703,-1.9380195958638
-50.3173374018702,-1.8912542458638
-50.3038374018702,-1.8678715708638
-50.2903374018702,-1.8444888958638
-51.9508374018703,-1.8211062208638
-51.9373374018703,-1.8444888958638
-51.9238374018703,-1.8678715708638
-51.9103374018703,-1.8912542458638
-51.8968374018703,-1.9146369208638
-51.9643374018703,-1.8444888958638
-51.9508374018703,-1.8678715708638
-51.9373374018703,-1.8912542458638
