-56.2203485574196,-2.6230329838209
-56.1933485574196,-2.6230329838209
-56.2068485574196,-2.5996503088209
-56.2338485574196,-2.5996503088209
-56.2473485574196,-2.6230329838209
-56.2338485574196,-2.6464156588209
-56.2068485574196,-2.6464156588209
-56.1663485574196,-2.6230329838209
-56.1933485574196,-2.5762676338209
-56.2473485574196,-2.5762676338209
-56.2743485574196,-2.6230329838209
-56.2473485574196,-2.6697983338209
-56.1933485574196,-2.6697983338209
-56.1798485574196,-2.5996503088209
-56.2203485574196,-2.5762676338209
-56.2608485574196,-2.5996503088209
-56.2608485574196,-2.6464156588209
-56.2203485574196,-2.6697983338209
-56.1798485574196,-2.6464156588209
-56.1393485574196,-2.6230329838209
-56.1798485574196,-2.5528849588209
-56.2608485574196,-2.5528849588209
-56.3013485574196,-2.6230329838209
-56.2608485574196,-2.6931810088209
-56.1798485574196,-2.6931810088209
-56.1528485574196,-2.5996503088209
-56.1663485574196,-2.5762676338209
-56.2068485574196,-2.5528849588209
-56.2338485574196,-2.5528849588209
-56.2743485574196,-2.5762676338209
-56.2878485574196,-2.5996503088209
-56.2878485574196,-2.6464156588209
-56.2743485574196,-2.6697983338209
-56.2338485574196,-2.6931810088209
-56.2068485574196,-2.6931810088209
-56.1663485574196,-2.6697983338209
-56.1528485574196,-2.6464156588209
-56.1123485574196,-2.6230329838209
-56.1663485574196,-2.5295022838209
-56.2743485574196,-2.5295022838209
-56.3283485574196,-2.6230329838209
-56.2743485574196,-2.7165636838209
-56.1663485574196,-2.7165636838209
-56.1258485574196,-2.5996503088209
-56.1393485574196,-2.5762676338209
-56.1528485574196,-2.5528849588209
-56.1933485574196,-2.5295022838209
-56.2203485574196,-2.5295022838209
-56.2473485574196,-2.5295022838209
-56.2878485574196,-2.5528849588209
-56.3013485574196,-2.5762676338209
-56.3148485574196,-2.5996503088209
-56.3148485574196,-2.6464156588209
-56.3013485574196,-2.6697983338209
-56.2878485574196,-2.6931810088209
-56.2473485574196,-2.7165636838209
-56.2203485574196,-2.7165636838209
-56.1933485574196,-2.7165636838209
-56.1528485574196,-2.6931810088209
-56.1393485574196,-2.6697983338209
-56.1258485574196,-2.6464156588209
-56.0853485574196,-2.6230329838209
-56.1528485574196,-2.5061196088209
-56.2878485574196,-2.5061196088209
-56.3553485574196,-2.6230329838209
-56.2878485574196,-2.7399463588209
-56.1528485574196,-2.7399463588209
-56.0988485574196,-2.5996503088209
-56.1123485574196,-2.5762676338209
-56.1258485574196,-2.5528849588209
-56.1393485574196,-2.5295022838209
-56.1798485574196,-2.5061196088209
-56.2068485574196,-2.5061196088209
-56.2338485574196,-2.5061196088209
-56.2608485574196,-2.5061196088209
-56.3013485574196,-2.5295022838209
-56.3148485574196,-2.5528849588209
-56.3283485574196,-2.5762676338209
-56.3418485574196,-2.5996503088209
-56.3418485574196,-2.6464156588209
-56.3283485574196,-2.6697983338209
-56.3148485574196,-2.6931810088209
-56.3013485574196,-2.7165636838209
-56.2608485574196,-2.7399463588209
-56.2338485574196,-2.7399463588209
-56.2068485574196,-2.7399463588209
-56.1798485574196,-2.7399463588209
-56.1393485574196,-2.7165636838209
-56.1258485574196,-2.6931810088209
-56.1123485574196,-2.6697983338209
-56.0988485574196,-2.6464156588209
-56.0583485574196,-2.6230329838209
-56.1393485574196,-2.4827369338209
-56.3013485574196,-2.4827369338209
-56.3823485574196,-2.6230329838209
-56.3013485574196,-2.7633290338209
-56.1393485574196,-2.7633290338209
-56.0718485574196,-2.5996503088209
-56.0853485574196,-2.5762676338209
-56.0988485574196,-2.5528849588209
-56.1123485574196,-2.5295022838209
-56.1258485574196,-2.5061196088209
-56.1663485574196,-2.4827369338209
-56.1933485574196,-2.4827369338209
-56.2203485574196,-2.4827369338209
-56.2473485574196,-2.4827369338209
-56.2743485574196,-2.4827369338209
-56.3148485574196,-2.5061196088209
-56.3283485574196,-2.5295022838209
-56.3418485574196,-2.5528849588209
-56.3553485574196,-2.5762676338209
-56.3688485574196,-2.5996503088209
-56.3688485574196,-2.6464156588209
-56.3553485574196,-2.6697983338209
-56.3418485574196,-2.6931810088209
-56.3283485574196,-2.7165636838209
-56.3148485574196,-2.7399463588209
-56.2743485574196,-2.7633290338209
-56.2473485574196,-2.7633290338209
-56.2203485574196,-2.7633290338209
-56.1933485574196,-2.7633290338209
-56.1663485574196,-2.7633290338209
-56.1258485574196,-2.7399463588209
-56.1123485574196,-2.7165636838209
-56.0988485574196,-2.6931810088209
-56.0853485574196,-2.6697983338209
-56.0718485574196,-2.6464156588209
-56.0313485574196,-2.6230329838209
-56.1258485574196,-2.4593542588209
-56.3148485574196,-2.4593542588209
-56.4093485574196,-2.6230329838209
-56.3148485574196,-2.7867117088209
-56.1258485574196,-2.7867117088209
-56.0448485574196,-2.5996503088209
-56.0583485574196,-2.5762676338209
-56.0718485574196,-2.5528849588209
-56.0853485574196,-2.5295022838209
-56.0988485574196,-2.5061196088209
-56.1123485574196,-2.4827369338209
-56.1528485574196,-2.4593542588209
-56.1798485574196,-2.4593542588209
-56.2068485574196,-2.4593542588209
-56.2338485574196,-2.4593542588209
-56.2608485574196,-2.4593542588209
-56.2878485574196,-2.4593542588209
-56.3283485574196,-2.4827369338209
-56.3418485574196,-2.5061196088209
-56.3553485574196,-2.5295022838209
-56.3688485574196,-2.5528849588209
-56.3823485574196,-2.5762676338209
-56.3958485574196,-2.5996503088209
-56.3958485574196,-2.6464156588209
-56.3823485574196,-2.6697983338209
-56.3688485574196,-2.6931810088209
-56.3553485574196,-2.7165636838209
-56.3418485574196,-2.7399463588209
-56.3283485574196,-2.7633290338209
-56.2878485574196,-2.7867117088209
-56.2608485574196,-2.7867117088209
-56.2338485574196,-2.7867117088209
-56.2068485574196,-2.7867117088209
-56.1798485574196,-2.7867117088209
-56.1528485574196,-2.7867117088209
-56.1123485574196,-2.7633290338209
-56.0988485574196,-2.7399463588209
-56.0853485574196,-2.7165636838209
-56.0718485574196,-2.6931810088209
-56.0583485574196,-2.6697983338209
-56.0448485574196,-2.6464156588209
-56.0043485574196,-2.6230329838209
-56.1123485574196,-2.4359715838209
-56.3283485574196,-2.4359715838209
-56.4363485574196,-2.6230329838209
-56.3283485574196,-2.8100943838209
-56.1123485574196,-2.8100943838209
-56.0178485574196,-2.5996503088209
-56.0313485574196,-2.5762676338209
-56.0448485574196,-2.5528849588209
-56.0583485574196,-2.5295022838209
-56.0718485574196,-2.5061196088209
-56.0853485574196,-2.4827369338209
-56.0988485574196,-2.4593542588209
-56.1393485574196,-2.4359715838209
-56.1663485574196,-2.4359715838209
-56.1933485574196,-2.4359715838209
-56.2203485574196,-2.4359715838209
-56.2473485574196,-2.4359715838209
-56.2743485574196,-2.4359715838209
-56.3013485574196,-2.4359715838209
-56.3418485574196,-2.4593542588209
-56.3553485574196,-2.4827369338209
-56.3688485574196,-2.5061196088209
-56.3823485574196,-2.5295022838209
-56.3958485574196,-2.5528849588209
-56.4093485574196,-2.5762676338209
-56.4228485574196,-2.5996503088209
-56.4228485574196,-2.6464156588209
-56.4093485574196,-2.6697983338209
-56.3958485574196,-2.6931810088209
-56.3823485574196,-2.7165636838209
-56.3688485574196,-2.7399463588209
-56.3553485574196,-2.7633290338209
-56.3418485574196,-2.7867117088209
-56.3013485574196,-2.8100943838209
-56.2743485574196,-2.8100943838209
-56.2473485574196,-2.8100943838209
-56.2203485574196,-2.8100943838209
-56.1933485574196,-2.8100943838209
-56.1663485574196,-2.8100943838209
-56.1393485574196,-2.8100943838209
-56.0988485574196,-2.7867117088209
-56.0853485574196,-2.7633290338209
-56.0718485574196,-2.7399463588209
-56.0583485574196,-2.7165636838209
-56.0448485574196,-2.6931810088209
-56.0313485574196,-2.6697983338209
-56.0178485574196,-2.6464156588209
-55.9773485574196,-2.6230329838209
-56.0988485574196,-2.4125889088209
-56.3418485574196,-2.4125889088209
-56.4633485574196,-2.6230329838209
-56.3418485574196,-2.8334770588209
-56.0988485574196,-2.8334770588209
-55.9908485574196,-2.5996503088209
-56.0043485574196,-2.5762676338209
-56.0178485574196,-2.5528849588209
-56.0313485574196,-2.5295022838209
-56.0448485574196,-2.5061196088209
-56.0583485574196,-2.4827369338209
-56.0718485574196,-2.4593542588209
-56.0853485574196,-2.4359715838209
-56.1258485574196,-2.4125889088209
-56.1528485574196,-2.4125889088209
-56.1798485574196,-2.4125889088209
-56.2068485574196,-2.4125889088209
-56.2338485574196,-2.4125889088209
-56.2608485574196,-2.4125889088209
-56.2878485574196,-2.4125889088209
-56.3148485574196,-2.4125889088209
-56.3553485574196,-2.4359715838209
-56.3688485574196,-2.4593542588209
-56.3823485574196,-2.4827369338209
-56.3958485574196,-2.5061196088209
-56.4093485574196,-2.5295022838209
-56.4228485574196,-2.5528849588209
-56.4363485574196,-2.5762676338209
-56.4498485574196,-2.5996503088209
-56.4498485574196,-2.6464156588209
-56.4363485574196,-2.6697983338209
-56.4228485574196,-2.6931810088209
-56.4093485574196,-2.7165636838209
-56.3958485574196,-2.7399463588209
-56.3823485574196,-2.7633290338209
-56.3688485574196,-2.7867117088209
-56.3553485574196,-2.8100943838209
-56.3148485574196,-2.8334770588209
-56.2878485574196,-2.8334770588209
-56.2608485574196,-2.8334770588209
-56.2338485574196,-2.8334770588209
-56.2068485574196,-2.8334770588209
-56.1798485574196,-2.8334770588209
-56.1528485574196,-2.8334770588209
-56.1258485574196,-2.8334770588209
-56.0853485574196,-2.8100943838209
-56.0718485574196,-2.7867117088209
-56.0583485574196,-2.7633290338209
-56.0448485574196,-2.7399463588209
-56.0313485574196,-2.7165636838209
-56.0178485574196,-2.6931810088209
-56.0043485574196,-2.6697983338209
-55.9908485574196,-2.6464156588209
-56.0853485574196,-2.3892062338209
-56.3553485574196,-2.3892062338209
-56.3553485574196,-2.8568597338209
-55.9638485574196,-2.5996503088209
-55.9773485574196,-2.5762676338209
-55.9908485574196,-2.5528849588209
-56.0043485574196,-2.5295022838209
-56.0178485574196,-2.5061196088209
-56.0313485574196,-2.4827369338209
-56.0448485574196,-2.4593542588209
-56.0583485574196,-2.4359715838209
-56.0718485574196,-2.4125889088209
-56.1123485574196,-2.3892062338209
-56.1393485574196,-2.3892062338209
-56.1663485574196,-2.3892062338209
-56.1933485574196,-2.3892062338209
-56.2203485574196,-2.3892062338209
-56.2473485574196,-2.3892062338209
-56.2743485574196,-2.3892062338209
-56.3013485574196,-2.3892062338209
-56.3283485574196,-2.3892062338209
-56.3688485574196,-2.4125889088209
-56.3823485574196,-2.4359715838209
-56.3958485574196,-2.4593542588209
-56.4093485574196,-2.4827369338209
-56.4228485574196,-2.5061196088209
-56.4363485574196,-2.5295022838209
-56.4498485574196,-2.5528849588209
-56.4768485574196,-2.6464156588209
-56.4633485574196,-2.6697983338209
-56.4498485574196,-2.6931810088209
-56.4363485574196,-2.7165636838209
-56.4228485574196,-2.7399463588209
-56.4093485574196,-2.7633290338209
-56.3958485574196,-2.7867117088209
-56.3823485574196,-2.8100943838209
-56.3688485574196,-2.8334770588209
-56.3283485574196,-2.8568597338209
-56.3013485574196,-2.8568597338209
-56.2743485574196,-2.8568597338209
-56.2473485574196,-2.8568597338209
-56.2203485574196,-2.8568597338209
-56.1933485574196,-2.8568597338209
-56.1663485574196,-2.8568597338209
-56.1393485574196,-2.8568597338209
-56.1123485574196,-2.8568597338209
-56.0718485574196,-2.3658235588209
-56.3688485574196,-2.3658235588209
-56.3688485574196,-2.8802424088209
-55.9503485574196,-2.5762676338209
-55.9638485574196,-2.5528849588209
-55.9773485574196,-2.5295022838209
-55.9908485574196,-2.5061196088209
-56.0043485574196,-2.4827369338209
-56.0178485574196,-2.4593542588209
-56.0313485574196,-2.4359715838209
-56.0448485574196,-2.4125889088209
-56.0583485574196,-2.3892062338209
-56.0988485574196,-2.3658235588209
-56.1258485574196,-2.3658235588209
-56.1528485574196,-2.3658235588209
-56.1798485574196,-2.3658235588209
-56.2068485574196,-2.3658235588209
-56.2338485574196,-2.3658235588209
-56.2608485574196,-2.3658235588209
-56.2878485574196,-2.3658235588209
-56.3148485574196,-2.3658235588209
-56.3418485574196,-2.3658235588209
-56.3823485574196,-2.3892062338209
-56.3958485574196,-2.4125889088209
-56.4093485574196,-2.4359715838209
-56.4903485574196,-2.6697983338209
-56.4768485574196,-2.6931810088209
-56.4633485574196,-2.7165636838209
-56.4498485574196,-2.7399463588209
-56.4363485574196,-2.7633290338209
-56.4228485574196,-2.7867117088209
-56.4093485574196,-2.8100943838209
-56.3958485574196,-2.8334770588209
-56.3823485574196,-2.8568597338209
-56.3418485574196,-2.8802424088209
-56.3148485574196,-2.8802424088209
-56.2878485574196,-2.8802424088209
-56.2608485574196,-2.8802424088209
-56.2338485574196,-2.8802424088209
-56.2068485574196,-2.8802424088209
-56.1798485574196,-2.8802424088209
-56.1528485574196,-2.8802424088209
-56.1258485574196,-2.8802424088209
-56.0583485574196,-2.3424408838209
-56.3823485574196,-2.3424408838209
-56.3823485574196,-2.9036250838209
-55.9368485574196,-2.5528849588209
-55.9503485574196,-2.5295022838209
-55.9638485574196,-2.5061196088209
-55.9773485574196,-2.4827369338209
-55.9908485574196,-2.4593542588209
-56.0043485574196,-2.4359715838209
-56.0178485574196,-2.4125889088209
-56.0313485574196,-2.3892062338209
-56.0448485574196,-2.3658235588209
-56.0853485574196,-2.3424408838209
-56.1123485574196,-2.3424408838209
-56.1393485574196,-2.3424408838209
-56.1663485574196,-2.3424408838209
-56.1933485574196,-2.3424408838209
-56.2203485574196,-2.3424408838209
-56.2473485574196,-2.3424408838209
-56.2743485574196,-2.3424408838209
-56.3013485574196,-2.3424408838209
-56.3283485574196,-2.3424408838209
-56.3553485574196,-2.3424408838209
-56.3958485574196,-2.3658235588209
-56.4093485574196,-2.3892062338209
-56.4228485574196,-2.4125889088209
-56.4363485574196,-2.4359715838209
-56.5038485574196,-2.6931810088209
-56.4903485574196,-2.7165636838209
-56.4768485574196,-2.7399463588209
-56.4633485574196,-2.7633290338209
-56.4498485574196,-2.7867117088209
-56.4363485574196,-2.8100943838209
-56.4228485574196,-2.8334770588209
-56.4093485574196,-2.8568597338209
-56.3958485574196,-2.8802424088209
-56.3553485574196,-2.9036250838209
-56.3283485574196,-2.9036250838209
-56.3013485574196,-2.9036250838209
-56.2743485574196,-2.9036250838209
-56.2473485574196,-2.9036250838209
-56.2203485574196,-2.9036250838209
-56.1933485574196,-2.9036250838209
-56.1663485574196,-2.9036250838209
-56.1393485574196,-2.9036250838209
-56.0448485574196,-2.3190582088209
-56.3958485574196,-2.3190582088209
-56.3958485574196,-2.9270077588209
-55.9233485574196,-2.5295022838209
-55.9368485574196,-2.5061196088209
-55.9503485574196,-2.4827369338209
-55.9638485574196,-2.4593542588209
-55.9773485574196,-2.4359715838209
-55.9908485574196,-2.4125889088209
-56.0043485574196,-2.3892062338209
-56.0178485574196,-2.3658235588209
-56.0313485574196,-2.3424408838209
-56.0718485574196,-2.3190582088209
-56.0988485574196,-2.3190582088209
-56.1258485574196,-2.3190582088209
-56.1528485574196,-2.3190582088209
-56.1798485574196,-2.3190582088209
-56.2068485574196,-2.3190582088209
-56.2338485574196,-2.3190582088209
-56.2608485574196,-2.3190582088209
-56.2878485574196,-2.3190582088209
-56.3148485574196,-2.3190582088209
-56.3418485574196,-2.3190582088209
-56.3688485574196,-2.3190582088209
-56.4093485574196,-2.3424408838209
-56.4228485574196,-2.3658235588209
-56.4363485574196,-2.3892062338209
-56.4498485574196,-2.4125889088209
-56.5173485574196,-2.7165636838209
-56.5038485574196,-2.7399463588209
-56.4903485574196,-2.7633290338209
-56.4768485574196,-2.7867117088209
-56.4633485574196,-2.8100943838209
-56.4498485574196,-2.8334770588209
-56.4363485574196,-2.8568597338209
-56.4228485574196,-2.8802424088209
-56.4093485574196,-2.9036250838209
-56.3688485574196,-2.9270077588209
-56.3418485574196,-2.9270077588209
-56.3148485574196,-2.9270077588209
-56.2878485574196,-2.9270077588209
-56.2608485574196,-2.9270077588209
-56.2338485574196,-2.9270077588209
-56.2068485574196,-2.9270077588209
-56.1798485574196,-2.9270077588209
-56.1528485574196,-2.9270077588209
-56.0313485574196,-2.2956755338209
-56.4093485574196,-2.9503904338209
-55.9098485574196,-2.5061196088209
-55.9233485574196,-2.4827369338209
-55.9368485574196,-2.4593542588209
-55.9503485574196,-2.4359715838209
-55.9638485574196,-2.4125889088209
-55.9773485574196,-2.3892062338209
-55.9908485574196,-2.3658235588209
-56.0043485574196,-2.3424408838209
-56.0178485574196,-2.3190582088209
-56.0583485574196,-2.2956755338209
-56.0853485574196,-2.2956755338209
-56.1123485574196,-2.2956755338209
-56.1393485574196,-2.2956755338209
-56.1663485574196,-2.2956755338209
-56.1933485574196,-2.2956755338209
-56.2203485574196,-2.2956755338209
-56.2473485574196,-2.2956755338209
-56.2743485574196,-2.2956755338209
-56.3013485574196,-2.2956755338209
-56.3283485574196,-2.2956755338209
-56.3553485574196,-2.2956755338209
-56.3823485574196,-2.2956755338209
-56.5308485574196,-2.7399463588209
-56.5173485574196,-2.7633290338209
-56.5038485574196,-2.7867117088209
-56.4903485574196,-2.8100943838209
-56.4768485574196,-2.8334770588209
-56.4633485574196,-2.8568597338209
-56.4498485574196,-2.8802424088209
-56.4363485574196,-2.9036250838209
-56.4228485574196,-2.9270077588209
-56.3823485574196,-2.9503904338209
-56.3553485574196,-2.9503904338209
-56.3283485574196,-2.9503904338209
-56.3013485574196,-2.9503904338209
-56.2743485574196,-2.9503904338209
-56.2473485574196,-2.9503904338209
-56.2203485574196,-2.9503904338209
-56.1933485574196,-2.9503904338209
-56.1663485574196,-2.9503904338209
-56.0178485574196,-2.2722928588209
-56.4228485574196,-2.9737731088209
-55.8963485574196,-2.4827369338209
-55.9098485574196,-2.4593542588209
-55.9233485574196,-2.4359715838209
-55.9368485574196,-2.4125889088209
-55.9503485574196,-2.3892062338209
-55.9638485574196,-2.3658235588209
-55.9773485574196,-2.3424408838209
-55.9908485574196,-2.3190582088209
-56.0043485574196,-2.2956755338209
-56.0448485574196,-2.2722928588209
-56.0718485574196,-2.2722928588209
-56.0988485574196,-2.2722928588209
-56.1258485574196,-2.2722928588209
-56.1528485574196,-2.2722928588209
-56.1798485574196,-2.2722928588209
-56.2068485574196,-2.2722928588209
-56.2338485574196,-2.2722928588209
-56.2608485574196,-2.2722928588209
-56.2878485574196,-2.2722928588209
-56.3148485574196,-2.2722928588209
-56.3418485574196,-2.2722928588209
-56.3688485574196,-2.2722928588209
-56.5443485574196,-2.7633290338209
-56.5308485574196,-2.7867117088209
-56.5173485574196,-2.8100943838209
-56.5038485574196,-2.8334770588209
-56.4903485574196,-2.8568597338209
-56.4768485574196,-2.8802424088209
-56.4633485574196,-2.9036250838209
-56.4498485574196,-2.9270077588209
-56.4363485574196,-2.9503904338209
-56.3958485574196,-2.9737731088209
-56.3688485574196,-2.9737731088209
-56.3418485574196,-2.9737731088209
-56.3148485574196,-2.9737731088209
-56.2878485574196,-2.9737731088209
-56.2608485574196,-2.9737731088209
-56.2338485574196,-2.9737731088209
-56.2068485574196,-2.9737731088209
-56.1798485574196,-2.9737731088209
-56.0043485574196,-2.2489101838209
-56.4363485574196,-2.9971557838209
-55.8828485574196,-2.4593542588209
-55.8963485574196,-2.4359715838209
-55.9098485574196,-2.4125889088209
-55.9233485574196,-2.3892062338209
-55.9368485574196,-2.3658235588209
-55.9503485574196,-2.3424408838209
-55.9638485574196,-2.3190582088209
-55.9773485574196,-2.2956755338209
-55.9908485574196,-2.2722928588209
-56.0313485574196,-2.2489101838209
-56.0583485574196,-2.2489101838209
-56.0853485574196,-2.2489101838209
-56.1123485574196,-2.2489101838209
-56.1393485574196,-2.2489101838209
-56.1663485574196,-2.2489101838209
-56.1933485574196,-2.2489101838209
-56.2203485574196,-2.2489101838209
-56.2473485574196,-2.2489101838209
-56.2743485574196,-2.2489101838209
-56.3013485574196,-2.2489101838209
-56.3283485574196,-2.2489101838209
-56.5578485574196,-2.7867117088209
-56.5443485574196,-2.8100943838209
-56.5308485574196,-2.8334770588209
-56.5173485574196,-2.8568597338209
-56.5038485574196,-2.8802424088209
-56.4903485574196,-2.9036250838209
-56.4768485574196,-2.9270077588209
-56.4633485574196,-2.9503904338209
-56.4498485574196,-2.9737731088209
-56.4093485574196,-2.9971557838209
-56.3823485574196,-2.9971557838209
-56.3553485574196,-2.9971557838209
-56.3283485574196,-2.9971557838209
-56.3013485574196,-2.9971557838209
-56.2743485574196,-2.9971557838209
-56.2473485574196,-2.9971557838209
-56.2203485574196,-2.9971557838209
-56.1933485574196,-2.9971557838209
-55.9908485574196,-2.2255275088209
-56.4498485574196,-3.0205384588209
-55.8693485574196,-2.4359715838209
-55.8828485574196,-2.4125889088209
-55.8963485574196,-2.3892062338209
-55.9098485574196,-2.3658235588209
-55.9233485574196,-2.3424408838209
-55.9368485574196,-2.3190582088209
-55.9503485574196,-2.2956755338209
-55.9638485574196,-2.2722928588209
-55.9773485574196,-2.2489101838209
-56.0178485574196,-2.2255275088209
-56.0448485574196,-2.2255275088209
-56.0718485574196,-2.2255275088209
-56.0988485574196,-2.2255275088209
-56.1258485574196,-2.2255275088209
-56.1528485574196,-2.2255275088209
-56.1798485574196,-2.2255275088209
-56.2068485574196,-2.2255275088209
-56.2338485574196,-2.2255275088209
-56.2608485574196,-2.2255275088209
-56.5578485574196,-2.8334770588209
-56.5443485574196,-2.8568597338209
-56.5308485574196,-2.8802424088209
-56.5173485574196,-2.9036250838209
-56.5038485574196,-2.9270077588209
-56.4903485574196,-2.9503904338209
-56.4768485574196,-2.9737731088209
-56.4633485574196,-2.9971557838209
-56.4228485574196,-3.0205384588209
-56.3958485574196,-3.0205384588209
-56.3688485574196,-3.0205384588209
-56.3418485574196,-3.0205384588209
-56.3148485574196,-3.0205384588209
-56.2878485574196,-3.0205384588209
-56.2608485574196,-3.0205384588209
-56.2338485574196,-3.0205384588209
-56.2068485574196,-3.0205384588209
-55.9773485574196,-2.2021448338209
-56.4633485574196,-3.0439211338209
-55.8558485574196,-2.4125889088209
-55.8693485574196,-2.3892062338209
-55.8828485574196,-2.3658235588209
-55.8963485574196,-2.3424408838209
-55.9098485574196,-2.3190582088209
-55.9233485574196,-2.2956755338209
-55.9368485574196,-2.2722928588209
-55.9503485574196,-2.2489101838209
-55.9638485574196,-2.2255275088209
-56.0043485574196,-2.2021448338209
-56.0313485574196,-2.2021448338209
-56.0583485574196,-2.2021448338209
-56.0853485574196,-2.2021448338209
-56.1123485574196,-2.2021448338209
-56.1393485574196,-2.2021448338209
-56.1663485574196,-2.2021448338209
-56.1933485574196,-2.2021448338209
-56.2203485574196,-2.2021448338209
-56.5713485574196,-2.8568597338209
-56.5578485574196,-2.8802424088209
-56.5443485574196,-2.9036250838209
-56.5308485574196,-2.9270077588209
-56.5173485574196,-2.9503904338209
-56.5038485574196,-2.9737731088209
-56.4903485574196,-2.9971557838209
-56.4768485574196,-3.0205384588209
-56.4363485574196,-3.0439211338209
-56.4093485574196,-3.0439211338209
-56.3823485574196,-3.0439211338209
-56.3553485574196,-3.0439211338209
-56.3283485574196,-3.0439211338209
-56.3013485574196,-3.0439211338209
-56.2743485574196,-3.0439211338209
-56.2473485574196,-3.0439211338209
-56.2203485574196,-3.0439211338209
-55.9638485574196,-2.1787621588209
-56.4768485574196,-3.0673038088209
-55.8423485574196,-2.3892062338209
-55.8558485574196,-2.3658235588209
-55.8693485574196,-2.3424408838209
-55.8828485574196,-2.3190582088209
-55.8963485574196,-2.2956755338209
-55.9098485574196,-2.2722928588209
-55.9233485574196,-2.2489101838209
-55.9368485574196,-2.2255275088209
-55.9503485574196,-2.2021448338209
-55.9908485574196,-2.1787621588209
-56.0178485574196,-2.1787621588209
-56.0448485574196,-2.1787621588209
-56.0718485574196,-2.1787621588209
-56.0988485574196,-2.1787621588209
-56.1258485574196,-2.1787621588209
-56.1528485574196,-2.1787621588209
-56.1798485574196,-2.1787621588209
-56.5848485574196,-2.8802424088209
-56.5713485574196,-2.9036250838209
-56.5578485574196,-2.9270077588209
-56.5443485574196,-2.9503904338209
-56.5308485574196,-2.9737731088209
-56.5173485574196,-2.9971557838209
-56.5038485574196,-3.0205384588209
-56.4903485574196,-3.0439211338209
-56.4498485574196,-3.0673038088209
-56.4228485574196,-3.0673038088209
-56.3958485574196,-3.0673038088209
-56.3688485574196,-3.0673038088209
-56.3418485574196,-3.0673038088209
-56.3148485574196,-3.0673038088209
-56.2878485574196,-3.0673038088209
-56.2608485574196,-3.0673038088209
-56.2338485574196,-3.0673038088209
-55.9503485574196,-2.1553794838209
-56.4903485574196,-3.0906864838209
-55.8288485574196,-2.3658235588209
-55.8423485574196,-2.3424408838209
-55.8558485574196,-2.3190582088209
-55.8693485574196,-2.2956755338209
-55.8828485574196,-2.2722928588209
-55.8963485574196,-2.2489101838209
-55.9098485574196,-2.2255275088209
-55.9233485574196,-2.2021448338209
-55.9368485574196,-2.1787621588209
-55.9773485574196,-2.1553794838209
-56.0043485574196,-2.1553794838209
-56.0313485574196,-2.1553794838209
-56.0583485574196,-2.1553794838209
-56.0853485574196,-2.1553794838209
-56.1123485574196,-2.1553794838209
-56.1393485574196,-2.1553794838209
-56.5983485574196,-2.9036250838209
-56.5848485574196,-2.9270077588209
-56.5713485574196,-2.9503904338209
-56.5578485574196,-2.9737731088209
-56.5443485574196,-2.9971557838209
-56.5308485574196,-3.0205384588209
-56.5173485574196,-3.0439211338209
-56.5038485574196,-3.0673038088209
-56.4633485574196,-3.0906864838209
-56.4363485574196,-3.0906864838209
-56.4093485574196,-3.0906864838209
-56.3823485574196,-3.0906864838209
-56.3553485574196,-3.0906864838209
-56.3283485574196,-3.0906864838209
-56.3013485574196,-3.0906864838209
-56.2743485574196,-3.0906864838209
-56.2473485574196,-3.0906864838209
-55.9368485574196,-2.1319968088209
-56.5038485574196,-3.1140691588209
-55.8153485574196,-2.3424408838209
-55.8288485574196,-2.3190582088209
-55.8423485574196,-2.2956755338209
-55.8558485574196,-2.2722928588209
-55.8693485574196,-2.2489101838209
-55.8828485574196,-2.2255275088209
-55.8963485574196,-2.2021448338209
-55.9098485574196,-2.1787621588209
-55.9233485574196,-2.1553794838209
-55.9638485574196,-2.1319968088209
-55.9908485574196,-2.1319968088209
-56.0178485574196,-2.1319968088209
-56.0448485574196,-2.1319968088209
-56.0718485574196,-2.1319968088209
-56.0988485574196,-2.1319968088209
-56.1258485574196,-2.1319968088209
-56.6118485574196,-2.9270077588209
-56.5983485574196,-2.9503904338209
-56.5848485574196,-2.9737731088209
-56.5713485574196,-2.9971557838209
-56.5578485574196,-3.0205384588209
-56.5443485574196,-3.0439211338209
-56.5308485574196,-3.0673038088209
-56.5173485574196,-3.0906864838209
-56.4768485574196,-3.1140691588209
-56.4498485574196,-3.1140691588209
-56.4228485574196,-3.1140691588209
-56.3958485574196,-3.1140691588209
-56.3688485574196,-3.1140691588209
-56.3418485574196,-3.1140691588209
-56.3148485574196,-3.1140691588209
-56.2878485574196,-3.1140691588209
-56.2608485574196,-3.1140691588209
-55.9233485574196,-2.1086141338209
-56.5173485574196,-3.1374518338209
-55.8018485574196,-2.3190582088209
-55.8153485574196,-2.2956755338209
-55.8288485574196,-2.2722928588209
-55.8423485574196,-2.2489101838209
-55.8558485574196,-2.2255275088209
-55.8693485574196,-2.2021448338209
-55.8828485574196,-2.1787621588209
-55.8963485574196,-2.1553794838209
-55.9098485574196,-2.1319968088209
-55.9503485574196,-2.1086141338209
-55.9773485574196,-2.1086141338209
-56.0043485574196,-2.1086141338209
-56.0313485574196,-2.1086141338209
-56.0583485574196,-2.1086141338209
-56.0853485574196,-2.1086141338209
-56.1123485574196,-2.1086141338209
-56.6253485574196,-2.9503904338209
-56.6118485574196,-2.9737731088209
-56.5983485574196,-2.9971557838209
-56.5848485574196,-3.0205384588209
-56.5713485574196,-3.0439211338209
-56.5578485574196,-3.0673038088209
-56.5443485574196,-3.0906864838209
-56.5308485574196,-3.1140691588209
-56.4903485574196,-3.1374518338209
-56.4633485574196,-3.1374518338209
-56.4363485574196,-3.1374518338209
-56.4093485574196,-3.1374518338209
-56.3823485574196,-3.1374518338209
-56.3553485574196,-3.1374518338209
-56.3283485574196,-3.1374518338209
-56.3013485574196,-3.1374518338209
-56.2743485574196,-3.1374518338209
-55.9098485574196,-2.0852314588209
-56.5308485574196,-3.1608345088209
-55.7883485574196,-2.2956755338209
-55.8018485574196,-2.2722928588209
-55.8153485574196,-2.2489101838209
-55.8288485574196,-2.2255275088209
-55.8423485574196,-2.2021448338209
-55.8558485574196,-2.1787621588209
-55.8693485574196,-2.1553794838209
-55.8828485574196,-2.1319968088209
-55.8963485574196,-2.1086141338209
-55.9368485574196,-2.0852314588209
-55.9638485574196,-2.0852314588209
-55.9908485574196,-2.0852314588209
-56.0178485574196,-2.0852314588209
-56.0448485574196,-2.0852314588209
-56.0718485574196,-2.0852314588209
-56.6388485574196,-2.9737731088209
-56.6253485574196,-2.9971557838209
-56.6118485574196,-3.0205384588209
-56.5983485574196,-3.0439211338209
-56.5848485574196,-3.0673038088209
-56.5713485574196,-3.0906864838209
-56.5578485574196,-3.1140691588209
-56.5443485574196,-3.1374518338209
-56.5038485574196,-3.1608345088209
-56.4768485574196,-3.1608345088209
-56.4498485574196,-3.1608345088209
-56.4228485574196,-3.1608345088209
-56.3958485574196,-3.1608345088209
-56.3688485574196,-3.1608345088209
-56.3418485574196,-3.1608345088209
-56.3148485574196,-3.1608345088209
-56.2878485574196,-3.1608345088209
-55.8963485574196,-2.0618487838209
-56.5443485574196,-3.1842171838209
-55.7748485574196,-2.2722928588209
-55.7883485574196,-2.2489101838209
-55.8018485574196,-2.2255275088209
-55.8153485574196,-2.2021448338209
-55.8288485574196,-2.1787621588209
-55.8423485574196,-2.1553794838209
-55.8558485574196,-2.1319968088209
-55.8693485574196,-2.1086141338209
-55.8828485574196,-2.0852314588209
-55.9233485574196,-2.0618487838209
-55.9503485574196,-2.0618487838209
-55.9773485574196,-2.0618487838209
-56.0043485574196,-2.0618487838209
-56.0313485574196,-2.0618487838209
-56.0583485574196,-2.0618487838209
-56.6523485574196,-2.9971557838209
-56.6388485574196,-3.0205384588209
-56.6253485574196,-3.0439211338209
-56.6118485574196,-3.0673038088209
-56.5983485574196,-3.0906864838209
-56.5848485574196,-3.1140691588209
-56.5713485574196,-3.1374518338209
-56.5578485574196,-3.1608345088209
-56.5173485574196,-3.1842171838209
-56.4903485574196,-3.1842171838209
-56.4633485574196,-3.1842171838209
-56.4363485574196,-3.1842171838209
-56.4093485574196,-3.1842171838209
-56.3823485574196,-3.1842171838209
-56.3553485574196,-3.1842171838209
-56.3283485574196,-3.1842171838209
-56.3013485574196,-3.1842171838209
-55.8828485574196,-2.0384661088209
-56.5578485574196,-3.2075998588209
-55.7478485574196,-2.2722928588209
-55.7613485574196,-2.2489101838209
-55.7748485574196,-2.2255275088209
-55.7883485574196,-2.2021448338209
-55.8018485574196,-2.1787621588209
-55.8153485574196,-2.1553794838209
-55.8288485574196,-2.1319968088209
-55.8423485574196,-2.1086141338209
-55.8558485574196,-2.0852314588209
-55.8693485574196,-2.0618487838209
-55.9098485574196,-2.0384661088209
-55.9368485574196,-2.0384661088209
-55.9638485574196,-2.0384661088209
-55.9908485574196,-2.0384661088209
-56.0178485574196,-2.0384661088209
-56.0448485574196,-2.0384661088209
-56.0718485574196,-2.0384661088209
-56.6523485574196,-3.0439211338209
-56.6388485574196,-3.0673038088209
-56.6253485574196,-3.0906864838209
-56.6118485574196,-3.1140691588209
-56.5983485574196,-3.1374518338209
-56.5848485574196,-3.1608345088209
-56.5713485574196,-3.1842171838209
-56.5308485574196,-3.2075998588209
-56.5038485574196,-3.2075998588209
-56.4768485574196,-3.2075998588209
-56.4498485574196,-3.2075998588209
-56.4228485574196,-3.2075998588209
-56.3958485574196,-3.2075998588209
-56.3688485574196,-3.2075998588209
-56.3418485574196,-3.2075998588209
-56.3148485574196,-3.2075998588209
-55.8693485574196,-2.0150834338209
-56.5713485574196,-3.2309825338209
-55.7208485574196,-2.2722928588209
-55.7343485574196,-2.2489101838209
-55.7478485574196,-2.2255275088209
-55.7613485574196,-2.2021448338209
-55.7748485574196,-2.1787621588209
-55.7883485574196,-2.1553794838209
-55.8018485574196,-2.1319968088209
-55.8153485574196,-2.1086141338209
-55.8288485574196,-2.0852314588209
-55.8423485574196,-2.0618487838209
-55.8558485574196,-2.0384661088209
-55.8963485574196,-2.0150834338209
-55.9233485574196,-2.0150834338209
-55.9503485574196,-2.0150834338209
-55.9773485574196,-2.0150834338209
-56.0043485574196,-2.0150834338209
-56.0313485574196,-2.0150834338209
-56.0583485574196,-2.0150834338209
-56.6658485574196,-3.0673038088209
-56.6523485574196,-3.0906864838209
-56.6388485574196,-3.1140691588209
-56.6253485574196,-3.1374518338209
-56.6118485574196,-3.1608345088209
-56.5983485574196,-3.1842171838209
-56.5848485574196,-3.2075998588209
-56.5443485574196,-3.2309825338209
-56.5173485574196,-3.2309825338209
-56.4903485574196,-3.2309825338209
-56.4633485574196,-3.2309825338209
-56.4363485574196,-3.2309825338209
-56.4093485574196,-3.2309825338209
-56.3823485574196,-3.2309825338209
-56.3553485574196,-3.2309825338209
-56.3283485574196,-3.2309825338209
-56.5848485574196,-3.2543652088209
-55.7073485574196,-2.2489101838209
-55.7208485574196,-2.2255275088209
-55.7343485574196,-2.2021448338209
-55.7478485574196,-2.1787621588209
-55.7613485574196,-2.1553794838209
-55.7748485574196,-2.1319968088209
-55.7883485574196,-2.1086141338209
-55.8018485574196,-2.0852314588209
-55.8153485574196,-2.0618487838209
-55.8288485574196,-2.0384661088209
-55.8423485574196,-2.0150834338209
-55.9098485574196,-1.9917007588209
-55.9368485574196,-1.9917007588209
-55.9638485574196,-1.9917007588209
-55.9908485574196,-1.9917007588209
-56.0178485574196,-1.9917007588209
-56.0448485574196,-1.9917007588209
-56.0718485574196,-1.9917007588209
-56.6793485574196,-3.0906864838209
-56.6658485574196,-3.1140691588209
-56.6523485574196,-3.1374518338209
-56.6388485574196,-3.1608345088209
-56.6253485574196,-3.1842171838209
-56.6118485574196,-3.2075998588209
-56.5983485574196,-3.2309825338209
-56.5578485574196,-3.2543652088209
-56.5308485574196,-3.2543652088209
-56.5038485574196,-3.2543652088209
-56.4768485574196,-3.2543652088209
-56.4498485574196,-3.2543652088209
-56.4228485574196,-3.2543652088209
-56.3958485574196,-3.2543652088209
-56.3688485574196,-3.2543652088209
-56.3418485574196,-3.2543652088209
-56.5983485574196,-3.2777478838209
-55.6938485574196,-2.2255275088209
-55.7073485574196,-2.2021448338209
-55.7208485574196,-2.1787621588209
-55.7343485574196,-2.1553794838209
-55.7478485574196,-2.1319968088209
-55.7613485574196,-2.1086141338209
-55.7748485574196,-2.0852314588209
-55.7883485574196,-2.0618487838209
-55.8018485574196,-2.0384661088209
-55.8153485574196,-2.0150834338209
-55.9773485574196,-1.9683180838209
-56.0043485574196,-1.9683180838209
-56.0313485574196,-1.9683180838209
-56.0583485574196,-1.9683180838209
-56.6928485574196,-3.1140691588209
-56.6793485574196,-3.1374518338209
-56.6658485574196,-3.1608345088209
-56.6523485574196,-3.1842171838209
-56.6388485574196,-3.2075998588209
-56.6253485574196,-3.2309825338209
-56.6118485574196,-3.2543652088209
-56.5713485574196,-3.2777478838209
-56.5443485574196,-3.2777478838209
-56.5173485574196,-3.2777478838209
-56.4903485574196,-3.2777478838209
-56.4633485574196,-3.2777478838209
-56.4363485574196,-3.2777478838209
-56.4093485574196,-3.2777478838209
-56.6118485574196,-3.3011305588209
-55.6803485574196,-2.2021448338209
-55.6938485574196,-2.1787621588209
-55.7073485574196,-2.1553794838209
-55.7208485574196,-2.1319968088209
-55.7343485574196,-2.1086141338209
-55.7478485574196,-2.0852314588209
-55.7613485574196,-2.0618487838209
-55.7748485574196,-2.0384661088209
-55.7883485574196,-2.0150834338209
-56.0178485574196,-1.9449354088209
-56.0448485574196,-1.9449354088209
-56.7063485574196,-3.1374518338209
-56.6928485574196,-3.1608345088209
-56.6793485574196,-3.1842171838209
-56.6658485574196,-3.2075998588209
-56.6523485574196,-3.2309825338209
-56.6388485574196,-3.2543652088209
-56.6253485574196,-3.2777478838209
-56.5848485574196,-3.3011305588209
-56.5578485574196,-3.3011305588209
-56.5308485574196,-3.3011305588209
-56.5038485574196,-3.3011305588209
-56.6253485574196,-3.3245132338209
-55.6668485574196,-2.1787621588209
-55.6803485574196,-2.1553794838209
-55.6938485574196,-2.1319968088209
-55.7073485574196,-2.1086141338209
-55.7208485574196,-2.0852314588209
-55.7343485574196,-2.0618487838209
-55.7478485574196,-2.0384661088209
-55.7613485574196,-2.0150834338209
-55.7748485574196,-1.9917007588209
-56.7198485574196,-3.1608345088209
-56.7063485574196,-3.1842171838209
-56.6928485574196,-3.2075998588209
-56.6793485574196,-3.2309825338209
-56.6658485574196,-3.2543652088209
-56.6523485574196,-3.2777478838209
-56.6388485574196,-3.3011305588209
-56.5983485574196,-3.3245132338209
-55.6398485574196,-2.1787621588209
-55.6533485574196,-2.1553794838209
-55.6668485574196,-2.1319968088209
-55.6803485574196,-2.1086141338209
-55.6938485574196,-2.0852314588209
-55.7073485574196,-2.0618487838209
-55.7208485574196,-2.0384661088209
-55.7478485574196,-1.9917007588209
-56.7333485574196,-3.1842171838209
-56.7198485574196,-3.2075998588209
-56.7063485574196,-3.2309825338209
-56.6928485574196,-3.2543652088209
-56.6793485574196,-3.2777478838209
-56.6658485574196,-3.3011305588209
-56.6523485574196,-3.3245132338209
-55.6263485574196,-2.1553794838209
-55.6398485574196,-2.1319968088209
-55.6533485574196,-2.1086141338209
-55.6668485574196,-2.0852314588209
-55.6803485574196,-2.0618487838209
-56.7468485574196,-3.2075998588209
-56.7333485574196,-3.2309825338209
-56.7198485574196,-3.2543652088209
-56.7063485574196,-3.2777478838209
-56.6928485574196,-3.3011305588209
-56.6793485574196,-3.3245132338209
-56.6658485574196,-3.3478959088209
-55.6128485574196,-2.1319968088209
-55.6263485574196,-2.1086141338209
-55.6398485574196,-2.0852314588209
-56.7603485574196,-3.2309825338209
-56.7468485574196,-3.2543652088209
-56.7333485574196,-3.2777478838209
-56.7198485574196,-3.3011305588209
-56.7063485574196,-3.3245132338209
-56.6928485574196,-3.3478959088209
