-49.3106378505194,-1.3492146149570
-49.2836378505194,-1.3492146149570
-49.2971378505194,-1.3258319399570
-49.3241378505194,-1.3258319399570
-49.3376378505194,-1.3492146149570
-49.3241378505194,-1.3725972899570
-49.2971378505194,-1.3725972899570
-49.2566378505194,-1.3492146149570
-49.2836378505194,-1.3024492649570
-49.3376378505194,-1.3024492649570
-49.3646378505194,-1.3492146149570
-49.3376378505194,-1.3959799649570
-49.2836378505194,-1.3959799649570
-49.2701378505194,-1.3258319399570
-49.3106378505194,-1.3024492649570
-49.3511378505194,-1.3258319399570
-49.3511378505194,-1.3725972899570
-49.3106378505194,-1.3959799649570
-49.2701378505194,-1.3725972899570
-49.2296378505194,-1.3492146149570
-49.2701378505194,-1.2790665899570
-49.3511378505194,-1.2790665899570
-49.3916378505194,-1.3492146149570
-49.3511378505194,-1.4193626399570
-49.2701378505194,-1.4193626399570
-49.2431378505194,-1.3258319399570
-49.2566378505194,-1.3024492649570
-49.2971378505194,-1.2790665899570
-49.3241378505194,-1.2790665899570
-49.3646378505194,-1.3024492649570
-49.3781378505194,-1.3258319399570
-49.3781378505194,-1.3725972899570
-49.3646378505194,-1.3959799649570
-49.3241378505194,-1.4193626399570
-49.2971378505194,-1.4193626399570
-49.2566378505194,-1.3959799649570
-49.2431378505194,-1.3725972899570
-49.2026378505194,-1.3492146149570
-49.2566378505194,-1.2556839149570
-49.3646378505194,-1.2556839149570
-49.4186378505194,-1.3492146149570
-49.3646378505194,-1.4427453149570
-49.2566378505194,-1.4427453149570
-49.2161378505194,-1.3258319399570
-49.2296378505194,-1.3024492649570
-49.2431378505194,-1.2790665899570
-49.2836378505194,-1.2556839149570
-49.3106378505194,-1.2556839149570
-49.3376378505194,-1.2556839149570
-49.3781378505194,-1.2790665899570
-49.3916378505194,-1.3024492649570
-49.4051378505194,-1.3258319399570
-49.4051378505194,-1.3725972899570
-49.3916378505194,-1.3959799649570
-49.3781378505194,-1.4193626399570
-49.3376378505194,-1.4427453149570
-49.3106378505194,-1.4427453149570
-49.2836378505194,-1.4427453149570
-49.2431378505194,-1.4193626399570
-49.2296378505194,-1.3959799649570
-49.2161378505194,-1.3725972899570
-49.1756378505194,-1.3492146149570
-49.2431378505194,-1.2323012399570
-49.3781378505194,-1.2323012399570
-49.4456378505194,-1.3492146149570
-49.3781378505194,-1.4661279899570
-49.2431378505194,-1.4661279899570
-49.1891378505194,-1.3258319399570
-49.2026378505194,-1.3024492649570
-49.2161378505194,-1.2790665899570
-49.2296378505194,-1.2556839149570
-49.2701378505194,-1.2323012399570
-49.2971378505194,-1.2323012399570
-49.3241378505194,-1.2323012399570
-49.3511378505194,-1.2323012399570
-49.3916378505194,-1.2556839149570
-49.4051378505194,-1.2790665899570
-49.4186378505194,-1.3024492649570
-49.4321378505194,-1.3258319399570
-49.4321378505194,-1.3725972899570
-49.4186378505194,-1.3959799649570
-49.4051378505194,-1.4193626399570
-49.3916378505194,-1.4427453149570
-49.3511378505194,-1.4661279899570
-49.3241378505194,-1.4661279899570
-49.2971378505194,-1.4661279899570
-49.2701378505194,-1.4661279899570
-49.2296378505194,-1.4427453149570
-49.2161378505194,-1.4193626399570
-49.2026378505194,-1.3959799649570
-49.1891378505194,-1.3725972899570
-49.1486378505194,-1.3492146149570
-49.2296378505194,-1.2089185649570
-49.3916378505194,-1.2089185649570
-49.4726378505194,-1.3492146149570
-49.3916378505194,-1.4895106649570
-49.2296378505194,-1.4895106649570
-49.1621378505194,-1.3258319399570
-49.1756378505194,-1.3024492649570
-49.1891378505194,-1.2790665899570
-49.2026378505194,-1.2556839149570
-49.2161378505194,-1.2323012399570
-49.2566378505194,-1.2089185649570
-49.2836378505194,-1.2089185649570
-49.3106378505194,-1.2089185649570
-49.3376378505194,-1.2089185649570
-49.3646378505194,-1.2089185649570
-49.4051378505194,-1.2323012399570
-49.4186378505194,-1.2556839149570
-49.4321378505194,-1.2790665899570
-49.4456378505194,-1.3024492649570
-49.4591378505194,-1.3258319399570
-49.4591378505194,-1.3725972899570
-49.4456378505194,-1.3959799649570
-49.4321378505194,-1.4193626399570
-49.4186378505194,-1.4427453149570
-49.4051378505194,-1.4661279899570
-49.3646378505194,-1.4895106649570
-49.3376378505194,-1.4895106649570
-49.3106378505194,-1.4895106649570
-49.2836378505194,-1.4895106649570
-49.2566378505194,-1.4895106649570
-49.2161378505194,-1.4661279899570
-49.2026378505194,-1.4427453149570
-49.1891378505194,-1.4193626399570
-49.1756378505194,-1.3959799649570
-49.1621378505194,-1.3725972899570
-49.1216378505194,-1.3492146149570
-49.2161378505194,-1.1855358899570
-49.4051378505194,-1.1855358899570
-49.4996378505194,-1.3492146149570
-49.4051378505194,-1.5128933399570
-49.2161378505194,-1.5128933399570
-49.1351378505194,-1.3258319399570
-49.1486378505194,-1.3024492649570
-49.1621378505194,-1.2790665899570
-49.1756378505194,-1.2556839149570
-49.1891378505194,-1.2323012399570
-49.2026378505194,-1.2089185649570
-49.2431378505194,-1.1855358899570
-49.2701378505194,-1.1855358899570
-49.2971378505194,-1.1855358899570
-49.3241378505194,-1.1855358899570
-49.3511378505194,-1.1855358899570
-49.3781378505194,-1.1855358899570
-49.4186378505194,-1.2089185649570
-49.4321378505194,-1.2323012399570
-49.4456378505194,-1.2556839149570
-49.4591378505194,-1.2790665899570
-49.4726378505194,-1.3024492649570
-49.4861378505194,-1.3258319399570
-49.4861378505194,-1.3725972899570
-49.4726378505194,-1.3959799649570
-49.4591378505194,-1.4193626399570
-49.4456378505194,-1.4427453149570
-49.4321378505194,-1.4661279899570
-49.4186378505194,-1.4895106649570
-49.3781378505194,-1.5128933399570
-49.3511378505194,-1.5128933399570
-49.3241378505194,-1.5128933399570
-49.2971378505194,-1.5128933399570
-49.2701378505194,-1.5128933399570
-49.2431378505194,-1.5128933399570
-49.2026378505194,-1.4895106649570
-49.1891378505194,-1.4661279899570
-49.1756378505194,-1.4427453149570
-49.1621378505194,-1.4193626399570
-49.1486378505194,-1.3959799649570
-49.1351378505194,-1.3725972899570
-49.2026378505194,-1.1621532149570
-49.4186378505194,-1.1621532149570
-49.5266378505194,-1.3492146149570
-49.4186378505194,-1.5362760149570
-49.2026378505194,-1.5362760149570
-49.1081378505194,-1.3258319399570
-49.1216378505194,-1.3024492649570
-49.1351378505194,-1.2790665899570
-49.1486378505194,-1.2556839149570
-49.1621378505194,-1.2323012399570
-49.1756378505194,-1.2089185649570
-49.1891378505194,-1.1855358899570
-49.2296378505194,-1.1621532149570
-49.2566378505194,-1.1621532149570
-49.2836378505194,-1.1621532149570
-49.3106378505194,-1.1621532149570
-49.3376378505194,-1.1621532149570
-49.3646378505194,-1.1621532149570
-49.3916378505194,-1.1621532149570
-49.4321378505194,-1.1855358899570
-49.4456378505194,-1.2089185649570
-49.4591378505194,-1.2323012399570
-49.4726378505194,-1.2556839149570
-49.4861378505194,-1.2790665899570
-49.4996378505194,-1.3024492649570
-49.5131378505194,-1.3258319399570
-49.5131378505194,-1.3725972899570
-49.4996378505194,-1.3959799649570
-49.4861378505194,-1.4193626399570
-49.4726378505194,-1.4427453149570
-49.4591378505194,-1.4661279899570
-49.4456378505194,-1.4895106649570
-49.4321378505194,-1.5128933399570
-49.3916378505194,-1.5362760149570
-49.3646378505194,-1.5362760149570
-49.3376378505194,-1.5362760149570
-49.3106378505194,-1.5362760149570
-49.2836378505194,-1.5362760149570
-49.2566378505194,-1.5362760149570
-49.2296378505194,-1.5362760149570
-49.1891378505194,-1.5128933399570
-49.1756378505194,-1.4895106649570
-49.1621378505194,-1.4661279899570
-49.1486378505194,-1.4427453149570
-49.1351378505194,-1.4193626399570
-49.1081378505194,-1.3725972899570
-49.4321378505194,-1.1387705399570
-49.5536378505194,-1.3492146149570
-49.4321378505194,-1.5596586899570
-49.1891378505194,-1.5596586899570
-49.1081378505194,-1.2790665899570
-49.1216378505194,-1.2556839149570
-49.1351378505194,-1.2323012399570
-49.1486378505194,-1.2089185649570
-49.1621378505194,-1.1855358899570
-49.1756378505194,-1.1621532149570
-49.2161378505194,-1.1387705399570
-49.2431378505194,-1.1387705399570
-49.2701378505194,-1.1387705399570
-49.2971378505194,-1.1387705399570
-49.3241378505194,-1.1387705399570
-49.3511378505194,-1.1387705399570
-49.3781378505194,-1.1387705399570
-49.4051378505194,-1.1387705399570
-49.4456378505194,-1.1621532149570
-49.4591378505194,-1.1855358899570
-49.4726378505194,-1.2089185649570
-49.4861378505194,-1.2323012399570
-49.4996378505194,-1.2556839149570
-49.5131378505194,-1.2790665899570
-49.5266378505194,-1.3024492649570
-49.5401378505194,-1.3258319399570
-49.5401378505194,-1.3725972899570
-49.5266378505194,-1.3959799649570
-49.4996378505194,-1.4427453149570
-49.4861378505194,-1.4661279899570
-49.4726378505194,-1.4895106649570
-49.4591378505194,-1.5128933399570
-49.4456378505194,-1.5362760149570
-49.4051378505194,-1.5596586899570
-49.3781378505194,-1.5596586899570
-49.3511378505194,-1.5596586899570
-49.3241378505194,-1.5596586899570
-49.2971378505194,-1.5596586899570
-49.2701378505194,-1.5596586899570
-49.2431378505194,-1.5596586899570
-49.2161378505194,-1.5596586899570
-49.1756378505194,-1.5362760149570
-49.1621378505194,-1.5128933399570
-49.1486378505194,-1.4895106649570
-49.1351378505194,-1.4661279899570
-49.1216378505194,-1.4427453149570
-49.1081378505194,-1.4193626399570
-49.4456378505194,-1.1153878649570
-49.5806378505194,-1.3492146149570
-49.4456378505194,-1.5830413649570
-49.1756378505194,-1.5830413649570
-49.0946378505194,-1.2556839149570
-49.2296378505194,-1.1153878649570
-49.2566378505194,-1.1153878649570
-49.2836378505194,-1.1153878649570
-49.3106378505194,-1.1153878649570
-49.3376378505194,-1.1153878649570
-49.3646378505194,-1.1153878649570
-49.3916378505194,-1.1153878649570
-49.4186378505194,-1.1153878649570
-49.4591378505194,-1.1387705399570
-49.4726378505194,-1.1621532149570
-49.4861378505194,-1.1855358899570
-49.4996378505194,-1.2089185649570
-49.5131378505194,-1.2323012399570
-49.5266378505194,-1.2556839149570
-49.5401378505194,-1.2790665899570
-49.5536378505194,-1.3024492649570
-49.5671378505194,-1.3258319399570
-49.5671378505194,-1.3725972899570
-49.5131378505194,-1.4661279899570
-49.4996378505194,-1.4895106649570
-49.4861378505194,-1.5128933399570
-49.4726378505194,-1.5362760149570
-49.4591378505194,-1.5596586899570
-49.4186378505194,-1.5830413649570
-49.3916378505194,-1.5830413649570
-49.3646378505194,-1.5830413649570
-49.3376378505194,-1.5830413649570
-49.3106378505194,-1.5830413649570
-49.2836378505194,-1.5830413649570
-49.2566378505194,-1.5830413649570
-49.2296378505194,-1.5830413649570
-49.2026378505194,-1.5830413649570
-49.1621378505194,-1.5596586899570
-49.1486378505194,-1.5362760149570
-49.1351378505194,-1.5128933399570
-49.1216378505194,-1.4895106649570
-49.1081378505194,-1.4661279899570
-49.0946378505194,-1.4427453149570
-49.0811378505194,-1.4193626399570
-49.4591378505194,-1.0920051899570
-49.6076378505194,-1.3492146149570
-49.4591378505194,-1.6064240399570
-49.1621378505194,-1.6064240399570
-49.2161378505194,-1.0920051899570
-49.2431378505194,-1.0920051899570
-49.2701378505194,-1.0920051899570
-49.2971378505194,-1.0920051899570
-49.3241378505194,-1.0920051899570
-49.3511378505194,-1.0920051899570
-49.3781378505194,-1.0920051899570
-49.4051378505194,-1.0920051899570
-49.4321378505194,-1.0920051899570
-49.4726378505194,-1.1153878649570
-49.4861378505194,-1.1387705399570
-49.4996378505194,-1.1621532149570
-49.5131378505194,-1.1855358899570
-49.5266378505194,-1.2089185649570
-49.5401378505194,-1.2323012399570
-49.5536378505194,-1.2556839149570
-49.4996378505194,-1.5362760149570
-49.4861378505194,-1.5596586899570
-49.4726378505194,-1.5830413649570
-49.4321378505194,-1.6064240399570
-49.4051378505194,-1.6064240399570
-49.3781378505194,-1.6064240399570
-49.3511378505194,-1.6064240399570
-49.3241378505194,-1.6064240399570
-49.2971378505194,-1.6064240399570
-49.2701378505194,-1.6064240399570
-49.2431378505194,-1.6064240399570
-49.2161378505194,-1.6064240399570
-49.1891378505194,-1.6064240399570
-49.1486378505194,-1.5830413649570
-49.1351378505194,-1.5596586899570
-49.1216378505194,-1.5362760149570
-49.1081378505194,-1.5128933399570
-49.0946378505194,-1.4895106649570
-49.0811378505194,-1.4661279899570
-49.0676378505194,-1.4427453149570
-49.4726378505194,-1.0686225149570
-49.4726378505194,-1.6298067149570
-49.1486378505194,-1.6298067149570
-49.2026378505194,-1.0686225149570
-49.2296378505194,-1.0686225149570
-49.2566378505194,-1.0686225149570
-49.2836378505194,-1.0686225149570
-49.3106378505194,-1.0686225149570
-49.3376378505194,-1.0686225149570
-49.3646378505194,-1.0686225149570
-49.3916378505194,-1.0686225149570
-49.4186378505194,-1.0686225149570
-49.4456378505194,-1.0686225149570
-49.4861378505194,-1.0920051899570
-49.4996378505194,-1.1153878649570
-49.5131378505194,-1.1387705399570
-49.4861378505194,-1.6064240399570
-49.4456378505194,-1.6298067149570
-49.4186378505194,-1.6298067149570
-49.3916378505194,-1.6298067149570
-49.3646378505194,-1.6298067149570
-49.3376378505194,-1.6298067149570
-49.3106378505194,-1.6298067149570
-49.2836378505194,-1.6298067149570
-49.2566378505194,-1.6298067149570
-49.2296378505194,-1.6298067149570
-49.2026378505194,-1.6298067149570
-49.1756378505194,-1.6298067149570
-49.1351378505194,-1.6064240399570
-49.1216378505194,-1.5830413649570
-49.1081378505194,-1.5596586899570
-49.0946378505194,-1.5362760149570
-49.0811378505194,-1.5128933399570
-49.0676378505194,-1.4895106649570
-49.0541378505194,-1.4661279899570
-49.1351378505194,-1.6531893899570
-49.2161378505194,-1.0452398399570
-49.2431378505194,-1.0452398399570
-49.2701378505194,-1.0452398399570
-49.2971378505194,-1.0452398399570
-49.3241378505194,-1.0452398399570
-49.3511378505194,-1.0452398399570
-49.3781378505194,-1.0452398399570
-49.4051378505194,-1.0452398399570
-49.4321378505194,-1.0452398399570
-49.4591378505194,-1.0452398399570
-49.4996378505194,-1.0686225149570
-49.4321378505194,-1.6531893899570
-49.4051378505194,-1.6531893899570
-49.3781378505194,-1.6531893899570
-49.3511378505194,-1.6531893899570
-49.3241378505194,-1.6531893899570
-49.2971378505194,-1.6531893899570
-49.2701378505194,-1.6531893899570
-49.2431378505194,-1.6531893899570
-49.2161378505194,-1.6531893899570
-49.1891378505194,-1.6531893899570
-49.1621378505194,-1.6531893899570
-49.1216378505194,-1.6298067149570
-49.1081378505194,-1.6064240399570
-49.0946378505194,-1.5830413649570
-49.0811378505194,-1.5596586899570
-49.0676378505194,-1.5362760149570
-49.0541378505194,-1.5128933399570
-49.0406378505194,-1.4895106649570
-49.0271378505194,-1.4661279899570
-49.2296378505194,-1.0218571649570
-49.2566378505194,-1.0218571649570
-49.2836378505194,-1.0218571649570
-49.3106378505194,-1.0218571649570
-49.3376378505194,-1.0218571649570
-49.3646378505194,-1.0218571649570
-49.3916378505194,-1.0218571649570
-49.4186378505194,-1.0218571649570
-49.4456378505194,-1.0218571649570
-49.4726378505194,-1.0218571649570
-49.4186378505194,-1.6765720649570
-49.3916378505194,-1.6765720649570
-49.3646378505194,-1.6765720649570
-49.3376378505194,-1.6765720649570
-49.3106378505194,-1.6765720649570
-49.2836378505194,-1.6765720649570
-49.2566378505194,-1.6765720649570
-49.2296378505194,-1.6765720649570
-49.2026378505194,-1.6765720649570
-49.0811378505194,-1.6064240399570
-49.0676378505194,-1.5830413649570
-49.0541378505194,-1.5596586899570
-49.0406378505194,-1.5362760149570
-49.0271378505194,-1.5128933399570
-49.0136378505194,-1.4895106649570
-49.5131378505194,-0.9984744899570
-49.2431378505194,-0.9984744899570
-49.2701378505194,-0.9984744899570
-49.2971378505194,-0.9984744899570
-49.3241378505194,-0.9984744899570
-49.3511378505194,-0.9984744899570
-49.3781378505194,-0.9984744899570
-49.4051378505194,-0.9984744899570
-49.4321378505194,-0.9984744899570
-49.4591378505194,-0.9984744899570
-49.4861378505194,-0.9984744899570
-49.4051378505194,-1.6999547399570
-49.3781378505194,-1.6999547399570
-49.3511378505194,-1.6999547399570
-49.3241378505194,-1.6999547399570
-49.2971378505194,-1.6999547399570
-49.2701378505194,-1.6999547399570
-49.0406378505194,-1.5830413649570
-49.0271378505194,-1.5596586899570
-49.0136378505194,-1.5362760149570
-49.0001378505194,-1.5128933399570
-48.9866378505194,-1.4895106649570
-49.5266378505194,-0.9750918149570
-49.3376378505194,-0.9750918149570
-49.3646378505194,-0.9750918149570
-49.3916378505194,-0.9750918149570
-49.4186378505194,-0.9750918149570
-49.4456378505194,-0.9750918149570
-49.5401378505194,-0.9984744899570
-49.0001378505194,-1.5596586899570
-48.9866378505194,-1.5362760149570
-48.9731378505194,-1.5128933399570
-49.3241378505194,-0.9517091399570
-49.3511378505194,-0.9517091399570
-49.3781378505194,-0.9517091399570
-49.4051378505194,-0.9517091399570
-49.4321378505194,-0.9517091399570
-49.3376378505194,-0.9283264649570
-49.3916378505194,-0.9283264649570
-49.4186378505194,-0.9283264649570
-49.4456378505194,-0.9283264649570
