-39.3218597412049,-3.9712511482647
-39.2948597412049,-3.9712511482647
-39.3083597412049,-3.9478684732647
-39.3353597412049,-3.9478684732647
-39.3488597412049,-3.9712511482647
-39.3353597412049,-3.9946338232647
-39.3083597412049,-3.9946338232647
-39.2678597412049,-3.9712511482647
-39.2948597412049,-3.9244857982647
-39.3488597412049,-3.9244857982647
-39.3758597412049,-3.9712511482647
-39.3488597412049,-4.0180164982647
-39.2948597412049,-4.0180164982647
-39.2813597412049,-3.9478684732647
-39.3218597412049,-3.9244857982647
-39.3623597412049,-3.9478684732647
-39.3623597412049,-3.9946338232647
-39.3218597412049,-4.0180164982647
-39.2813597412049,-3.9946338232647
-39.2408597412049,-3.9712511482647
-39.3623597412049,-3.9011031232647
-39.4028597412049,-3.9712511482647
-39.3623597412049,-4.0413991732647
-39.2813597412049,-4.0413991732647
-39.2543597412049,-3.9478684732647
-39.2678597412049,-3.9244857982647
-39.3353597412049,-3.9011031232647
-39.3758597412049,-3.9244857982647
-39.3893597412049,-3.9478684732647
-39.3893597412049,-3.9946338232647
-39.3758597412049,-4.0180164982647
-39.3353597412049,-4.0413991732647
-39.3083597412049,-4.0413991732647
-39.2678597412049,-4.0180164982647
-39.2543597412049,-3.9946338232647
-39.2138597412049,-3.9712511482647
-39.3758597412049,-3.8777204482647
-39.4298597412049,-3.9712511482647
-39.2678597412049,-4.0647818482647
-39.2273597412049,-3.9478684732647
-39.2408597412049,-3.9244857982647
-39.2543597412049,-3.9011031232647
-39.3488597412049,-3.8777204482647
-39.3893597412049,-3.9011031232647
-39.4028597412049,-3.9244857982647
-39.4163597412049,-3.9478684732647
-39.4163597412049,-3.9946338232647
-39.3488597412049,-4.0647818482647
-39.3218597412049,-4.0647818482647
-39.2948597412049,-4.0647818482647
-39.2543597412049,-4.0413991732647
-39.2408597412049,-4.0180164982647
-39.2273597412049,-3.9946338232647
-39.4568597412049,-3.9712511482647
-39.2003597412049,-3.9478684732647
-39.2138597412049,-3.9244857982647
-39.2273597412049,-3.9011031232647
-39.4028597412049,-3.8777204482647
-39.4163597412049,-3.9011031232647
-39.4298597412049,-3.9244857982647
-39.4433597412049,-3.9478684732647
-39.2408597412049,-4.0647818482647
-39.2273597412049,-4.0413991732647
-39.2138597412049,-4.0180164982647
-39.2003597412049,-3.9946338232647
-39.2138597412049,-3.8777204482647
-39.4298597412049,-3.8777204482647
-39.4433597412049,-3.9011031232647
-39.4703597412049,-3.9946338232647
