-37.8758627681430,-4.4634209691670
-37.8488627681430,-4.4634209691670
-37.8623627681430,-4.4400382941670
-37.8893627681430,-4.4400382941670
-37.9028627681430,-4.4634209691670
-37.8893627681430,-4.4868036441670
-37.8623627681430,-4.4868036441670
-37.8218627681430,-4.4634209691670
-37.8488627681430,-4.4166556191670
-37.9028627681430,-4.4166556191670
-37.9298627681430,-4.4634209691670
-37.9028627681430,-4.5101863191670
-37.8488627681430,-4.5101863191670
-37.8353627681430,-4.4400382941670
-37.8758627681430,-4.4166556191670
-37.9163627681430,-4.4400382941670
-37.9163627681430,-4.4868036441670
-37.8758627681430,-4.5101863191670
-37.8353627681430,-4.4868036441670
-37.7948627681430,-4.4634209691670
-37.9568627681430,-4.4634209691670
-37.8083627681430,-4.4400382941670
-37.8218627681430,-4.4166556191670
-37.9298627681430,-4.4166556191670
-37.9433627681430,-4.4400382941670
-37.9433627681430,-4.4868036441670
-37.9298627681430,-4.5101863191670
-37.8893627681430,-4.5335689941670
-37.8623627681430,-4.5335689941670
-37.8083627681430,-4.4868036441670
-37.7948627681430,-4.4166556191670
-37.9703627681430,-4.4400382941670
-37.9568627681430,-4.5101863191670
-37.7678627681430,-4.4166556191670
