-38.9950374994600,-6.7782228688294
-38.9680374994600,-6.7782228688294
-38.9815374994600,-6.7548401938294
-39.0085374994600,-6.7548401938294
-39.0220374994600,-6.7782228688294
-39.0085374994600,-6.8016055438294
-38.9815374994600,-6.8016055438294
-38.9410374994600,-6.7782228688294
-38.9680374994600,-6.7314575188294
-39.0220374994600,-6.7314575188294
-39.0490374994600,-6.7782228688294
-39.0220374994600,-6.8249882188294
-38.9680374994600,-6.8249882188294
-38.9545374994600,-6.7548401938294
-38.9950374994600,-6.7314575188294
-39.0355374994600,-6.7548401938294
-39.0355374994600,-6.8016055438294
-38.9950374994600,-6.8249882188294
-38.9545374994600,-6.8016055438294
-38.9140374994600,-6.7782228688294
-38.9545374994600,-6.7080748438294
-39.0355374994600,-6.7080748438294
-39.0760374994600,-6.7782228688294
-39.0355374994600,-6.8483708938294
-38.9545374994600,-6.8483708938294
-38.9275374994600,-6.7548401938294
-38.9410374994600,-6.7314575188294
-38.9815374994600,-6.7080748438294
-39.0085374994600,-6.7080748438294
-39.0490374994600,-6.7314575188294
-39.0625374994600,-6.7548401938294
-39.0625374994600,-6.8016055438294
-39.0490374994600,-6.8249882188294
-39.0085374994600,-6.8483708938294
-38.9815374994600,-6.8483708938294
-38.9410374994600,-6.8249882188294
-38.9275374994600,-6.8016055438294
-38.8870374994600,-6.7782228688294
-38.9410374994600,-6.6846921688294
-39.0490374994600,-6.6846921688294
-39.1030374994600,-6.7782228688294
-39.0490374994600,-6.8717535688294
-38.9005374994600,-6.7548401938294
-38.9140374994600,-6.7314575188294
-38.9275374994600,-6.7080748438294
-38.9680374994600,-6.6846921688294
-38.9950374994600,-6.6846921688294
-39.0220374994600,-6.6846921688294
-39.0625374994600,-6.7080748438294
-39.0760374994600,-6.7314575188294
-39.0895374994600,-6.7548401938294
-39.0895374994600,-6.8016055438294
-39.0760374994600,-6.8249882188294
-39.0625374994600,-6.8483708938294
-39.0220374994600,-6.8717535688294
-38.9275374994600,-6.8483708938294
-38.9140374994600,-6.8249882188294
-38.9005374994600,-6.8016055438294
-38.8600374994600,-6.7782228688294
-38.9275374994600,-6.6613094938294
-39.1300374994600,-6.7782228688294
-39.0625374994600,-6.8951362438294
-38.8735374994600,-6.7548401938294
-38.8870374994600,-6.7314575188294
-38.9005374994600,-6.7080748438294
-38.9140374994600,-6.6846921688294
-38.9545374994600,-6.6613094938294
-39.0085374994600,-6.6613094938294
-39.1030374994600,-6.7314575188294
-39.1165374994600,-6.7548401938294
-39.1165374994600,-6.8016055438294
-39.1030374994600,-6.8249882188294
-39.0895374994600,-6.8483708938294
-39.0760374994600,-6.8717535688294
-39.0355374994600,-6.8951362438294
-38.9005374994600,-6.8483708938294
-38.8870374994600,-6.8249882188294
-38.8735374994600,-6.8016055438294
-38.8330374994600,-6.7782228688294
-38.9140374994600,-6.6379268188294
-39.0760374994600,-6.9185189188294
-38.8465374994600,-6.7548401938294
-38.8600374994600,-6.7314575188294
-38.8735374994600,-6.7080748438294
-38.8870374994600,-6.6846921688294
-38.9005374994600,-6.6613094938294
-38.9410374994600,-6.6379268188294
-39.1300374994600,-6.7314575188294
-39.1435374994600,-6.8016055438294
-39.1300374994600,-6.8249882188294
-39.1165374994600,-6.8483708938294
-39.1030374994600,-6.8717535688294
-39.0895374994600,-6.8951362438294
-38.8735374994600,-6.8483708938294
-38.8600374994600,-6.8249882188294
-38.8465374994600,-6.8016055438294
-38.9005374994600,-6.6145441438294
-39.0895374994600,-6.9419015938294
-38.8195374994600,-6.7548401938294
-38.8600374994600,-6.6846921688294
-38.8735374994600,-6.6613094938294
-38.8870374994600,-6.6379268188294
-38.9275374994600,-6.6145441438294
-39.1570374994600,-6.8249882188294
-39.1435374994600,-6.8483708938294
-39.1300374994600,-6.8717535688294
-39.1165374994600,-6.8951362438294
-39.1030374994600,-6.9185189188294
-38.8465374994600,-6.8483708938294
-38.8330374994600,-6.8249882188294
-38.8195374994600,-6.8016055438294
-38.8870374994600,-6.5911614688294
-38.8465374994600,-6.6613094938294
-38.8600374994600,-6.6379268188294
-38.8735374994600,-6.6145441438294
-38.9140374994600,-6.5911614688294
-39.1705374994600,-6.8483708938294
-39.1570374994600,-6.8717535688294
-39.1435374994600,-6.8951362438294
-39.1300374994600,-6.9185189188294
-39.1165374994600,-6.9419015938294
-39.1705374994600,-6.8951362438294
-39.1570374994600,-6.9185189188294
