-39.4929303564436,-6.1224917083730
-39.4659303564436,-6.1224917083730
-39.4794303564436,-6.0991090333730
-39.5064303564436,-6.0991090333730
-39.5199303564436,-6.1224917083730
-39.5064303564436,-6.1458743833730
-39.4794303564436,-6.1458743833730
-39.4389303564436,-6.1224917083730
-39.4659303564436,-6.0757263583730
-39.5199303564436,-6.0757263583730
-39.5469303564436,-6.1224917083730
-39.5199303564436,-6.1692570583730
-39.4659303564436,-6.1692570583730
-39.4524303564436,-6.0991090333730
-39.4929303564436,-6.0757263583730
-39.5334303564436,-6.0991090333730
-39.5334303564436,-6.1458743833730
-39.4929303564436,-6.1692570583730
-39.4524303564436,-6.1458743833730
-39.4119303564436,-6.1224917083730
-39.4524303564436,-6.0523436833730
-39.5334303564436,-6.0523436833730
-39.5739303564436,-6.1224917083730
-39.5334303564436,-6.1926397333730
-39.4524303564436,-6.1926397333730
-39.4254303564436,-6.0991090333730
-39.4389303564436,-6.0757263583730
-39.4794303564436,-6.0523436833730
-39.5064303564436,-6.0523436833730
-39.5469303564436,-6.0757263583730
-39.5604303564436,-6.0991090333730
-39.5604303564436,-6.1458743833730
-39.5469303564436,-6.1692570583730
-39.5064303564436,-6.1926397333730
-39.4794303564436,-6.1926397333730
-39.4389303564436,-6.1692570583730
-39.4254303564436,-6.1458743833730
-39.3849303564436,-6.1224917083730
-39.4389303564436,-6.0289610083730
-39.5469303564436,-6.0289610083730
-39.6009303564436,-6.1224917083730
-39.5469303564436,-6.2160224083730
-39.4389303564436,-6.2160224083730
-39.3984303564436,-6.0991090333730
-39.4119303564436,-6.0757263583730
-39.4254303564436,-6.0523436833730
-39.4659303564436,-6.0289610083730
-39.4929303564436,-6.0289610083730
-39.5199303564436,-6.0289610083730
-39.5604303564436,-6.0523436833730
-39.5739303564436,-6.0757263583730
-39.5874303564436,-6.0991090333730
-39.5874303564436,-6.1458743833730
-39.5739303564436,-6.1692570583730
-39.5604303564436,-6.1926397333730
-39.5199303564436,-6.2160224083730
-39.4929303564436,-6.2160224083730
-39.4659303564436,-6.2160224083730
-39.4254303564436,-6.1926397333730
-39.4119303564436,-6.1692570583730
-39.3984303564436,-6.1458743833730
-39.3579303564436,-6.1224917083730
-39.4254303564436,-6.0055783333730
-39.6279303564436,-6.1224917083730
-39.5604303564436,-6.2394050833730
-39.4254303564436,-6.2394050833730
-39.3714303564436,-6.0991090333730
-39.3849303564436,-6.0757263583730
-39.3984303564436,-6.0523436833730
-39.4119303564436,-6.0289610083730
-39.4524303564436,-6.0055783333730
-39.4794303564436,-6.0055783333730
-39.5064303564436,-6.0055783333730
-39.5334303564436,-6.0055783333730
-39.5739303564436,-6.0289610083730
-39.5874303564436,-6.0523436833730
-39.6009303564436,-6.0757263583730
-39.6144303564436,-6.0991090333730
-39.6144303564436,-6.1458743833730
-39.6009303564436,-6.1692570583730
-39.5874303564436,-6.1926397333730
-39.5739303564436,-6.2160224083730
-39.5334303564436,-6.2394050833730
-39.5064303564436,-6.2394050833730
-39.4794303564436,-6.2394050833730
-39.4524303564436,-6.2394050833730
-39.4119303564436,-6.2160224083730
-39.3984303564436,-6.1926397333730
-39.3849303564436,-6.1692570583730
-39.3714303564436,-6.1458743833730
-39.3309303564436,-6.1224917083730
-39.4119303564436,-5.9821956583730
-39.5739303564436,-5.9821956583730
-39.6549303564436,-6.1224917083730
-39.5739303564436,-6.2627877583730
-39.3444303564436,-6.0991090333730
-39.3579303564436,-6.0757263583730
-39.3714303564436,-6.0523436833730
-39.3849303564436,-6.0289610083730
-39.3984303564436,-6.0055783333730
-39.4659303564436,-5.9821956583730
-39.5874303564436,-6.0055783333730
-39.6009303564436,-6.0289610083730
-39.6144303564436,-6.0523436833730
-39.6279303564436,-6.0757263583730
-39.6414303564436,-6.0991090333730
-39.6414303564436,-6.1458743833730
-39.6279303564436,-6.1692570583730
-39.6144303564436,-6.1926397333730
-39.6009303564436,-6.2160224083730
-39.5874303564436,-6.2394050833730
-39.5469303564436,-6.2627877583730
-39.5199303564436,-6.2627877583730
-39.4929303564436,-6.2627877583730
-39.4659303564436,-6.2627877583730
-39.4389303564436,-6.2627877583730
-39.3849303564436,-6.2160224083730
-39.3714303564436,-6.1926397333730
-39.3579303564436,-6.1692570583730
-39.3444303564436,-6.1458743833730
-39.3039303564436,-6.1224917083730
-39.6819303564436,-6.1224917083730
-39.5874303564436,-6.2861704333730
-39.3174303564436,-6.0991090333730
-39.3309303564436,-6.0757263583730
-39.3444303564436,-6.0523436833730
-39.3579303564436,-6.0289610083730
-39.3714303564436,-6.0055783333730
-39.3849303564436,-5.9821956583730
-39.6144303564436,-6.0055783333730
-39.6279303564436,-6.0289610083730
-39.6414303564436,-6.0523436833730
-39.6549303564436,-6.0757263583730
-39.6684303564436,-6.0991090333730
-39.6684303564436,-6.1458743833730
-39.6549303564436,-6.1692570583730
-39.6414303564436,-6.1926397333730
-39.6279303564436,-6.2160224083730
-39.6144303564436,-6.2394050833730
-39.6009303564436,-6.2627877583730
-39.5604303564436,-6.2861704333730
-39.5334303564436,-6.2861704333730
-39.5064303564436,-6.2861704333730
-39.4794303564436,-6.2861704333730
-39.3579303564436,-6.2160224083730
-39.3444303564436,-6.1926397333730
-39.3309303564436,-6.1692570583730
-39.3174303564436,-6.1458743833730
-39.2769303564436,-6.1224917083730
-39.7089303564436,-6.1224917083730
-39.6009303564436,-6.3095531083730
-39.2904303564436,-6.0991090333730
-39.3039303564436,-6.0757263583730
-39.3174303564436,-6.0523436833730
-39.3309303564436,-6.0289610083730
-39.6279303564436,-5.9821956583730
-39.6414303564436,-6.0055783333730
-39.6549303564436,-6.0289610083730
-39.6684303564436,-6.0523436833730
-39.6819303564436,-6.0757263583730
-39.6954303564436,-6.0991090333730
-39.6954303564436,-6.1458743833730
-39.6819303564436,-6.1692570583730
-39.6684303564436,-6.1926397333730
-39.6549303564436,-6.2160224083730
-39.6414303564436,-6.2394050833730
-39.6279303564436,-6.2627877583730
-39.6144303564436,-6.2861704333730
-39.5739303564436,-6.3095531083730
-39.5469303564436,-6.3095531083730
-39.5199303564436,-6.3095531083730
-39.4929303564436,-6.3095531083730
-39.4659303564436,-6.3095531083730
-39.3039303564436,-6.1692570583730
-39.2904303564436,-6.1458743833730
-39.2499303564436,-6.1224917083730
-39.7359303564436,-6.1224917083730
-39.2634303564436,-6.0991090333730
-39.2769303564436,-6.0757263583730
-39.2904303564436,-6.0523436833730
-39.3039303564436,-6.0289610083730
-39.3174303564436,-6.0055783333730
-39.6549303564436,-5.9821956583730
-39.6684303564436,-6.0055783333730
-39.6819303564436,-6.0289610083730
-39.6954303564436,-6.0523436833730
-39.7089303564436,-6.0757263583730
-39.7224303564436,-6.0991090333730
-39.7224303564436,-6.1458743833730
-39.7089303564436,-6.1692570583730
-39.6954303564436,-6.1926397333730
-39.6819303564436,-6.2160224083730
-39.6684303564436,-6.2394050833730
-39.6549303564436,-6.2627877583730
-39.6414303564436,-6.2861704333730
-39.6279303564436,-6.3095531083730
-39.4794303564436,-6.3329357833730
-39.2229303564436,-6.1224917083730
-39.7629303564436,-6.1224917083730
-39.2364303564436,-6.0991090333730
-39.2499303564436,-6.0757263583730
-39.2634303564436,-6.0523436833730
-39.2769303564436,-6.0289610083730
-39.2904303564436,-6.0055783333730
-39.7089303564436,-6.0289610083730
-39.7224303564436,-6.0523436833730
-39.7359303564436,-6.0757263583730
-39.7494303564436,-6.0991090333730
-39.7494303564436,-6.1458743833730
-39.7359303564436,-6.1692570583730
-39.7224303564436,-6.1926397333730
-39.7089303564436,-6.2160224083730
-39.6954303564436,-6.2394050833730
-39.6819303564436,-6.2627877583730
-39.6684303564436,-6.2861704333730
-39.6549303564436,-6.3095531083730
-39.1959303564436,-6.1224917083730
-39.7899303564436,-6.1224917083730
-39.2094303564436,-6.0991090333730
-39.2229303564436,-6.0757263583730
-39.2364303564436,-6.0523436833730
-39.2499303564436,-6.0289610083730
-39.2634303564436,-6.0055783333730
-39.7359303564436,-6.0289610083730
-39.7494303564436,-6.0523436833730
-39.7629303564436,-6.0757263583730
-39.7764303564436,-6.0991090333730
-39.7764303564436,-6.1458743833730
-39.7629303564436,-6.1692570583730
-39.7494303564436,-6.1926397333730
-39.7359303564436,-6.2160224083730
-39.7224303564436,-6.2394050833730
-39.7089303564436,-6.2627877583730
-39.6954303564436,-6.2861704333730
-39.6819303564436,-6.3095531083730
-39.6684303564436,-6.3329357833730
-39.1689303564436,-6.1224917083730
-39.8169303564436,-6.1224917083730
-39.1824303564436,-6.0991090333730
-39.1959303564436,-6.0757263583730
-39.2094303564436,-6.0523436833730
-39.2229303564436,-6.0289610083730
-39.2364303564436,-6.0055783333730
-39.7494303564436,-6.0055783333730
-39.7629303564436,-6.0289610083730
-39.7764303564436,-6.0523436833730
-39.7899303564436,-6.0757263583730
-39.8034303564436,-6.0991090333730
-39.7899303564436,-6.1692570583730
-39.7764303564436,-6.1926397333730
-39.7629303564436,-6.2160224083730
-39.7089303564436,-6.3095531083730
-39.6954303564436,-6.3329357833730
-39.1419303564436,-6.1224917083730
-39.8439303564436,-6.1224917083730
-39.1554303564436,-6.0991090333730
-39.1689303564436,-6.0757263583730
-39.1824303564436,-6.0523436833730
-39.1959303564436,-6.0289610083730
-39.2094303564436,-6.0055783333730
-39.7899303564436,-6.0289610083730
-39.8034303564436,-6.0523436833730
-39.8169303564436,-6.0757263583730
-39.8304303564436,-6.0991090333730
-39.1554303564436,-6.1458743833730
-39.1149303564436,-6.1224917083730
-39.1284303564436,-6.0991090333730
-39.1419303564436,-6.0757263583730
-39.1554303564436,-6.0523436833730
-39.1689303564436,-6.0289610083730
-39.1824303564436,-6.0055783333730
-39.1959303564436,-5.9821956583730
-39.8169303564436,-6.0289610083730
-39.8304303564436,-6.0523436833730
-39.8439303564436,-6.0757263583730
-39.8574303564436,-6.0991090333730
-39.0879303564436,-6.1224917083730
-39.1014303564436,-6.0991090333730
-39.1149303564436,-6.0757263583730
-39.1284303564436,-6.0523436833730
-39.1419303564436,-6.0289610083730
-39.1554303564436,-6.0055783333730
-39.1689303564436,-5.9821956583730
-39.8844303564436,-6.0991090333730
-39.0879303564436,-6.0757263583730
-39.1014303564436,-6.0523436833730
-39.1149303564436,-6.0289610083730
-39.1284303564436,-6.0055783333730
-39.1419303564436,-5.9821956583730
-39.1554303564436,-5.9588129833730
-39.0744303564436,-6.0523436833730
-39.0879303564436,-6.0289610083730
-39.1014303564436,-6.0055783333730
-39.1149303564436,-5.9821956583730
-39.0609303564436,-6.0289610083730
-39.0744303564436,-6.0055783333730
