-38.4987146494604,-4.1838416123396
-38.4717146494604,-4.1838416123396
-38.4852146494604,-4.1604589373396
-38.5122146494604,-4.1604589373396
-38.5257146494604,-4.1838416123396
-38.5122146494604,-4.2072242873396
-38.4852146494604,-4.2072242873396
-38.4447146494604,-4.1838416123396
-38.5257146494604,-4.1370762623396
-38.5527146494604,-4.1838416123396
-38.4717146494604,-4.2306069623396
-38.4582146494604,-4.1604589373396
-38.5392146494604,-4.1604589373396
-38.5392146494604,-4.2072242873396
-38.4987146494604,-4.2306069623396
-38.4582146494604,-4.2072242873396
-38.4177146494604,-4.1838416123396
-38.5797146494604,-4.1838416123396
-38.4312146494604,-4.1604589373396
-38.5527146494604,-4.1370762623396
-38.5662146494604,-4.1604589373396
-38.5662146494604,-4.2072242873396
-38.5527146494604,-4.2306069623396
-38.4447146494604,-4.2306069623396
-38.4312146494604,-4.2072242873396
-38.3907146494604,-4.1838416123396
-38.6067146494604,-4.1838416123396
-38.4042146494604,-4.1604589373396
-38.5797146494604,-4.1370762623396
-38.5932146494604,-4.1604589373396
-38.5932146494604,-4.2072242873396
-38.4177146494604,-4.2306069623396
-38.4042146494604,-4.2072242873396
