-38.2006567857147,-5.5174865823488
-38.1736567857147,-5.5174865823488
-38.1871567857147,-5.4941039073488
-38.2141567857147,-5.4941039073488
-38.2276567857147,-5.5174865823488
-38.2141567857147,-5.5408692573488
-38.1871567857147,-5.5408692573488
-38.1466567857147,-5.5174865823488
-38.1736567857147,-5.4707212323488
-38.2276567857147,-5.4707212323488
-38.2546567857147,-5.5174865823488
-38.2276567857147,-5.5642519323488
-38.1736567857147,-5.5642519323488
-38.1601567857147,-5.4941039073488
-38.2006567857147,-5.4707212323488
-38.2411567857147,-5.4941039073488
-38.2411567857147,-5.5408692573488
-38.2006567857147,-5.5642519323488
-38.1601567857147,-5.5408692573488
-38.1196567857147,-5.5174865823488
-38.1601567857147,-5.4473385573488
-38.2411567857147,-5.4473385573488
-38.2816567857147,-5.5174865823488
-38.2411567857147,-5.5876346073488
-38.1601567857147,-5.5876346073488
-38.1331567857147,-5.4941039073488
-38.1466567857147,-5.4707212323488
-38.1871567857147,-5.4473385573488
-38.2141567857147,-5.4473385573488
-38.2546567857147,-5.4707212323488
-38.2681567857147,-5.4941039073488
-38.2681567857147,-5.5408692573488
-38.2546567857147,-5.5642519323488
-38.2141567857147,-5.5876346073488
-38.1871567857147,-5.5876346073488
-38.1466567857147,-5.5642519323488
-38.1331567857147,-5.5408692573488
-38.0926567857147,-5.5174865823488
-38.2546567857147,-5.4239558823488
-38.3086567857147,-5.5174865823488
-38.2546567857147,-5.6110172823488
-38.1466567857147,-5.6110172823488
-38.1061567857147,-5.4941039073488
-38.1196567857147,-5.4707212323488
-38.1331567857147,-5.4473385573488
-38.2006567857147,-5.4239558823488
-38.2276567857147,-5.4239558823488
-38.2681567857147,-5.4473385573488
-38.2816567857147,-5.4707212323488
-38.2951567857147,-5.4941039073488
-38.2951567857147,-5.5408692573488
-38.2816567857147,-5.5642519323488
-38.2681567857147,-5.5876346073488
-38.2276567857147,-5.6110172823488
-38.2006567857147,-5.6110172823488
-38.1736567857147,-5.6110172823488
-38.1331567857147,-5.5876346073488
-38.1196567857147,-5.5642519323488
-38.1061567857147,-5.5408692573488
-38.0656567857147,-5.5174865823488
-38.3356567857147,-5.5174865823488
-38.1331567857147,-5.6343999573488
-38.0791567857147,-5.4941039073488
-38.0926567857147,-5.4707212323488
-38.1061567857147,-5.4473385573488
-38.1871567857147,-5.4005732073488
-38.2141567857147,-5.4005732073488
-38.2411567857147,-5.4005732073488
-38.2816567857147,-5.4239558823488
-38.2951567857147,-5.4473385573488
-38.3086567857147,-5.4707212323488
-38.3221567857147,-5.4941039073488
-38.3221567857147,-5.5408692573488
-38.3086567857147,-5.5642519323488
-38.2951567857147,-5.5876346073488
-38.2411567857147,-5.6343999573488
-38.1871567857147,-5.6343999573488
-38.1601567857147,-5.6343999573488
-38.1196567857147,-5.6110172823488
-38.1061567857147,-5.5876346073488
-38.0926567857147,-5.5642519323488
-38.0791567857147,-5.5408692573488
-38.0386567857147,-5.5174865823488
-38.3626567857147,-5.5174865823488
-38.1196567857147,-5.6577826323488
-38.0521567857147,-5.4941039073488
-38.0656567857147,-5.4707212323488
-38.0791567857147,-5.4473385573488
-38.1736567857147,-5.3771905323488
-38.2951567857147,-5.4005732073488
-38.3086567857147,-5.4239558823488
-38.3221567857147,-5.4473385573488
-38.3356567857147,-5.4707212323488
-38.3491567857147,-5.4941039073488
-38.3491567857147,-5.5408692573488
-38.3356567857147,-5.5642519323488
-38.3221567857147,-5.5876346073488
-38.1466567857147,-5.6577826323488
-38.1061567857147,-5.6343999573488
-38.0926567857147,-5.6110172823488
-38.0791567857147,-5.5876346073488
-38.0656567857147,-5.5642519323488
-38.0521567857147,-5.5408692573488
-38.0116567857147,-5.5174865823488
-38.3896567857147,-5.5174865823488
-38.0251567857147,-5.4941039073488
-38.0386567857147,-5.4707212323488
-38.0521567857147,-5.4473385573488
-38.3356567857147,-5.4239558823488
-38.3491567857147,-5.4473385573488
-38.3626567857147,-5.4707212323488
-38.3761567857147,-5.4941039073488
-38.3761567857147,-5.5408692573488
-38.3626567857147,-5.5642519323488
-38.3491567857147,-5.5876346073488
-38.3356567857147,-5.6110172823488
-38.0926567857147,-5.6577826323488
-38.0791567857147,-5.6343999573488
-38.0656567857147,-5.6110172823488
-38.0521567857147,-5.5876346073488
-38.0386567857147,-5.5642519323488
-38.0251567857147,-5.5408692573488
-37.9846567857147,-5.5174865823488
-38.4166567857147,-5.5174865823488
-37.9981567857147,-5.4941039073488
-38.0116567857147,-5.4707212323488
-38.0251567857147,-5.4473385573488
-38.3491567857147,-5.4005732073488
-38.3626567857147,-5.4239558823488
-38.3761567857147,-5.4473385573488
-38.3896567857147,-5.4707212323488
-38.4031567857147,-5.4941039073488
-38.4031567857147,-5.5408692573488
-38.3896567857147,-5.5642519323488
-38.3761567857147,-5.5876346073488
-38.3626567857147,-5.6110172823488
-38.0521567857147,-5.6343999573488
-38.0386567857147,-5.6110172823488
-38.0251567857147,-5.5876346073488
-38.0116567857147,-5.5642519323488
-37.9981567857147,-5.5408692573488
-37.9576567857147,-5.5174865823488
-38.4436567857147,-5.5174865823488
-37.9711567857147,-5.4941039073488
-37.9846567857147,-5.4707212323488
-37.9981567857147,-5.4473385573488
-38.3761567857147,-5.4005732073488
-38.3896567857147,-5.4239558823488
-38.4031567857147,-5.4473385573488
-38.4166567857147,-5.4707212323488
-38.4301567857147,-5.4941039073488
-38.4301567857147,-5.5408692573488
-38.4166567857147,-5.5642519323488
-38.4031567857147,-5.5876346073488
-38.3896567857147,-5.6110172823488
-37.9711567857147,-5.5408692573488
-37.9441567857147,-5.4941039073488
-37.9576567857147,-5.4707212323488
-37.9711567857147,-5.4473385573488
-38.3896567857147,-5.3771905323488
-38.4031567857147,-5.4005732073488
-38.4166567857147,-5.4239558823488
-38.4571567857147,-5.4941039073488
-38.4301567857147,-5.5876346073488
-38.4166567857147,-5.6110172823488
-37.9171567857147,-5.4941039073488
-37.9306567857147,-5.4707212323488
-37.9441567857147,-5.4473385573488
-37.9036567857147,-5.4707212323488
-37.9171567857147,-5.4473385573488
-37.8901567857147,-5.4473385573488
