-38.3942259318422,-3.9763974934450
-38.3672259318422,-3.9763974934450
-38.3807259318422,-3.9530148184450
-38.4077259318422,-3.9530148184450
-38.4212259318422,-3.9763974934450
-38.4077259318422,-3.9997801684450
-38.3807259318422,-3.9997801684450
-38.3402259318422,-3.9763974934450
-38.3672259318422,-3.9296321434450
-38.4212259318422,-3.9296321434450
-38.4482259318422,-3.9763974934450
-38.4212259318422,-4.0231628434450
-38.3672259318422,-4.0231628434450
-38.3537259318422,-3.9530148184450
-38.3942259318422,-3.9296321434450
-38.4347259318422,-3.9530148184450
-38.4347259318422,-3.9997801684450
-38.3942259318422,-4.0231628434450
-38.3537259318422,-3.9997801684450
-38.3132259318422,-3.9763974934450
-38.3537259318422,-3.9062494684450
-38.4347259318422,-3.9062494684450
-38.4752259318422,-3.9763974934450
-38.4347259318422,-4.0465455184450
-38.3537259318422,-4.0465455184450
-38.3267259318422,-3.9530148184450
-38.3402259318422,-3.9296321434450
-38.3807259318422,-3.9062494684450
-38.4077259318422,-3.9062494684450
-38.4482259318422,-3.9296321434450
-38.4617259318422,-3.9530148184450
-38.4617259318422,-3.9997801684450
-38.4482259318422,-4.0231628434450
-38.4077259318422,-4.0465455184450
-38.3807259318422,-4.0465455184450
-38.3402259318422,-4.0231628434450
-38.3267259318422,-3.9997801684450
-38.2862259318422,-3.9763974934450
-38.5022259318422,-3.9763974934450
-38.2997259318422,-3.9530148184450
-38.3132259318422,-3.9296321434450
-38.3672259318422,-3.8828667934450
-38.3942259318422,-3.8828667934450
-38.4212259318422,-3.8828667934450
-38.4752259318422,-3.9296321434450
-38.4887259318422,-3.9530148184450
-38.4887259318422,-3.9997801684450
-38.4752259318422,-4.0231628434450
-38.4617259318422,-4.0465455184450
-38.3942259318422,-4.0699281934450
-38.2997259318422,-3.9997801684450
-38.2592259318422,-3.9763974934450
-38.2727259318422,-3.9530148184450
-38.3807259318422,-3.8594841184450
-38.4077259318422,-3.8594841184450
-38.5157259318422,-3.9997801684450
-38.5022259318422,-4.0231628434450
-38.4887259318422,-4.0465455184450
-38.2727259318422,-3.9997801684450
-38.3942259318422,-3.8361014434450
-38.4212259318422,-3.8361014434450
-38.5157259318422,-4.0465455184450
-38.2592259318422,-4.0231628434450
-38.2457259318422,-3.9997801684450
