-39.1075099022246,-7.5433429197856
-39.0805099022246,-7.5433429197856
-39.0940099022246,-7.5199602447856
-39.1210099022246,-7.5199602447856
-39.1345099022247,-7.5433429197856
-39.1210099022246,-7.5667255947856
-39.0940099022246,-7.5667255947856
-39.0535099022246,-7.5433429197856
-39.0805099022246,-7.4965775697856
-39.1345099022247,-7.4965775697856
-39.1615099022247,-7.5433429197856
-39.0805099022246,-7.5901082697856
-39.0670099022246,-7.5199602447856
-39.1075099022246,-7.4965775697856
-39.1480099022247,-7.5199602447856
-39.1480099022247,-7.5667255947856
-39.1075099022246,-7.5901082697856
-39.0670099022246,-7.5667255947856
-39.1480099022247,-7.4731948947856
-39.0670099022246,-7.6134909447856
-39.1210099022246,-7.4731948947856
-39.1615099022247,-7.4965775697856
-39.1750099022247,-7.5199602447856
-39.0940099022246,-7.6134909447856
-39.0535099022246,-7.5901082697856
-39.0400099022246,-7.5667255947856
-39.1885099022247,-7.4965775697856
-39.0400099022246,-7.6134909447856
