-37.3182971688950,-9.2984091297192
-37.2912971688950,-9.2984091297192
-37.3047971688950,-9.2750264547192
-37.3317971688950,-9.2750264547192
-37.3452971688950,-9.2984091297192
-37.3317971688950,-9.3217918047192
-37.3047971688950,-9.3217918047192
-37.2642971688950,-9.2984091297192
-37.2912971688950,-9.2516437797192
-37.3722971688950,-9.2984091297192
-37.3452971688950,-9.3451744797192
-37.2777971688950,-9.2750264547192
-37.3587971688950,-9.2750264547192
-37.3587971688950,-9.3217918047192
-37.3182971688950,-9.3451744797192
-37.2777971688950,-9.3217918047192
-37.2372971688950,-9.2984091297192
-37.3992971688950,-9.2984091297192
-37.2507971688950,-9.2750264547192
-37.2642971688950,-9.2516437797192
-37.3857971688950,-9.3217918047192
-37.3722971688950,-9.3451744797192
-37.2507971688950,-9.3217918047192
-37.2102971688950,-9.2984091297192
-37.2237971688950,-9.2750264547192
-37.2372971688950,-9.2516437797192
-37.3992971688950,-9.3451744797192
-37.1967971688950,-9.2750264547192
-37.2102971688950,-9.2516437797192
-37.4262971688950,-9.3451744797192
-37.1832971688950,-9.2516437797192
-37.1967971688950,-9.2282611047192
-37.4667971688950,-9.3217918047192
-37.4532971688950,-9.3451744797192
-37.4937971688950,-9.3217918047192
-37.5612971688950,-9.2984091297192
