-36.0027555425597,-9.6131304403433
-35.9757555425597,-9.6131304403433
-35.9892555425597,-9.5897477653433
-36.0162555425597,-9.5897477653433
-36.0297555425597,-9.6131304403433
-36.0162555425597,-9.6365131153433
-35.9892555425597,-9.6365131153433
-35.9487555425597,-9.6131304403433
-35.9757555425597,-9.5663650903433
-36.0567555425597,-9.6131304403433
-36.0297555425597,-9.6598957903433
-35.9622555425597,-9.5897477653433
-36.0432555425597,-9.5897477653433
-36.0432555425597,-9.6365131153433
-35.9622555425597,-9.6365131153433
-35.9217555425597,-9.6131304403433
-35.9622555425597,-9.5429824153433
-36.0837555425597,-9.6131304403433
-35.9352555425597,-9.5897477653433
-35.9487555425597,-9.5663650903433
-36.0702555425597,-9.6365131153433
-36.0567555425597,-9.6598957903433
-35.9352555425597,-9.6365131153433
-35.8947555425597,-9.6131304403433
-36.1107555425597,-9.6131304403433
-35.9082555425597,-9.5897477653433
-35.9217555425597,-9.5663650903433
-36.0972555425597,-9.6365131153433
-36.0837555425597,-9.6598957903433
-35.9082555425597,-9.6365131153433
-36.1377555425597,-9.6131304403433
-36.1242555425597,-9.6365131153433
-35.8812555425597,-9.6365131153433
