-36.7676344881421,-9.3895908306336
-36.7406344881421,-9.3895908306336
-36.7541344881421,-9.3662081556336
-36.7811344881421,-9.3662081556336
-36.7946344881421,-9.3895908306336
-36.7811344881421,-9.4129735056336
-36.7541344881421,-9.4129735056336
-36.7406344881421,-9.3428254806336
-36.7946344881421,-9.3428254806336
-36.8216344881421,-9.3895908306336
-36.7946344881421,-9.4363561806336
-36.7406344881421,-9.4363561806336
-36.7271344881421,-9.3662081556336
-36.7676344881421,-9.3428254806336
-36.8081344881421,-9.4129735056336
-36.7676344881421,-9.4363561806336
-36.7271344881421,-9.4129735056336
-36.7271344881421,-9.3194428056336
-36.8081344881421,-9.4597388556336
-36.7271344881421,-9.4597388556336
-36.7541344881421,-9.3194428056336
-36.7811344881421,-9.3194428056336
-36.8216344881421,-9.4363561806336
-36.7811344881421,-9.4597388556336
-36.7541344881421,-9.4597388556336
-36.7136344881421,-9.2960601306336
-36.8216344881421,-9.4831215306336
-36.7136344881421,-9.4831215306336
-36.7406344881421,-9.2960601306336
-36.7676344881421,-9.2960601306336
-36.7946344881421,-9.2960601306336
-36.8351344881421,-9.4597388556336
-36.7676344881421,-9.4831215306336
-36.7406344881421,-9.4831215306336
-36.7541344881421,-9.2726774556336
