-71.9062846670604,-9.2414286421857
-71.8792846670604,-9.2414286421857
-71.8927846670604,-9.2180459671857
-71.9197846670604,-9.2180459671857
-71.9332846670604,-9.2414286421857
-71.9197846670604,-9.2648113171857
-71.8927846670604,-9.2648113171857
-71.8522846670604,-9.2414286421857
-71.8792846670604,-9.1946632921857
-71.9332846670604,-9.1946632921857
-71.9602846670604,-9.2414286421857
-71.9332846670604,-9.2881939921857
-71.8792846670604,-9.2881939921857
-71.8657846670604,-9.2180459671857
-71.9062846670604,-9.1946632921857
-71.9467846670604,-9.2180459671857
-71.9467846670604,-9.2648113171857
-71.9062846670604,-9.2881939921857
-71.8657846670604,-9.2648113171857
-71.8252846670604,-9.2414286421857
-71.8657846670605,-9.1712806171857
-71.9467846670604,-9.1712806171857
-71.9872846670604,-9.2414286421857
-71.9467846670604,-9.3115766671857
-71.8657846670605,-9.3115766671857
-71.8387846670604,-9.2180459671857
-71.8522846670604,-9.1946632921857
-71.8927846670604,-9.1712806171857
-71.9197846670604,-9.1712806171857
-71.9602846670604,-9.1946632921857
-71.9737846670604,-9.2180459671857
-71.9737846670604,-9.2648113171857
-71.9602846670604,-9.2881939921857
-71.9197846670604,-9.3115766671857
-71.8927846670604,-9.3115766671857
-71.8522846670604,-9.2881939921857
-71.8387846670604,-9.2648113171857
-71.7982846670604,-9.2414286421857
-71.8522846670605,-9.1478979421857
-71.9602846670604,-9.1478979421857
-72.0142846670604,-9.2414286421857
-71.9602846670604,-9.3349593421857
-71.8522846670605,-9.3349593421857
-71.8117846670604,-9.2180459671857
-71.8252846670604,-9.1946632921857
-71.8387846670605,-9.1712806171857
-71.8792846670604,-9.1478979421857
-71.9062846670604,-9.1478979421857
-71.9332846670604,-9.1478979421857
-71.9737846670604,-9.1712806171857
-71.9872846670604,-9.1946632921857
-72.0007846670604,-9.2180459671857
-72.0007846670604,-9.2648113171857
-71.9872846670604,-9.2881939921857
-71.9737846670604,-9.3115766671857
-71.9332846670604,-9.3349593421857
-71.9062846670604,-9.3349593421857
-71.8792846670604,-9.3349593421857
-71.8387846670605,-9.3115766671857
-71.8252846670604,-9.2881939921857
-71.8117846670604,-9.2648113171857
-71.7712846670604,-9.2414286421857
-71.8387846670605,-9.1245152671857
-71.9737846670604,-9.1245152671857
-72.0412846670604,-9.2414286421857
-71.9737846670604,-9.3583420171857
-71.8387846670605,-9.3583420171857
-71.7847846670604,-9.2180459671857
-71.7982846670604,-9.1946632921857
-71.8117846670605,-9.1712806171857
-71.8252846670605,-9.1478979421857
-71.8657846670605,-9.1245152671857
-71.8927846670604,-9.1245152671857
-71.9197846670604,-9.1245152671857
-71.9467846670604,-9.1245152671857
-71.9872846670604,-9.1478979421857
-72.0007846670604,-9.1712806171857
-72.0142846670604,-9.1946632921857
-72.0277846670604,-9.2180459671857
-72.0277846670604,-9.2648113171857
-72.0142846670604,-9.2881939921857
-72.0007846670604,-9.3115766671857
-71.9872846670604,-9.3349593421857
-71.9467846670604,-9.3583420171857
-71.9197846670604,-9.3583420171857
-71.8927846670604,-9.3583420171857
-71.8657846670605,-9.3583420171857
-71.8252846670605,-9.3349593421857
-71.8117846670605,-9.3115766671857
-71.7982846670604,-9.2881939921857
-71.7847846670604,-9.2648113171857
-71.7442846670604,-9.2414286421857
-71.8252846670605,-9.1011325921857
-71.9872846670604,-9.1011325921857
-72.0682846670604,-9.2414286421857
-71.9872846670604,-9.3817246921857
-71.8252846670605,-9.3817246921857
-71.7577846670604,-9.2180459671857
-71.7712846670604,-9.1946632921857
-71.7847846670604,-9.1712806171857
-71.7982846670605,-9.1478979421857
-71.8117846670605,-9.1245152671857
-71.8522846670605,-9.1011325921857
-71.8792846670604,-9.1011325921857
-71.9062846670604,-9.1011325921857
-71.9332846670604,-9.1011325921857
-71.9602846670604,-9.1011325921857
-72.0007846670604,-9.1245152671857
-72.0142846670604,-9.1478979421857
-72.0277846670604,-9.1712806171857
-72.0412846670604,-9.1946632921857
-72.0547846670604,-9.2648113171857
-72.0412846670604,-9.2881939921857
-72.0277846670604,-9.3115766671857
-72.0142846670604,-9.3349593421857
-72.0007846670604,-9.3583420171857
-71.9602846670604,-9.3817246921857
-71.9332846670604,-9.3817246921857
-71.9062846670604,-9.3817246921857
-71.8792846670604,-9.3817246921857
-71.8522846670605,-9.3817246921857
-71.8117846670605,-9.3583420171857
-71.7982846670605,-9.3349593421857
-71.7847846670604,-9.3115766671857
-71.7712846670604,-9.2881939921857
-71.7577846670604,-9.2648113171857
-71.7172846670604,-9.2414286421857
-71.8117846670605,-9.0777499171857
-72.0007846670604,-9.0777499171857
-72.0007846670604,-9.4051073671857
-71.8117846670605,-9.4051073671857
-71.7307846670604,-9.2180459671857
-71.7442846670604,-9.1946632921857
-71.7577846670604,-9.1712806171857
-71.7712846670605,-9.1478979421857
-71.7847846670605,-9.1245152671857
-71.7982846670605,-9.1011325921857
-71.8387846670605,-9.0777499171857
-71.8657846670605,-9.0777499171857
-71.8927846670604,-9.0777499171857
-71.9197846670604,-9.0777499171857
-71.9467846670604,-9.0777499171857
-71.9737846670604,-9.0777499171857
-72.0142846670604,-9.1011325921857
-72.0277846670604,-9.1245152671857
-72.0412846670604,-9.1478979421857
-72.0547846670604,-9.1712806171857
-72.0817846670604,-9.2648113171857
-72.0682846670604,-9.2881939921857
-72.0547846670604,-9.3115766671857
-72.0412846670604,-9.3349593421857
-72.0277846670604,-9.3583420171857
-72.0142846670604,-9.3817246921857
-71.9737846670604,-9.4051073671857
-71.9467846670604,-9.4051073671857
-71.9197846670604,-9.4051073671857
-71.8927846670604,-9.4051073671857
-71.8657846670605,-9.4051073671857
-71.8387846670605,-9.4051073671857
-71.7982846670605,-9.3817246921857
-71.7847846670605,-9.3583420171857
-71.7712846670605,-9.3349593421857
-71.7577846670604,-9.3115766671857
-71.7442846670604,-9.2881939921857
-71.7307846670604,-9.2648113171857
-71.6902846670604,-9.2414286421857
-71.7982846670605,-9.0543672421857
-72.0142846670604,-9.0543672421857
-72.0142846670604,-9.4284900421857
-71.7982846670605,-9.4284900421857
-71.7037846670604,-9.2180459671857
-71.7172846670604,-9.1946632921857
-71.7307846670604,-9.1712806171857
-71.7442846670605,-9.1478979421857
-71.7577846670605,-9.1245152671857
-71.7712846670605,-9.1011325921857
-71.7847846670605,-9.0777499171857
-71.8252846670605,-9.0543672421857
-71.8522846670605,-9.0543672421857
-71.8792846670604,-9.0543672421857
-71.9062846670604,-9.0543672421857
-71.9332846670604,-9.0543672421857
-71.9602846670604,-9.0543672421857
-71.9872846670604,-9.0543672421857
-72.0277846670604,-9.0777499171857
-72.0412846670604,-9.1011325921857
-72.0952846670604,-9.2881939921857
-72.0817846670604,-9.3115766671857
-72.0682846670604,-9.3349593421857
-72.0547846670604,-9.3583420171857
-72.0412846670604,-9.3817246921857
-72.0277846670604,-9.4051073671857
-71.9872846670604,-9.4284900421857
-71.9602846670604,-9.4284900421857
-71.9332846670604,-9.4284900421857
-71.9062846670604,-9.4284900421857
-71.8792846670604,-9.4284900421857
-71.8522846670605,-9.4284900421857
-71.8252846670605,-9.4284900421857
-71.7847846670605,-9.4051073671857
-71.7712846670605,-9.3817246921857
-71.7577846670605,-9.3583420171857
-71.7442846670605,-9.3349593421857
-71.7307846670604,-9.3115766671857
-71.7172846670604,-9.2881939921857
-71.7037846670604,-9.2648113171857
-71.6632846670604,-9.2414286421857
-71.7847846670605,-9.0309845671857
-72.0277846670604,-9.0309845671857
-72.0277846670604,-9.4518727171857
-71.7847846670605,-9.4518727171857
-71.6767846670604,-9.2180459671857
-71.6902846670604,-9.1946632921857
-71.7037846670604,-9.1712806171857
-71.7172846670605,-9.1478979421857
-71.7307846670605,-9.1245152671857
-71.7442846670605,-9.1011325921857
-71.7577846670605,-9.0777499171857
-71.7712846670605,-9.0543672421857
-71.8117846670605,-9.0309845671857
-71.8387846670605,-9.0309845671857
-71.8657846670605,-9.0309845671857
-71.8927846670604,-9.0309845671857
-71.9197846670604,-9.0309845671857
-71.9467846670604,-9.0309845671857
-71.9737846670604,-9.0309845671857
-72.0007846670604,-9.0309845671857
-72.0412846670604,-9.0543672421857
-72.1087846670604,-9.3115766671857
-72.0952846670604,-9.3349593421857
-72.0817846670604,-9.3583420171857
-72.0682846670604,-9.3817246921857
-72.0547846670604,-9.4051073671857
-72.0412846670604,-9.4284900421857
-72.0007846670604,-9.4518727171857
-71.9737846670604,-9.4518727171857
-71.9467846670604,-9.4518727171857
-71.9197846670604,-9.4518727171857
-71.8927846670604,-9.4518727171857
-71.8657846670605,-9.4518727171857
-71.8387846670605,-9.4518727171857
-71.8117846670605,-9.4518727171857
-71.7712846670605,-9.4284900421857
-71.7577846670605,-9.4051073671857
-71.7442846670605,-9.3817246921857
-71.7307846670605,-9.3583420171857
-71.7712846670605,-9.0076018921857
-72.0412846670604,-9.4752553921857
-71.7712846670605,-9.4752553921857
-71.6497846670604,-9.2180459671857
-71.6632846670604,-9.1946632921857
-71.6767846670604,-9.1712806171857
-71.6902846670605,-9.1478979421857
-71.7037846670605,-9.1245152671857
-71.7172846670605,-9.1011325921857
-71.7307846670605,-9.0777499171857
-71.7442846670605,-9.0543672421857
-71.7577846670605,-9.0309845671857
-71.7982846670605,-9.0076018921857
-71.8252846670605,-9.0076018921857
-71.8522846670605,-9.0076018921857
-71.8792846670604,-9.0076018921857
-71.9062846670604,-9.0076018921857
-71.9332846670604,-9.0076018921857
-71.9602846670604,-9.0076018921857
-71.9872846670604,-9.0076018921857
-72.0142846670604,-9.0076018921857
-72.1222846670604,-9.3349593421857
-72.1087846670604,-9.3583420171857
-72.0952846670604,-9.3817246921857
-72.0817846670604,-9.4051073671857
-72.0682846670604,-9.4284900421857
-72.0547846670604,-9.4518727171857
-72.0142846670604,-9.4752553921857
-71.9872846670604,-9.4752553921857
-71.9602846670604,-9.4752553921857
-71.9332846670604,-9.4752553921857
-71.9062846670604,-9.4752553921857
-71.8792846670604,-9.4752553921857
-71.8522846670605,-9.4752553921857
-71.8252846670605,-9.4752553921857
-71.7982846670605,-9.4752553921857
-71.7577846670605,-9.4518727171857
-71.7442846670605,-9.4284900421857
-71.7307846670605,-9.4051073671857
-71.7577846670605,-8.9842192171857
-72.0547846670604,-9.4986380671857
-71.6362846670604,-9.1946632921857
-71.6497846670604,-9.1712806171857
-71.6632846670605,-9.1478979421857
-71.6767846670605,-9.1245152671857
-71.6902846670605,-9.1011325921857
-71.7037846670605,-9.0777499171857
-71.7172846670605,-9.0543672421857
-71.7307846670605,-9.0309845671857
-71.7442846670605,-9.0076018921857
-71.7847846670605,-8.9842192171857
-71.8117846670605,-8.9842192171857
-71.8387846670605,-8.9842192171857
-71.8657846670605,-8.9842192171857
-71.8927846670604,-8.9842192171857
-71.9197846670604,-8.9842192171857
-71.9467846670604,-8.9842192171857
-71.9737846670604,-8.9842192171857
-72.0007846670604,-8.9842192171857
-72.0277846670604,-8.9842192171857
-72.1357846670604,-9.3583420171857
-72.1222846670604,-9.3817246921857
-72.1087846670604,-9.4051073671857
-72.0952846670604,-9.4284900421857
-72.0817846670604,-9.4518727171857
-72.0682846670604,-9.4752553921857
-72.0277846670604,-9.4986380671857
-72.0007846670604,-9.4986380671857
-71.9737846670604,-9.4986380671857
-71.9467846670604,-9.4986380671857
-71.9197846670604,-9.4986380671857
-71.8927846670604,-9.4986380671857
-71.8657846670605,-9.4986380671857
-71.8387846670605,-9.4986380671857
-71.8117846670605,-9.4986380671857
-71.7442846670605,-8.9608365421857
-72.0682846670604,-9.5220207421857
-71.6362846670605,-9.1478979421857
-71.6497846670605,-9.1245152671857
-71.6632846670605,-9.1011325921857
-71.6767846670605,-9.0777499171857
-71.6902846670605,-9.0543672421857
-71.7037846670605,-9.0309845671857
-71.7172846670605,-9.0076018921857
-71.7307846670605,-8.9842192171857
-71.7712846670605,-8.9608365421857
-71.7982846670605,-8.9608365421857
-71.8252846670605,-8.9608365421857
-71.8522846670605,-8.9608365421857
-71.8792846670604,-8.9608365421857
-71.9062846670604,-8.9608365421857
-71.9332846670604,-8.9608365421857
-71.9602846670604,-8.9608365421857
-71.9872846670604,-8.9608365421857
-72.0142846670604,-8.9608365421857
-72.1492846670604,-9.3817246921857
-72.1357846670604,-9.4051073671857
-72.1222846670604,-9.4284900421857
-72.1087846670604,-9.4518727171857
-72.0952846670604,-9.4752553921857
-72.0817846670604,-9.4986380671857
-72.0412846670604,-9.5220207421857
-72.0142846670604,-9.5220207421857
-71.9872846670604,-9.5220207421857
-71.9602846670604,-9.5220207421857
-71.9332846670604,-9.5220207421857
-71.9062846670604,-9.5220207421857
-71.8792846670604,-9.5220207421857
-71.8522846670605,-9.5220207421857
-71.8252846670605,-9.5220207421857
-71.7982846670605,-9.5220207421857
-71.7307846670605,-8.9374538671857
-72.0817846670603,-9.5454034171857
-71.6227846670605,-9.1245152671857
-71.6362846670605,-9.1011325921857
-71.6497846670605,-9.0777499171857
-71.6632846670605,-9.0543672421857
-71.6767846670605,-9.0309845671857
-71.6902846670605,-9.0076018921857
-71.7037846670605,-8.9842192171857
-71.7172846670605,-8.9608365421857
-71.7577846670605,-8.9374538671857
-71.7847846670605,-8.9374538671857
-71.8117846670605,-8.9374538671857
-71.8387846670605,-8.9374538671857
-71.8657846670605,-8.9374538671857
-71.8927846670604,-8.9374538671857
-71.9197846670604,-8.9374538671857
-71.9467846670604,-8.9374538671857
-71.9737846670604,-8.9374538671857
-72.0007846670604,-8.9374538671857
-72.0277846670604,-8.9374538671857
-72.1627846670604,-9.4051073671857
-72.1492846670604,-9.4284900421857
-72.1357846670604,-9.4518727171857
-72.1222846670604,-9.4752553921857
-72.1087846670604,-9.4986380671857
-72.0952846670604,-9.5220207421857
-72.0547846670604,-9.5454034171857
-72.0277846670604,-9.5454034171857
-72.0007846670604,-9.5454034171857
-71.9737846670604,-9.5454034171857
-71.9467846670604,-9.5454034171857
-71.9197846670604,-9.5454034171857
-71.8927846670604,-9.5454034171857
-71.8657846670605,-9.5454034171857
-71.8387846670605,-9.5454034171857
-71.8117846670605,-9.5454034171857
-71.7172846670605,-8.9140711921857
-72.0952846670603,-9.5687860921857
-71.6092846670605,-9.1011325921857
-71.6227846670605,-9.0777499171857
-71.6362846670605,-9.0543672421857
-71.6497846670605,-9.0309845671857
-71.6632846670605,-9.0076018921857
-71.6767846670605,-8.9842192171857
-71.6902846670605,-8.9608365421857
-71.7037846670605,-8.9374538671857
-71.7442846670605,-8.9140711921857
-71.7712846670605,-8.9140711921857
-71.7982846670605,-8.9140711921857
-71.8252846670605,-8.9140711921857
-71.8522846670605,-8.9140711921857
-71.8792846670604,-8.9140711921857
-71.9062846670604,-8.9140711921857
-71.9332846670604,-8.9140711921857
-71.9602846670604,-8.9140711921857
-71.9872846670604,-8.9140711921857
-72.0142846670604,-8.9140711921857
-72.0412846670604,-8.9140711921857
-72.1897846670604,-9.4051073671857
-72.1762846670604,-9.4284900421857
-72.1627846670604,-9.4518727171857
-72.1492846670604,-9.4752553921857
-72.1357846670604,-9.4986380671857
-72.1222846670604,-9.5220207421857
-72.1087846670603,-9.5454034171857
-72.0682846670604,-9.5687860921857
-72.0412846670604,-9.5687860921857
-72.0142846670604,-9.5687860921857
-71.9872846670604,-9.5687860921857
-71.9602846670604,-9.5687860921857
-71.9332846670604,-9.5687860921857
-71.9062846670604,-9.5687860921857
-71.8792846670604,-9.5687860921857
-71.8522846670605,-9.5687860921857
-71.8252846670605,-9.5687860921857
-71.7037846670605,-8.8906885171857
-72.1087846670603,-9.5921687671857
-71.6092846670605,-9.0543672421857
-71.6227846670605,-9.0309845671857
-71.6362846670605,-9.0076018921857
-71.6497846670605,-8.9842192171857
-71.6632846670605,-8.9608365421857
-71.6767846670605,-8.9374538671857
-71.6902846670605,-8.9140711921857
-71.7307846670605,-8.8906885171857
-71.7577846670605,-8.8906885171857
-71.7847846670605,-8.8906885171857
-71.8117846670605,-8.8906885171857
-71.8387846670605,-8.8906885171857
-71.8657846670605,-8.8906885171857
-71.8927846670604,-8.8906885171857
-71.9197846670604,-8.8906885171857
-71.9467846670604,-8.8906885171857
-71.9737846670604,-8.8906885171857
-72.0007846670604,-8.8906885171857
-72.0277846670604,-8.8906885171857
-72.0547846670604,-8.8906885171857
-72.2032846670604,-9.4284900421857
-72.1897846670604,-9.4518727171857
-72.1762846670604,-9.4752553921857
-72.1627846670604,-9.4986380671857
-72.1492846670604,-9.5220207421857
-72.1357846670603,-9.5454034171857
-72.1222846670603,-9.5687860921857
-72.0817846670603,-9.5921687671857
-72.0547846670604,-9.5921687671857
-72.0277846670604,-9.5921687671857
-72.0007846670604,-9.5921687671857
-71.9737846670604,-9.5921687671857
-71.9467846670604,-9.5921687671857
-71.9197846670604,-9.5921687671857
-71.8927846670604,-9.5921687671857
-71.8657846670605,-9.5921687671857
-71.8387846670605,-9.5921687671857
-71.6902846670605,-8.8673058421857
-72.1222846670603,-9.6155514421857
-71.6092846670605,-9.0076018921857
-71.6227846670605,-8.9842192171857
-71.6362846670605,-8.9608365421857
-71.6497846670605,-8.9374538671857
-71.6632846670605,-8.9140711921857
-71.6767846670605,-8.8906885171857
-71.7172846670605,-8.8673058421857
-71.7442846670605,-8.8673058421857
-71.7712846670605,-8.8673058421857
-71.7982846670605,-8.8673058421857
-71.8252846670605,-8.8673058421857
-71.8522846670605,-8.8673058421857
-71.8792846670604,-8.8673058421857
-71.9062846670604,-8.8673058421857
-71.9332846670604,-8.8673058421857
-71.9602846670604,-8.8673058421857
-71.9872846670604,-8.8673058421857
-72.0142846670604,-8.8673058421857
-72.0412846670604,-8.8673058421857
-72.0682846670604,-8.8673058421857
-72.2302846670604,-9.4284900421857
-72.2167846670604,-9.4518727171857
-72.2032846670604,-9.4752553921857
-72.1897846670604,-9.4986380671857
-72.1762846670604,-9.5220207421857
-72.1627846670604,-9.5454034171857
-72.1492846670603,-9.5687860921857
-72.1357846670603,-9.5921687671857
-72.0952846670603,-9.6155514421857
-72.0682846670604,-9.6155514421857
-72.0412846670604,-9.6155514421857
-72.0142846670604,-9.6155514421857
-71.9872846670604,-9.6155514421857
-71.9602846670604,-9.6155514421857
-71.9332846670604,-9.6155514421857
-71.9062846670604,-9.6155514421857
-71.8792846670604,-9.6155514421857
-71.8522846670605,-9.6155514421857
-71.6767846670605,-8.8439231671857
-72.1357846670603,-9.6389341171857
-71.5957846670605,-8.9842192171857
-71.6092846670605,-8.9608365421857
-71.6227846670605,-8.9374538671857
-71.6362846670605,-8.9140711921857
-71.6497846670605,-8.8906885171857
-71.6632846670605,-8.8673058421857
-71.7037846670605,-8.8439231671857
-71.7307846670605,-8.8439231671857
-71.7577846670605,-8.8439231671857
-71.7847846670605,-8.8439231671857
-71.8117846670605,-8.8439231671857
-71.8387846670605,-8.8439231671857
-71.8657846670605,-8.8439231671857
-71.8927846670604,-8.8439231671857
-71.9197846670604,-8.8439231671857
-71.9467846670604,-8.8439231671857
-71.9737846670604,-8.8439231671857
-72.0007846670604,-8.8439231671857
-72.0277846670604,-8.8439231671857
-72.0547846670604,-8.8439231671857
-72.2437846670604,-9.4518727171857
-72.2302846670604,-9.4752553921857
-72.2167846670604,-9.4986380671857
-72.2032846670604,-9.5220207421857
-72.1897846670604,-9.5454034171857
-72.1762846670603,-9.5687860921857
-72.1627846670603,-9.5921687671857
-72.1492846670603,-9.6155514421857
-72.1087846670603,-9.6389341171857
-72.0817846670603,-9.6389341171857
-72.0547846670604,-9.6389341171857
-72.0277846670604,-9.6389341171857
-72.0007846670604,-9.6389341171857
-71.9737846670604,-9.6389341171857
-71.9467846670604,-9.6389341171857
-71.9197846670604,-9.6389341171857
-71.8927846670604,-9.6389341171857
-71.6632846670606,-8.8205404921857
-72.1492846670603,-9.6623167921857
-71.5822846670605,-8.9608365421857
-71.5957846670605,-8.9374538671857
-71.6092846670605,-8.9140711921857
-71.6227846670605,-8.8906885171857
-71.6362846670605,-8.8673058421857
-71.6497846670605,-8.8439231671857
-71.6902846670605,-8.8205404921857
-71.7172846670605,-8.8205404921857
-71.7442846670605,-8.8205404921857
-71.7712846670605,-8.8205404921857
-71.7982846670605,-8.8205404921857
-71.8522846670605,-8.8205404921857
-71.8792846670604,-8.8205404921857
-71.9062846670604,-8.8205404921857
-71.9332846670604,-8.8205404921857
-71.9602846670604,-8.8205404921857
-71.9872846670604,-8.8205404921857
-72.0142846670604,-8.8205404921857
-72.2572846670604,-9.4752553921857
-72.2437846670604,-9.4986380671857
-72.2302846670604,-9.5220207421857
-72.2167846670604,-9.5454034171857
-72.2032846670603,-9.5687860921857
-72.1897846670603,-9.5921687671857
-72.1762846670603,-9.6155514421857
-72.1627846670603,-9.6389341171857
-72.1222846670603,-9.6623167921857
-72.0952846670603,-9.6623167921857
-72.0682846670604,-9.6623167921857
-72.0412846670604,-9.6623167921857
-72.0142846670604,-9.6623167921857
-71.9872846670604,-9.6623167921857
-71.9602846670604,-9.6623167921857
-71.9332846670604,-9.6623167921857
-71.9062846670604,-9.6623167921857
-71.6497846670606,-8.7971578171857
-72.1627846670603,-9.6856994671857
-71.5687846670605,-8.9374538671857
-71.5822846670605,-8.9140711921857
-71.5957846670605,-8.8906885171857
-71.6092846670605,-8.8673058421857
-71.6227846670605,-8.8439231671857
-71.6362846670606,-8.8205404921857
-71.6767846670605,-8.7971578171857
-71.7037846670605,-8.7971578171857
-71.7307846670605,-8.7971578171857
-71.7577846670605,-8.7971578171857
-71.9197846670604,-8.7971578171857
-71.9467846670604,-8.7971578171857
-71.9737846670604,-8.7971578171857
-72.0007846670604,-8.7971578171857
-72.2707846670604,-9.4986380671857
-72.2572846670604,-9.5220207421857
-72.2437846670604,-9.5454034171857
-72.2302846670603,-9.5687860921857
-72.2167846670603,-9.5921687671857
-72.2032846670603,-9.6155514421857
-72.1897846670603,-9.6389341171857
-72.1762846670603,-9.6623167921857
-72.1357846670603,-9.6856994671857
-72.1087846670603,-9.6856994671857
-72.0817846670603,-9.6856994671857
-72.0547846670604,-9.6856994671857
-72.0277846670604,-9.6856994671857
-72.0007846670604,-9.6856994671857
-71.9737846670604,-9.6856994671857
-71.9467846670604,-9.6856994671857
-71.6362846670606,-8.7737751421857
-72.1762846670603,-9.7090821421857
-71.5552846670605,-8.9140711921857
-71.5687846670605,-8.8906885171857
-71.5822846670605,-8.8673058421857
-71.6227846670606,-8.7971578171857
-71.6632846670606,-8.7737751421857
-71.6902846670605,-8.7737751421857
-71.7172846670605,-8.7737751421857
-71.7442846670605,-8.7737751421857
-72.2842846670604,-9.5220207421857
-72.2707846670604,-9.5454034171857
-72.2572846670603,-9.5687860921857
-72.2437846670603,-9.5921687671857
-72.2302846670603,-9.6155514421857
-72.2167846670603,-9.6389341171857
-72.2032846670603,-9.6623167921857
-72.1897846670603,-9.6856994671857
-72.1492846670603,-9.7090821421857
-72.1222846670603,-9.7090821421857
-72.0952846670603,-9.7090821421857
-72.0682846670604,-9.7090821421857
-72.0412846670604,-9.7090821421857
-72.0142846670604,-9.7090821421857
-71.9872846670604,-9.7090821421857
-71.9602846670604,-9.7090821421857
-71.9332846670604,-9.7090821421857
-71.6227846670606,-8.7503924671857
-72.1897846670603,-9.7324648171857
-71.5417846670605,-8.8906885171857
-71.5552846670605,-8.8673058421857
-71.5957846670606,-8.7971578171857
-71.6092846670606,-8.7737751421857
-71.6497846670606,-8.7503924671857
-71.6767846670605,-8.7503924671857
-71.7037846670605,-8.7503924671857
-72.3112846670604,-9.5220207421857
-72.2842846670603,-9.5687860921857
-72.2707846670603,-9.5921687671857
-72.2437846670603,-9.6389341171857
-72.2302846670603,-9.6623167921857
-72.2167846670603,-9.6856994671857
-72.2032846670603,-9.7090821421857
-72.1627846670603,-9.7324648171857
-72.1357846670603,-9.7324648171857
-72.1087846670603,-9.7324648171857
-72.0817846670603,-9.7324648171857
-72.0547846670604,-9.7324648171857
-72.0277846670604,-9.7324648171857
-72.0007846670604,-9.7324648171857
-71.6092846670606,-8.7270097921857
-72.2032846670603,-9.7558474921857
-71.5147846670605,-8.8906885171857
-71.5822846670606,-8.7737751421857
-71.5957846670606,-8.7503924671857
-71.6362846670606,-8.7270097921857
-71.6632846670606,-8.7270097921857
-71.6902846670605,-8.7270097921857
-71.7172846670605,-8.7270097921857
-72.3382846670604,-9.5220207421857
-72.2437846670603,-9.6856994671857
-72.2302846670603,-9.7090821421857
-72.2167846670603,-9.7324648171857
-72.1762846670603,-9.7558474921857
-72.1492846670603,-9.7558474921857
-72.1222846670603,-9.7558474921857
-72.0952846670603,-9.7558474921857
-72.0142846670604,-9.7558474921857
-71.5957846670606,-8.7036271171857
-71.4877846670605,-8.8906885171857
-71.5687846670606,-8.7503924671857
-71.5822846670606,-8.7270097921857
-71.6227846670606,-8.7036271171857
-71.6497846670606,-8.7036271171857
-71.6767846670605,-8.7036271171857
-72.2437846670603,-9.7324648171857
-72.2302846670603,-9.7558474921857
-72.1627846670603,-9.7792301671857
-72.1357846670603,-9.7792301671857
-71.5822846670606,-8.6802444421857
-71.5552846670606,-8.7270097921857
-71.5687846670606,-8.7036271171857
-71.6092846670606,-8.6802444421857
-71.5687846670606,-8.6568617671857
