-72.5595607453233,-9.0969983380697
-72.5325607453233,-9.0969983380697
-72.5460607453233,-9.0736156630697
-72.5730607453233,-9.0736156630697
-72.5865607453233,-9.0969983380697
-72.5730607453233,-9.1203810130697
-72.5460607453233,-9.1203810130697
-72.5055607453233,-9.0969983380697
-72.5325607453233,-9.0502329880697
-72.5865607453233,-9.0502329880697
-72.6135607453233,-9.0969983380697
-72.5865607453233,-9.1437636880697
-72.5325607453233,-9.1437636880697
-72.5190607453233,-9.0736156630697
-72.5595607453233,-9.0502329880697
-72.6000607453233,-9.0736156630697
-72.6000607453233,-9.1203810130697
-72.5595607453233,-9.1437636880697
-72.5190607453233,-9.1203810130697
-72.4785607453233,-9.0969983380697
-72.5190607453233,-9.0268503130697
-72.6000607453233,-9.0268503130697
-72.6405607453233,-9.0969983380697
-72.6000607453233,-9.1671463630697
-72.5190607453233,-9.1671463630697
-72.4920607453233,-9.0736156630697
-72.5055607453233,-9.0502329880697
-72.5460607453233,-9.0268503130697
-72.5730607453233,-9.0268503130697
-72.6135607453233,-9.0502329880697
-72.6270607453233,-9.0736156630697
-72.6270607453233,-9.1203810130697
-72.6135607453233,-9.1437636880697
-72.5730607453233,-9.1671463630697
-72.5460607453233,-9.1671463630697
-72.5055607453233,-9.1437636880697
-72.4920607453233,-9.1203810130697
-72.4515607453233,-9.0969983380697
-72.5055607453233,-9.0034676380697
-72.6135607453233,-9.0034676380697
-72.6675607453233,-9.0969983380697
-72.6135607453233,-9.1905290380697
-72.5055607453233,-9.1905290380697
-72.4650607453233,-9.0736156630697
-72.4785607453233,-9.0502329880697
-72.4920607453233,-9.0268503130697
-72.5325607453233,-9.0034676380697
-72.5595607453233,-9.0034676380697
-72.5865607453233,-9.0034676380697
-72.6270607453233,-9.0268503130697
-72.6405607453233,-9.0502329880697
-72.6540607453233,-9.0736156630697
-72.6540607453233,-9.1203810130697
-72.6405607453233,-9.1437636880697
-72.6270607453233,-9.1671463630697
-72.5865607453233,-9.1905290380697
-72.5595607453233,-9.1905290380697
-72.5325607453233,-9.1905290380697
-72.4920607453233,-9.1671463630697
-72.4785607453233,-9.1437636880697
-72.4650607453233,-9.1203810130697
-72.4245607453233,-9.0969983380697
-72.4920607453233,-8.9800849630697
-72.6270607453233,-8.9800849630697
-72.6945607453233,-9.0969983380697
-72.6270607453233,-9.2139117130697
-72.4920607453233,-9.2139117130697
-72.4380607453233,-9.0736156630697
-72.4515607453233,-9.0502329880697
-72.4650607453233,-9.0268503130697
-72.4785607453233,-9.0034676380697
-72.5190607453233,-8.9800849630697
-72.5460607453233,-8.9800849630697
-72.5730607453233,-8.9800849630697
-72.6000607453233,-8.9800849630697
-72.6405607453233,-9.0034676380697
-72.6540607453233,-9.0268503130697
-72.6675607453233,-9.0502329880697
-72.6810607453233,-9.0736156630697
-72.6810607453233,-9.1203810130697
-72.6675607453233,-9.1437636880697
-72.6540607453233,-9.1671463630697
-72.6405607453233,-9.1905290380697
-72.6000607453233,-9.2139117130697
-72.5730607453233,-9.2139117130697
-72.5460607453233,-9.2139117130697
-72.5190607453233,-9.2139117130697
-72.4785607453233,-9.1905290380697
-72.4650607453233,-9.1671463630697
-72.4515607453233,-9.1437636880697
-72.4380607453233,-9.1203810130697
-72.3975607453233,-9.0969983380697
-72.4785607453233,-8.9567022880697
-72.6405607453233,-8.9567022880697
-72.7215607453233,-9.0969983380697
-72.6405607453233,-9.2372943880697
-72.4785607453233,-9.2372943880697
-72.4110607453233,-9.0736156630697
-72.4245607453233,-9.0502329880697
-72.4380607453233,-9.0268503130697
-72.4515607453233,-9.0034676380697
-72.4650607453233,-8.9800849630697
-72.5055607453233,-8.9567022880697
-72.5325607453233,-8.9567022880697
-72.5595607453233,-8.9567022880697
-72.5865607453233,-8.9567022880697
-72.6135607453233,-8.9567022880697
-72.6540607453233,-8.9800849630697
-72.6675607453233,-9.0034676380697
-72.6810607453233,-9.0268503130697
-72.6945607453233,-9.0502329880697
-72.7080607453233,-9.0736156630697
-72.7080607453233,-9.1203810130697
-72.6945607453233,-9.1437636880697
-72.6810607453233,-9.1671463630697
-72.6675607453233,-9.1905290380697
-72.6540607453233,-9.2139117130697
-72.6135607453233,-9.2372943880697
-72.5865607453233,-9.2372943880697
-72.5595607453233,-9.2372943880697
-72.5325607453233,-9.2372943880697
-72.5055607453233,-9.2372943880697
-72.4650607453233,-9.2139117130697
-72.4515607453233,-9.1905290380697
-72.4380607453233,-9.1671463630697
-72.4245607453233,-9.1437636880697
-72.4110607453233,-9.1203810130697
-72.3705607453233,-9.0969983380697
-72.4650607453234,-8.9333196130697
-72.6540607453233,-8.9333196130697
-72.7485607453233,-9.0969983380697
-72.6540607453233,-9.2606770630697
-72.4650607453234,-9.2606770630697
-72.3840607453233,-9.0736156630697
-72.3975607453233,-9.0502329880697
-72.4110607453233,-9.0268503130697
-72.4245607453233,-9.0034676380697
-72.4380607453233,-8.9800849630697
-72.4515607453233,-8.9567022880697
-72.4920607453233,-8.9333196130697
-72.5190607453233,-8.9333196130697
-72.5460607453233,-8.9333196130697
-72.5730607453233,-8.9333196130697
-72.6000607453233,-8.9333196130697
-72.6270607453233,-8.9333196130697
-72.6675607453233,-8.9567022880697
-72.6810607453233,-8.9800849630697
-72.6945607453233,-9.0034676380697
-72.7080607453233,-9.0268503130697
-72.7215607453233,-9.0502329880697
-72.7350607453233,-9.0736156630697
-72.7350607453233,-9.1203810130697
-72.7215607453233,-9.1437636880697
-72.7080607453233,-9.1671463630697
-72.6945607453233,-9.1905290380697
-72.6810607453233,-9.2139117130697
-72.6675607453233,-9.2372943880697
-72.6270607453233,-9.2606770630697
-72.6000607453233,-9.2606770630697
-72.5730607453233,-9.2606770630697
-72.5460607453233,-9.2606770630697
-72.5190607453233,-9.2606770630697
-72.4920607453233,-9.2606770630697
-72.4515607453233,-9.2372943880697
-72.4380607453233,-9.2139117130697
-72.4245607453233,-9.1905290380697
-72.4110607453233,-9.1671463630697
-72.3975607453233,-9.1437636880697
-72.3840607453233,-9.1203810130697
-72.3435607453233,-9.0969983380697
-72.4515607453234,-8.9099369380697
-72.6675607453233,-8.9099369380697
-72.7755607453233,-9.0969983380697
-72.6675607453233,-9.2840597380697
-72.4515607453234,-9.2840597380697
-72.3570607453233,-9.0736156630697
-72.3705607453233,-9.0502329880697
-72.3840607453233,-9.0268503130697
-72.3975607453233,-9.0034676380697
-72.4110607453233,-8.9800849630697
-72.4245607453233,-8.9567022880697
-72.4380607453234,-8.9333196130697
-72.4785607453233,-8.9099369380697
-72.5055607453233,-8.9099369380697
-72.5325607453233,-8.9099369380697
-72.5595607453233,-8.9099369380697
-72.5865607453233,-8.9099369380697
-72.6135607453233,-8.9099369380697
-72.6405607453233,-8.9099369380697
-72.6810607453233,-8.9333196130697
-72.6945607453233,-8.9567022880697
-72.7080607453233,-8.9800849630697
-72.7215607453233,-9.0034676380697
-72.7350607453233,-9.0268503130697
-72.7485607453233,-9.0502329880697
-72.7620607453233,-9.0736156630697
-72.7620607453233,-9.1203810130697
-72.7485607453233,-9.1437636880697
-72.7350607453233,-9.1671463630697
-72.7215607453233,-9.1905290380697
-72.7080607453233,-9.2139117130697
-72.6945607453233,-9.2372943880697
-72.6810607453233,-9.2606770630697
-72.6405607453233,-9.2840597380697
-72.6135607453233,-9.2840597380697
-72.5865607453233,-9.2840597380697
-72.5595607453233,-9.2840597380697
-72.5325607453233,-9.2840597380697
-72.5055607453233,-9.2840597380697
-72.4785607453233,-9.2840597380697
-72.4380607453234,-9.2606770630697
-72.4245607453233,-9.2372943880697
-72.4110607453233,-9.2139117130697
-72.3975607453233,-9.1905290380697
-72.3840607453233,-9.1671463630697
-72.3705607453233,-9.1437636880697
-72.3570607453233,-9.1203810130697
-72.3165607453233,-9.0969983380697
-72.4380607453234,-8.8865542630697
-72.6810607453233,-8.8865542630697
-72.8025607453233,-9.0969983380697
-72.6810607453233,-9.3074424130697
-72.4380607453234,-9.3074424130697
-72.3300607453233,-9.0736156630697
-72.3435607453233,-9.0502329880697
-72.3570607453233,-9.0268503130697
-72.3705607453233,-9.0034676380697
-72.3840607453233,-8.9800849630697
-72.3975607453233,-8.9567022880697
-72.4110607453234,-8.9333196130697
-72.4245607453234,-8.9099369380697
-72.4650607453234,-8.8865542630697
-72.4920607453233,-8.8865542630697
-72.5190607453233,-8.8865542630697
-72.5460607453233,-8.8865542630697
-72.5730607453233,-8.8865542630697
-72.6000607453233,-8.8865542630697
-72.6270607453233,-8.8865542630697
-72.6540607453233,-8.8865542630697
-72.6945607453233,-8.9099369380697
-72.7080607453233,-8.9333196130697
-72.7215607453233,-8.9567022880697
-72.7350607453233,-8.9800849630697
-72.7485607453233,-9.0034676380697
-72.7620607453233,-9.0268503130697
-72.7755607453233,-9.0502329880697
-72.7890607453233,-9.0736156630697
-72.7890607453233,-9.1203810130697
-72.7755607453233,-9.1437636880697
-72.7620607453233,-9.1671463630697
-72.7485607453233,-9.1905290380697
-72.7350607453233,-9.2139117130697
-72.7215607453233,-9.2372943880697
-72.7080607453233,-9.2606770630697
-72.6945607453233,-9.2840597380697
-72.6540607453233,-9.3074424130697
-72.6270607453233,-9.3074424130697
-72.6000607453233,-9.3074424130697
-72.5730607453233,-9.3074424130697
-72.5460607453233,-9.3074424130697
-72.5190607453233,-9.3074424130697
-72.4920607453233,-9.3074424130697
-72.4650607453234,-9.3074424130697
-72.4245607453234,-9.2840597380697
-72.4110607453234,-9.2606770630697
-72.3975607453233,-9.2372943880697
-72.3840607453233,-9.2139117130697
-72.3705607453233,-9.1905290380697
-72.3570607453233,-9.1671463630697
-72.3435607453233,-9.1437636880697
-72.3300607453233,-9.1203810130697
-72.2895607453233,-9.0969983380697
-72.4245607453234,-8.8631715880697
-72.6945607453232,-8.8631715880697
-72.8295607453233,-9.0969983380697
-72.6945607453232,-9.3308250880697
-72.4245607453234,-9.3308250880697
-72.3030607453233,-9.0736156630697
-72.3165607453233,-9.0502329880697
-72.3300607453233,-9.0268503130697
-72.3435607453233,-9.0034676380697
-72.3570607453233,-8.9800849630697
-72.3705607453233,-8.9567022880697
-72.3840607453234,-8.9333196130697
-72.3975607453234,-8.9099369380697
-72.4110607453234,-8.8865542630697
-72.4515607453234,-8.8631715880697
-72.4785607453233,-8.8631715880697
-72.5055607453233,-8.8631715880697
-72.5325607453233,-8.8631715880697
-72.5595607453233,-8.8631715880697
-72.5865607453233,-8.8631715880697
-72.6135607453233,-8.8631715880697
-72.6405607453233,-8.8631715880697
-72.6675607453233,-8.8631715880697
-72.7080607453233,-8.8865542630697
-72.7215607453233,-8.9099369380697
-72.7350607453233,-8.9333196130697
-72.7485607453233,-8.9567022880697
-72.7620607453233,-8.9800849630697
-72.7755607453233,-9.0034676380697
-72.7890607453233,-9.0268503130697
-72.8025607453233,-9.0502329880697
-72.8160607453233,-9.0736156630697
-72.8160607453233,-9.1203810130697
-72.8025607453233,-9.1437636880697
-72.7890607453233,-9.1671463630697
-72.7755607453233,-9.1905290380697
-72.7620607453233,-9.2139117130697
-72.7485607453233,-9.2372943880697
-72.7350607453233,-9.2606770630697
-72.7215607453233,-9.2840597380697
-72.7080607453233,-9.3074424130697
-72.6675607453233,-9.3308250880697
-72.6405607453233,-9.3308250880697
-72.6135607453233,-9.3308250880697
-72.5865607453233,-9.3308250880697
-72.5595607453233,-9.3308250880697
-72.5325607453233,-9.3308250880697
-72.5055607453233,-9.3308250880697
-72.4785607453233,-9.3308250880697
-72.4515607453234,-9.3308250880697
-72.4110607453234,-9.3074424130697
-72.3975607453234,-9.2840597380697
-72.3840607453234,-9.2606770630697
-72.3705607453233,-9.2372943880697
-72.3570607453233,-9.2139117130697
-72.3435607453233,-9.1905290380697
-72.3300607453233,-9.1671463630697
-72.3165607453233,-9.1437636880697
-72.3030607453233,-9.1203810130697
-72.2625607453233,-9.0969983380697
-72.4110607453234,-8.8397889130697
-72.7080607453232,-8.8397889130697
-72.8565607453233,-9.0969983380697
-72.7080607453232,-9.3542077630697
-72.4110607453234,-9.3542077630697
-72.2760607453233,-9.0736156630697
-72.2895607453233,-9.0502329880697
-72.3030607453233,-9.0268503130697
-72.3165607453233,-9.0034676380697
-72.3300607453233,-8.9800849630697
-72.3435607453233,-8.9567022880697
-72.3570607453234,-8.9333196130697
-72.3705607453234,-8.9099369380697
-72.3840607453234,-8.8865542630697
-72.3975607453234,-8.8631715880697
-72.4380607453234,-8.8397889130697
-72.4650607453234,-8.8397889130697
-72.4920607453233,-8.8397889130697
-72.5190607453233,-8.8397889130697
-72.5460607453233,-8.8397889130697
-72.5730607453233,-8.8397889130697
-72.6000607453233,-8.8397889130697
-72.6270607453233,-8.8397889130697
-72.6540607453233,-8.8397889130697
-72.6810607453233,-8.8397889130697
-72.7215607453232,-8.8631715880697
-72.7350607453233,-8.8865542630697
-72.7485607453233,-8.9099369380697
-72.7620607453233,-8.9333196130697
-72.7755607453233,-8.9567022880697
-72.7890607453233,-8.9800849630697
-72.8025607453233,-9.0034676380697
-72.8160607453233,-9.0268503130697
-72.8295607453233,-9.0502329880697
-72.8430607453233,-9.0736156630697
-72.8430607453233,-9.1203810130697
-72.8295607453233,-9.1437636880697
-72.8160607453233,-9.1671463630697
-72.8025607453233,-9.1905290380697
-72.7890607453233,-9.2139117130697
-72.7755607453233,-9.2372943880697
-72.7620607453233,-9.2606770630697
-72.7485607453233,-9.2840597380697
-72.7350607453233,-9.3074424130697
-72.7215607453232,-9.3308250880697
-72.6810607453233,-9.3542077630697
-72.6540607453233,-9.3542077630697
-72.6270607453233,-9.3542077630697
-72.6000607453233,-9.3542077630697
-72.5730607453233,-9.3542077630697
-72.5460607453233,-9.3542077630697
-72.5190607453233,-9.3542077630697
-72.4920607453233,-9.3542077630697
-72.4650607453234,-9.3542077630697
-72.4380607453234,-9.3542077630697
-72.3975607453234,-9.3308250880697
-72.3840607453234,-9.3074424130697
-72.3705607453234,-9.2840597380697
-72.3570607453234,-9.2606770630697
-72.3435607453233,-9.2372943880697
-72.3300607453233,-9.2139117130697
-72.3165607453233,-9.1905290380697
-72.3030607453233,-9.1671463630697
-72.2895607453233,-9.1437636880697
-72.2760607453233,-9.1203810130697
-72.2355607453233,-9.0969983380697
-72.3975607453234,-8.8164062380697
-72.7215607453232,-8.8164062380697
-72.8835607453233,-9.0969983380697
-72.7215607453232,-9.3775904380697
-72.3975607453234,-9.3775904380697
-72.2490607453233,-9.0736156630697
-72.2625607453233,-9.0502329880697
-72.2760607453233,-9.0268503130697
-72.2895607453233,-9.0034676380697
-72.3030607453233,-8.9800849630697
-72.3165607453233,-8.9567022880697
-72.3300607453234,-8.9333196130697
-72.3435607453234,-8.9099369380697
-72.3570607453234,-8.8865542630697
-72.3705607453234,-8.8631715880697
-72.3840607453234,-8.8397889130697
-72.4245607453234,-8.8164062380697
-72.4515607453234,-8.8164062380697
-72.4785607453233,-8.8164062380697
-72.5055607453233,-8.8164062380697
-72.5325607453233,-8.8164062380697
-72.5595607453233,-8.8164062380697
-72.5865607453233,-8.8164062380697
-72.6135607453233,-8.8164062380697
-72.6405607453233,-8.8164062380697
-72.6675607453233,-8.8164062380697
-72.6945607453232,-8.8164062380697
-72.7350607453232,-8.8397889130697
-72.7485607453232,-8.8631715880697
-72.7620607453233,-8.8865542630697
-72.7755607453233,-8.9099369380697
-72.7890607453233,-8.9333196130697
-72.8025607453233,-8.9567022880697
-72.8160607453233,-8.9800849630697
-72.8295607453233,-9.0034676380697
-72.8430607453233,-9.0268503130697
-72.8565607453233,-9.0502329880697
-72.8700607453233,-9.0736156630697
-72.8700607453233,-9.1203810130697
-72.8565607453233,-9.1437636880697
-72.8430607453233,-9.1671463630697
-72.8295607453233,-9.1905290380697
-72.8160607453233,-9.2139117130697
-72.8025607453233,-9.2372943880697
-72.7890607453233,-9.2606770630697
-72.7755607453233,-9.2840597380697
-72.7620607453233,-9.3074424130697
-72.7485607453232,-9.3308250880697
-72.7350607453232,-9.3542077630697
-72.6945607453232,-9.3775904380697
-72.6675607453233,-9.3775904380697
-72.6405607453233,-9.3775904380697
-72.6135607453233,-9.3775904380697
-72.5865607453233,-9.3775904380697
-72.5595607453233,-9.3775904380697
-72.5325607453233,-9.3775904380697
-72.5055607453233,-9.3775904380697
-72.4785607453233,-9.3775904380697
-72.4515607453234,-9.3775904380697
-72.4245607453234,-9.3775904380697
-72.3840607453234,-9.3542077630697
-72.3705607453234,-9.3308250880697
-72.3570607453234,-9.3074424130697
-72.3435607453234,-9.2840597380697
-72.3300607453234,-9.2606770630697
-72.3165607453233,-9.2372943880697
-72.3030607453233,-9.2139117130697
-72.2895607453233,-9.1905290380697
-72.2760607453233,-9.1671463630697
-72.2625607453233,-9.1437636880697
-72.2490607453233,-9.1203810130697
-72.2085607453233,-9.0969983380697
-72.3840607453234,-8.7930235630697
-72.7350607453232,-8.7930235630697
-72.9105607453233,-9.0969983380697
-72.7350607453232,-9.4009731130697
-72.3840607453234,-9.4009731130697
-72.2220607453233,-9.0736156630697
-72.2355607453233,-9.0502329880697
-72.2490607453233,-9.0268503130697
-72.2625607453233,-9.0034676380697
-72.2760607453233,-8.9800849630697
-72.2895607453233,-8.9567022880697
-72.3030607453234,-8.9333196130697
-72.3165607453234,-8.9099369380697
-72.3300607453234,-8.8865542630697
-72.3435607453234,-8.8631715880697
-72.3570607453234,-8.8397889130697
-72.3705607453234,-8.8164062380697
-72.4110607453234,-8.7930235630697
-72.4380607453234,-8.7930235630697
-72.4650607453234,-8.7930235630697
-72.4920607453233,-8.7930235630697
-72.5190607453233,-8.7930235630697
-72.5460607453233,-8.7930235630697
-72.5730607453233,-8.7930235630697
-72.6000607453233,-8.7930235630697
-72.6270607453233,-8.7930235630697
-72.6540607453233,-8.7930235630697
-72.6810607453233,-8.7930235630697
-72.7080607453232,-8.7930235630697
-72.7485607453232,-8.8164062380697
-72.7620607453232,-8.8397889130697
-72.7755607453232,-8.8631715880697
-72.7890607453233,-8.8865542630697
-72.8025607453233,-8.9099369380697
-72.8160607453233,-8.9333196130697
-72.8295607453233,-8.9567022880697
-72.8430607453233,-8.9800849630697
-72.8565607453233,-9.0034676380697
-72.8700607453233,-9.0268503130697
-72.8835607453233,-9.0502329880697
-72.8970607453233,-9.0736156630697
-72.8970607453233,-9.1203810130697
-72.8835607453233,-9.1437636880697
-72.8700607453233,-9.1671463630697
-72.8565607453233,-9.1905290380697
-72.8430607453233,-9.2139117130697
-72.8295607453233,-9.2372943880697
-72.8160607453233,-9.2606770630697
-72.8025607453233,-9.2840597380697
-72.7890607453233,-9.3074424130697
-72.7755607453232,-9.3308250880697
-72.7620607453232,-9.3542077630697
-72.7485607453232,-9.3775904380697
-72.7080607453232,-9.4009731130697
-72.6810607453233,-9.4009731130697
-72.6540607453233,-9.4009731130697
-72.6270607453233,-9.4009731130697
-72.6000607453233,-9.4009731130697
-72.5730607453233,-9.4009731130697
-72.5460607453233,-9.4009731130697
-72.5190607453233,-9.4009731130697
-72.4920607453233,-9.4009731130697
-72.4650607453234,-9.4009731130697
-72.4380607453234,-9.4009731130697
-72.4110607453234,-9.4009731130697
-72.3705607453234,-9.3775904380697
-72.3570607453234,-9.3542077630697
-72.3435607453234,-9.3308250880697
-72.3300607453234,-9.3074424130697
-72.3165607453234,-9.2840597380697
-72.3030607453234,-9.2606770630697
-72.2895607453233,-9.2372943880697
-72.2760607453233,-9.2139117130697
-72.2625607453233,-9.1905290380697
-72.2490607453233,-9.1671463630697
-72.2355607453233,-9.1437636880697
-72.2220607453233,-9.1203810130697
-72.1815607453233,-9.0969983380697
-72.7485607453232,-8.7696408880697
-72.9375607453233,-9.0969983380697
-72.3705607453234,-9.4243557880697
-72.1950607453233,-9.0736156630697
-72.2085607453233,-9.0502329880697
-72.2220607453233,-9.0268503130697
-72.2355607453233,-9.0034676380697
-72.2490607453233,-8.9800849630697
-72.2625607453233,-8.9567022880697
-72.2760607453233,-8.9333196130697
-72.2895607453234,-8.9099369380697
-72.3030607453234,-8.8865542630697
-72.3165607453234,-8.8631715880697
-72.3300607453234,-8.8397889130697
-72.3435607453234,-8.8164062380697
-72.3570607453234,-8.7930235630697
-72.3975607453234,-8.7696408880697
-72.4245607453234,-8.7696408880697
-72.4515607453234,-8.7696408880697
-72.4785607453233,-8.7696408880697
-72.5595607453233,-8.7696408880697
-72.5865607453233,-8.7696408880697
-72.6675607453233,-8.7696408880697
-72.6945607453232,-8.7696408880697
-72.7215607453232,-8.7696408880697
-72.7620607453232,-8.7930235630697
-72.7755607453232,-8.8164062380697
-72.7890607453232,-8.8397889130697
-72.8025607453232,-8.8631715880697
-72.8160607453233,-8.8865542630697
-72.8295607453233,-8.9099369380697
-72.8430607453233,-8.9333196130697
-72.8565607453233,-8.9567022880697
-72.8700607453233,-8.9800849630697
-72.8835607453233,-9.0034676380697
-72.8970607453233,-9.0268503130697
-72.9105607453233,-9.0502329880697
-72.9240607453233,-9.0736156630697
-72.9240607453233,-9.1203810130697
-72.9105607453233,-9.1437636880697
-72.8970607453233,-9.1671463630697
-72.8835607453233,-9.1905290380697
-72.8700607453233,-9.2139117130697
-72.8565607453233,-9.2372943880697
-72.8430607453233,-9.2606770630697
-72.8295607453233,-9.2840597380697
-72.8160607453233,-9.3074424130697
-72.8025607453232,-9.3308250880697
-72.7890607453232,-9.3542077630697
-72.7755607453232,-9.3775904380697
-72.7620607453232,-9.4009731130697
-72.6945607453232,-9.4243557880697
-72.6675607453233,-9.4243557880697
-72.6405607453233,-9.4243557880697
-72.6135607453233,-9.4243557880697
-72.5865607453233,-9.4243557880697
-72.5595607453233,-9.4243557880697
-72.5325607453233,-9.4243557880697
-72.5055607453233,-9.4243557880697
-72.4785607453233,-9.4243557880697
-72.4515607453234,-9.4243557880697
-72.4245607453234,-9.4243557880697
-72.3975607453234,-9.4243557880697
-72.3570607453234,-9.4009731130697
-72.3435607453234,-9.3775904380697
-72.3300607453234,-9.3542077630697
-72.3165607453234,-9.3308250880697
-72.3030607453234,-9.3074424130697
-72.2895607453234,-9.2840597380697
-72.2760607453233,-9.2606770630697
-72.2625607453233,-9.2372943880697
-72.2490607453233,-9.2139117130697
-72.2355607453233,-9.1905290380697
-72.2220607453233,-9.1671463630697
-72.2085607453233,-9.1437636880697
-72.1950607453233,-9.1203810130697
-72.1545607453233,-9.0969983380697
-72.7620607453232,-8.7462582130697
-72.3570607453234,-9.4477384630697
-72.1680607453233,-9.0736156630697
-72.1815607453233,-9.0502329880697
-72.1950607453233,-9.0268503130697
-72.2085607453233,-9.0034676380697
-72.2220607453233,-8.9800849630697
-72.2355607453233,-8.9567022880697
-72.2490607453233,-8.9333196130697
-72.2625607453234,-8.9099369380697
-72.2760607453234,-8.8865542630697
-72.2895607453234,-8.8631715880697
-72.3030607453234,-8.8397889130697
-72.3165607453234,-8.8164062380697
-72.3300607453234,-8.7930235630697
-72.7080607453232,-8.7462582130697
-72.7350607453232,-8.7462582130697
-72.7755607453232,-8.7696408880697
-72.7890607453232,-8.7930235630697
-72.8025607453232,-8.8164062380697
-72.8160607453232,-8.8397889130697
-72.8295607453232,-8.8631715880697
-72.8430607453233,-8.8865542630697
-72.8565607453233,-8.9099369380697
-72.8700607453233,-8.9333196130697
-72.8835607453233,-8.9567022880697
-72.8970607453233,-8.9800849630697
-72.9105607453233,-9.0034676380697
-72.9240607453233,-9.0268503130697
-72.9375607453233,-9.0502329880697
-72.9375607453233,-9.1437636880697
-72.9240607453233,-9.1671463630697
-72.9105607453233,-9.1905290380697
-72.8970607453233,-9.2139117130697
-72.8835607453233,-9.2372943880697
-72.8700607453233,-9.2606770630697
-72.8565607453233,-9.2840597380697
-72.8430607453233,-9.3074424130697
-72.8295607453232,-9.3308250880697
-72.8160607453232,-9.3542077630697
-72.8025607453232,-9.3775904380697
-72.7890607453232,-9.4009731130697
-72.6540607453233,-9.4477384630697
-72.6000607453233,-9.4477384630697
-72.5730607453233,-9.4477384630697
-72.5460607453233,-9.4477384630697
-72.5190607453233,-9.4477384630697
-72.4920607453233,-9.4477384630697
-72.4650607453234,-9.4477384630697
-72.4380607453234,-9.4477384630697
-72.4110607453234,-9.4477384630697
-72.3840607453234,-9.4477384630697
-72.3435607453234,-9.4243557880697
-72.3300607453234,-9.4009731130697
-72.3165607453234,-9.3775904380697
-72.3030607453234,-9.3542077630697
-72.2895607453234,-9.3308250880697
-72.2760607453234,-9.3074424130697
-72.2625607453234,-9.2840597380697
-72.2490607453233,-9.2606770630697
-72.2355607453233,-9.2372943880697
-72.2220607453233,-9.2139117130697
-72.2085607453233,-9.1905290380697
-72.1950607453233,-9.1671463630697
-72.1815607453233,-9.1437636880697
-72.1680607453233,-9.1203810130697
-72.1275607453233,-9.0969983380697
-72.3435607453234,-9.4711211380697
-72.1410607453233,-9.0736156630697
-72.1545607453233,-9.0502329880697
-72.1680607453233,-9.0268503130697
-72.1815607453233,-9.0034676380697
-72.1950607453233,-8.9800849630697
-72.2085607453233,-8.9567022880697
-72.2220607453233,-8.9333196130697
-72.2355607453234,-8.9099369380697
-72.2490607453234,-8.8865542630697
-72.2625607453234,-8.8631715880697
-72.2760607453234,-8.8397889130697
-72.2895607453234,-8.8164062380697
-72.3030607453234,-8.7930235630697
-72.3165607453234,-8.7696408880697
-72.6945607453232,-8.7228755380697
-72.7215607453232,-8.7228755380697
-72.7485607453232,-8.7228755380697
-72.7890607453232,-8.7462582130697
-72.8025607453232,-8.7696408880697
-72.8160607453232,-8.7930235630697
-72.8295607453232,-8.8164062380697
-72.8430607453232,-8.8397889130697
-72.8565607453233,-8.8631715880697
-72.8700607453233,-8.8865542630697
-72.8835607453233,-8.9099369380697
-72.8970607453233,-8.9333196130697
-72.9105607453233,-8.9567022880697
-72.9240607453233,-8.9800849630697
-72.9375607453233,-9.0034676380697
-72.9645607453233,-9.1437636880697
-72.9510607453233,-9.1671463630697
-72.9375607453233,-9.1905290380697
-72.9240607453233,-9.2139117130697
-72.9105607453233,-9.2372943880697
-72.8970607453233,-9.2606770630697
-72.8835607453233,-9.2840597380697
-72.8700607453233,-9.3074424130697
-72.8565607453233,-9.3308250880697
-72.8430607453232,-9.3542077630697
-72.8295607453232,-9.3775904380697
-72.8160607453232,-9.4009731130697
-72.5325607453233,-9.4711211380697
-72.5055607453233,-9.4711211380697
-72.4785607453233,-9.4711211380697
-72.4515607453234,-9.4711211380697
-72.4245607453234,-9.4711211380697
-72.3975607453234,-9.4711211380697
-72.3705607453234,-9.4711211380697
-72.3300607453234,-9.4477384630697
-72.3165607453234,-9.4243557880697
-72.3030607453234,-9.4009731130697
-72.2895607453234,-9.3775904380697
-72.2760607453234,-9.3542077630697
-72.2625607453234,-9.3308250880697
-72.2490607453234,-9.3074424130697
-72.2355607453234,-9.2840597380697
-72.2220607453233,-9.2606770630697
-72.2085607453233,-9.2372943880697
-72.1950607453233,-9.2139117130697
-72.1815607453233,-9.1905290380697
-72.1680607453233,-9.1671463630697
-72.1545607453233,-9.1437636880697
-72.1410607453233,-9.1203810130697
-72.1005607453233,-9.0969983380697
-72.3300607453234,-9.4945038130697
-72.1140607453233,-9.0736156630697
-72.1275607453233,-9.0502329880697
-72.1410607453233,-9.0268503130697
-72.1545607453233,-9.0034676380697
-72.1680607453233,-8.9800849630697
-72.1815607453233,-8.9567022880697
-72.1950607453233,-8.9333196130697
-72.2085607453234,-8.9099369380697
-72.2220607453234,-8.8865542630697
-72.2355607453234,-8.8631715880697
-72.2490607453234,-8.8397889130697
-72.2625607453234,-8.8164062380697
-72.2760607453234,-8.7930235630697
-72.2895607453234,-8.7696408880697
-72.7080607453232,-8.6994928630697
-72.7350607453232,-8.6994928630697
-72.8160607453232,-8.7462582130697
-72.8295607453232,-8.7696408880697
-72.8430607453232,-8.7930235630697
-72.8565607453232,-8.8164062380697
-72.8700607453232,-8.8397889130697
-72.8835607453233,-8.8631715880697
-72.8970607453233,-8.8865542630697
-72.9105607453233,-8.9099369380697
-72.9240607453233,-8.9333196130697
-72.9375607453233,-8.9567022880697
-72.9510607453233,-8.9800849630697
-72.9780607453233,-9.1671463630697
-72.9645607453233,-9.1905290380697
-72.9510607453233,-9.2139117130697
-72.9375607453233,-9.2372943880697
-72.9240607453233,-9.2606770630697
-72.9105607453233,-9.2840597380697
-72.8970607453233,-9.3074424130697
-72.8835607453233,-9.3308250880697
-72.8700607453232,-9.3542077630697
-72.8565607453232,-9.3775904380697
-72.8430607453232,-9.4009731130697
-72.3570607453234,-9.4945038130697
-72.3165607453234,-9.4711211380697
-72.3030607453234,-9.4477384630697
-72.2895607453234,-9.4243557880697
-72.2760607453234,-9.4009731130697
-72.2625607453234,-9.3775904380697
-72.2490607453234,-9.3542077630697
-72.2355607453234,-9.3308250880697
-72.2220607453234,-9.3074424130697
-72.2085607453234,-9.2840597380697
-72.1950607453233,-9.2606770630697
-72.1815607453233,-9.2372943880697
-72.1680607453233,-9.2139117130697
-72.1545607453233,-9.1905290380697
-72.1410607453233,-9.1671463630697
-72.1275607453233,-9.1437636880697
-72.1140607453233,-9.1203810130697
-72.0735607453233,-9.0969983380697
-72.0870607453233,-9.0736156630697
-72.1005607453233,-9.0502329880697
-72.1140607453233,-9.0268503130697
-72.1275607453233,-9.0034676380697
-72.1410607453233,-8.9800849630697
-72.1545607453233,-8.9567022880697
-72.1680607453233,-8.9333196130697
-72.1815607453234,-8.9099369380697
-72.1950607453234,-8.8865542630697
-72.2085607453234,-8.8631715880697
-72.2220607453234,-8.8397889130697
-72.2355607453234,-8.8164062380697
-72.2490607453234,-8.7930235630697
-72.2625607453234,-8.7696408880697
-72.2760607453234,-8.7462582130697
-72.8430607453232,-8.7462582130697
-72.8565607453232,-8.7696408880697
-72.8700607453232,-8.7930235630697
-72.8835607453232,-8.8164062380697
-72.8970607453232,-8.8397889130697
-72.9105607453233,-8.8631715880697
-72.9240607453233,-8.8865542630697
-72.9375607453233,-8.9099369380697
-72.9510607453233,-8.9333196130697
-72.9645607453233,-8.9567022880697
-73.0050607453233,-9.1671463630697
-72.9915607453233,-9.1905290380697
-72.9780607453233,-9.2139117130697
-72.9645607453233,-9.2372943880697
-72.9510607453233,-9.2606770630697
-72.9375607453233,-9.2840597380697
-72.9240607453233,-9.3074424130697
-72.9105607453233,-9.3308250880697
-72.8970607453232,-9.3542077630697
-72.8835607453232,-9.3775904380697
-72.8700607453232,-9.4009731130697
-72.3030607453234,-9.4945038130697
-72.2895607453234,-9.4711211380697
-72.2760607453234,-9.4477384630697
-72.2625607453234,-9.4243557880697
-72.2490607453234,-9.4009731130697
-72.2355607453234,-9.3775904380697
-72.2220607453234,-9.3542077630697
-72.2085607453234,-9.3308250880697
-72.1950607453234,-9.3074424130697
-72.1815607453234,-9.2840597380697
-72.1680607453233,-9.2606770630697
-72.1545607453233,-9.2372943880697
-72.1410607453233,-9.2139117130697
-72.1275607453233,-9.1905290380697
-72.1140607453233,-9.1671463630697
-72.1005607453233,-9.1437636880697
-72.0870607453233,-9.1203810130697
-72.0600607453233,-9.0736156630697
-72.0735607453233,-9.0502329880697
-72.0870607453233,-9.0268503130697
-72.1005607453233,-9.0034676380697
-72.1140607453233,-8.9800849630697
-72.1275607453233,-8.9567022880697
-72.1410607453233,-8.9333196130697
-72.1545607453234,-8.9099369380697
-72.1680607453234,-8.8865542630697
-72.1815607453234,-8.8631715880697
-72.1950607453234,-8.8397889130697
-72.2085607453234,-8.8164062380697
-72.2220607453234,-8.7930235630697
-72.2355607453234,-8.7696408880697
-72.2490607453234,-8.7462582130697
-72.8835607453232,-8.7696408880697
-72.8970607453232,-8.7930235630697
-72.9105607453232,-8.8164062380697
-72.9240607453232,-8.8397889130697
-72.9375607453233,-8.8631715880697
-72.9510607453233,-8.8865542630697
-72.9645607453233,-8.9099369380697
-72.9780607453233,-8.9333196130697
-73.0050607453233,-9.2139117130697
-72.9915607453233,-9.2372943880697
-72.9780607453233,-9.2606770630697
-72.9645607453233,-9.2840597380697
-72.9510607453233,-9.3074424130697
-72.9375607453233,-9.3308250880697
-72.9240607453232,-9.3542077630697
-72.9105607453232,-9.3775904380697
-72.8970607453232,-9.4009731130697
-72.2625607453234,-9.4711211380697
-72.2355607453234,-9.4243557880697
-72.2220607453234,-9.4009731130697
-72.2085607453234,-9.3775904380697
-72.1950607453234,-9.3542077630697
-72.1815607453234,-9.3308250880697
-72.1680607453234,-9.3074424130697
-72.1545607453234,-9.2840597380697
-72.1410607453233,-9.2606770630697
-72.1275607453233,-9.2372943880697
-72.1140607453233,-9.2139117130697
-72.1005607453233,-9.1905290380697
-72.0870607453233,-9.1671463630697
-72.0735607453233,-9.1437636880697
-72.0600607453233,-9.1203810130697
-72.0465607453233,-9.0502329880697
-72.0600607453233,-9.0268503130697
-72.0735607453233,-9.0034676380697
-72.0870607453233,-8.9800849630697
-72.1005607453233,-8.9567022880697
-72.1140607453233,-8.9333196130697
-72.1275607453234,-8.9099369380697
-72.1410607453234,-8.8865542630697
-72.1545607453234,-8.8631715880697
-72.1680607453234,-8.8397889130697
-72.1815607453234,-8.8164062380697
-72.1950607453234,-8.7930235630697
-72.2085607453234,-8.7696408880697
-72.2220607453234,-8.7462582130697
-72.2355607453234,-8.7228755380697
-72.9105607453232,-8.7696408880697
-72.9240607453232,-8.7930235630697
-72.9375607453232,-8.8164062380697
-72.9510607453232,-8.8397889130697
-72.9645607453233,-8.8631715880697
-72.9780607453233,-8.8865542630697
-72.9915607453233,-8.9099369380697
-73.0185607453233,-9.2372943880697
-73.0050607453233,-9.2606770630697
-72.9915607453233,-9.2840597380697
-72.9780607453233,-9.3074424130697
-72.9645607453233,-9.3308250880697
-72.9510607453232,-9.3542077630697
-72.9375607453232,-9.3775904380697
-72.9240607453232,-9.4009731130697
-72.1815607453234,-9.3775904380697
-72.1680607453234,-9.3542077630697
-72.1545607453234,-9.3308250880697
-72.1410607453234,-9.3074424130697
-72.1275607453234,-9.2840597380697
-72.1140607453233,-9.2606770630697
-72.1005607453233,-9.2372943880697
-72.0870607453233,-9.2139117130697
-72.0735607453233,-9.1905290380697
-72.0465607453233,-9.0034676380697
-72.0600607453233,-8.9800849630697
-72.0735607453233,-8.9567022880697
-72.0870607453233,-8.9333196130697
-72.1005607453233,-8.9099369380697
-72.1140607453234,-8.8865542630697
-72.1275607453234,-8.8631715880697
-72.1410607453234,-8.8397889130697
-72.1545607453234,-8.8164062380697
-72.1680607453234,-8.7930235630697
-72.1815607453234,-8.7696408880697
-72.1950607453234,-8.7462582130697
-72.2085607453234,-8.7228755380697
-72.9375607453232,-8.7696408880697
-72.9510607453232,-8.7930235630697
-72.9645607453232,-8.8164062380697
-72.9780607453232,-8.8397889130697
-72.9915607453233,-8.8631715880697
-73.0050607453233,-8.8865542630697
-73.0185607453233,-8.9099369380697
-73.0455607453233,-9.2372943880697
-73.0320607453233,-9.2606770630697
-73.0185607453233,-9.2840597380697
-73.0050607453233,-9.3074424130697
-72.9915607453233,-9.3308250880697
-72.9780607453232,-9.3542077630697
-72.9645607453232,-9.3775904380697
-72.9510607453232,-9.4009731130697
-72.1545607453234,-9.3775904380697
-72.1410607453234,-9.3542077630697
-72.1275607453234,-9.3308250880697
-72.1140607453234,-9.3074424130697
-72.1005607453233,-9.2840597380697
-72.0870607453233,-9.2606770630697
-72.0735607453233,-9.2372943880697
-72.0600607453233,-9.2139117130697
-72.0465607453233,-8.9567022880697
-72.0600607453233,-8.9333196130697
-72.0735607453233,-8.9099369380697
-72.0870607453234,-8.8865542630697
-72.1005607453234,-8.8631715880697
-72.1140607453234,-8.8397889130697
-72.1275607453234,-8.8164062380697
-72.1410607453234,-8.7930235630697
-72.1545607453234,-8.7696408880697
-72.1680607453234,-8.7462582130697
-72.1815607453234,-8.7228755380697
-72.9510607453232,-8.7462582130697
-72.9645607453232,-8.7696408880697
-72.9780607453232,-8.7930235630697
-72.9915607453232,-8.8164062380697
-73.0050607453232,-8.8397889130697
-73.0185607453233,-8.8631715880697
-73.0320607453233,-8.8865542630697
-73.0455607453233,-8.9099369380697
-73.0725607453233,-9.2372943880697
-73.0590607453233,-9.2606770630697
-73.0455607453233,-9.2840597380697
-73.0320607453233,-9.3074424130697
-73.0185607453233,-9.3308250880697
-73.0050607453232,-9.3542077630697
-72.9915607453232,-9.3775904380697
-72.9780607453232,-9.4009731130697
-72.0600607453234,-8.8865542630697
-72.1410607453234,-8.7462582130697
-72.1545607453234,-8.7228755380697
-72.9915607453232,-8.7696408880697
-73.0050607453232,-8.7930235630697
-73.0185607453232,-8.8164062380697
-73.0320607453232,-8.8397889130697
-73.0455607453233,-8.8631715880697
-73.0590607453233,-8.8865542630697
-73.0860607453233,-9.2606770630697
-73.0725607453233,-9.2840597380697
-73.0590607453233,-9.3074424130697
-73.0455607453233,-9.3308250880697
-73.0320607453232,-9.3542077630697
-73.0185607453232,-9.3775904380697
-73.0050607453232,-9.4009731130697
-73.0185607453232,-8.7696408880697
-73.0320607453232,-8.7930235630697
-73.0455607453232,-8.8164062380697
-73.0590607453233,-8.8397889130697
-73.0995607453233,-9.2840597380697
-73.0860607453233,-9.3074424130697
-73.0725607453233,-9.3308250880697
-73.0590607453233,-9.3542077630697
-73.0455607453232,-9.3775904380697
-73.0320607453232,-9.4009731130697
-73.0455607453232,-8.7696408880697
-73.0590607453232,-8.7930235630697
-73.0725607453232,-8.8164062380697
-73.0995607453233,-9.3308250880697
-73.0860607453233,-9.3542077630697
-73.0725607453232,-9.3775904380697
-73.0590607453232,-9.4009731130697
-73.0725607453232,-8.7696408880697
-73.0860607453232,-8.7930235630697
-73.0995607453232,-8.8164062380697
-73.1265607453233,-9.3308250880697
-73.1130607453233,-9.3542077630697
-73.0995607453232,-9.3775904380697
-73.0860607453232,-9.4009731130697
-73.0995607453232,-8.7696408880697
-73.1130607453232,-8.7930235630697
-73.1400607453233,-9.3542077630697
-73.1265607453232,-9.3775904380697
-73.1130607453232,-9.4009731130697
-73.1265607453232,-8.7696408880697
-73.1535607453232,-9.3775904380697
-73.1400607453232,-9.4009731130697
-73.1805607453232,-9.3775904380697
-73.1670607453232,-9.4009731130697
-73.1940607453232,-9.4009731130697
