-45.7881050872564,-3.0768017723747
-45.7611050872564,-3.0768017723747
-45.7746050872564,-3.0534190973747
-45.8016050872564,-3.0534190973747
-45.8151050872564,-3.0768017723747
-45.8016050872564,-3.1001844473747
-45.7746050872564,-3.1001844473747
-45.7341050872564,-3.0768017723747
-45.7611050872564,-3.0300364223747
-45.8151050872564,-3.0300364223747
-45.8421050872564,-3.0768017723747
-45.8151050872564,-3.1235671223747
-45.7611050872564,-3.1235671223747
-45.7476050872564,-3.0534190973747
-45.7881050872564,-3.0300364223747
-45.8286050872564,-3.0534190973747
-45.8286050872564,-3.1001844473747
-45.7881050872564,-3.1235671223747
-45.7476050872564,-3.1001844473747
-45.7071050872564,-3.0768017723747
-45.7476050872564,-3.0066537473747
-45.8286050872564,-3.0066537473747
-45.8691050872564,-3.0768017723747
-45.8286050872564,-3.1469497973747
-45.7476050872564,-3.1469497973747
-45.7206050872564,-3.0534190973747
-45.7341050872564,-3.0300364223747
-45.7746050872564,-3.0066537473747
-45.8016050872564,-3.0066537473747
-45.8421050872564,-3.0300364223747
-45.8556050872564,-3.0534190973747
-45.8556050872564,-3.1001844473747
-45.8421050872564,-3.1235671223747
-45.8016050872564,-3.1469497973747
-45.7746050872564,-3.1469497973747
-45.7341050872564,-3.1235671223747
-45.7206050872564,-3.1001844473747
-45.6801050872564,-3.0768017723747
-45.7341050872564,-2.9832710723747
-45.8421050872564,-2.9832710723747
-45.8961050872564,-3.0768017723747
-45.8421050872564,-3.1703324723747
-45.6936050872564,-3.0534190973747
-45.7071050872564,-3.0300364223747
-45.7206050872564,-3.0066537473747
-45.7611050872564,-2.9832710723747
-45.7881050872564,-2.9832710723747
-45.8151050872564,-2.9832710723747
-45.8556050872564,-3.0066537473747
-45.8691050872564,-3.0300364223747
-45.8826050872564,-3.0534190973747
-45.8826050872564,-3.1001844473747
-45.8691050872564,-3.1235671223747
-45.8556050872564,-3.1469497973747
-45.8151050872564,-3.1703324723747
-45.7881050872564,-3.1703324723747
-45.7611050872564,-3.1703324723747
-45.6936050872564,-3.1001844473747
-45.6531050872564,-3.0768017723747
-45.7206050872564,-2.9598883973747
-45.9231050872564,-3.0768017723747
-45.8556050872564,-3.1937151473747
-45.6666050872564,-3.0534190973747
-45.6801050872564,-3.0300364223747
-45.6936050872564,-3.0066537473747
-45.7071050872564,-2.9832710723747
-45.7476050872564,-2.9598883973747
-45.7746050872564,-2.9598883973747
-45.8691050872564,-2.9832710723747
-45.8826050872564,-3.0066537473747
-45.8961050872564,-3.0300364223747
-45.9096050872564,-3.0534190973747
-45.9096050872564,-3.1001844473747
-45.8961050872564,-3.1235671223747
-45.8826050872564,-3.1469497973747
-45.8691050872564,-3.1703324723747
-45.8286050872564,-3.1937151473747
-45.8016050872564,-3.1937151473747
-45.7746050872564,-3.1937151473747
-45.6666050872564,-3.1001844473747
-45.8691050872564,-3.2170978223747
-45.6396050872564,-3.0534190973747
-45.6531050872564,-3.0300364223747
-45.6666050872564,-3.0066537473747
-45.6801050872564,-2.9832710723747
-45.6936050872564,-2.9598883973747
-45.9096050872564,-3.1469497973747
-45.8961050872564,-3.1703324723747
-45.8826050872564,-3.1937151473747
-45.8421050872564,-3.2170978223747
-45.8151050872564,-3.2170978223747
-45.7881050872564,-3.2170978223747
-45.6396050872564,-3.0066537473747
-45.6531050872564,-2.9832710723747
-45.6666050872564,-2.9598883973747
-45.6801050872564,-2.9365057223747
-45.9231050872564,-3.1703324723747
-45.9096050872564,-3.1937151473747
-45.8961050872564,-3.2170978223747
-45.6396050872564,-2.9598883973747
-45.6531050872564,-2.9365057223747
-45.6666050872564,-2.9131230473747
-45.9366050872564,-3.1937151473747
-45.9231050872564,-3.2170978223747
-45.6396050872564,-2.9131230473747
-45.6531050872564,-2.8897403723747
