-45.0843708638503,-1.5285539255706
-45.0573708638503,-1.5285539255706
-45.0708708638503,-1.5051712505706
-45.0978708638503,-1.5051712505706
-45.1113708638503,-1.5285539255706
-45.0978708638503,-1.5519366005706
-45.0708708638503,-1.5519366005706
-45.0303708638503,-1.5285539255706
-45.0573708638503,-1.4817885755706
-45.1113708638503,-1.4817885755706
-45.1383708638503,-1.5285539255706
-45.1113708638503,-1.5753192755706
-45.0573708638503,-1.5753192755706
-45.0438708638503,-1.5051712505706
-45.0843708638503,-1.4817885755706
-45.1248708638503,-1.5051712505706
-45.1248708638503,-1.5519366005706
-45.0843708638503,-1.5753192755706
-45.0438708638503,-1.5519366005706
-45.0033708638503,-1.5285539255706
-45.1248708638503,-1.4584059005706
-45.1653708638503,-1.5285539255706
-45.1248708638503,-1.5987019505706
-45.0438708638503,-1.5987019505706
-45.0168708638503,-1.5051712505706
-45.1383708638503,-1.4817885755706
-45.1518708638503,-1.5051712505706
-45.1518708638503,-1.5519366005706
-45.1383708638503,-1.5753192755706
-45.0978708638503,-1.5987019505706
-45.0708708638503,-1.5987019505706
-45.0303708638503,-1.5753192755706
-45.0168708638503,-1.5519366005706
-44.9763708638503,-1.5285539255706
-45.1383708638503,-1.6220846255706
-45.1113708638503,-1.4350232255706
-45.1788708638503,-1.5051712505706
-45.1518708638503,-1.5987019505706
-45.1113708638503,-1.6220846255706
-45.0843708638503,-1.6220846255706
-44.9898708638503,-1.5519366005706
-44.9628708638503,-1.5519366005706
-45.1113708638503,-1.3882578755706
