-43.5755526695232,-2.6662026931883
-43.5485526695232,-2.6662026931883
-43.5620526695232,-2.6428200181883
-43.5890526695232,-2.6428200181883
-43.6025526695232,-2.6662026931883
-43.5890526695232,-2.6895853681883
-43.5620526695232,-2.6895853681883
-43.5215526695232,-2.6662026931883
-43.5485526695232,-2.6194373431883
-43.6025526695232,-2.6194373431883
-43.6295526695232,-2.6662026931883
-43.6025526695232,-2.7129680431883
-43.5485526695232,-2.7129680431883
-43.5350526695232,-2.6428200181883
-43.5755526695232,-2.6194373431883
-43.6160526695232,-2.6428200181883
-43.6160526695232,-2.6895853681883
-43.5755526695232,-2.7129680431883
-43.5350526695232,-2.6895853681883
-43.4945526695232,-2.6662026931883
-43.5350526695232,-2.5960546681883
-43.6160526695232,-2.5960546681883
-43.6565526695232,-2.6662026931883
-43.6160526695232,-2.7363507181883
-43.5350526695232,-2.7363507181883
-43.5080526695232,-2.6428200181883
-43.5215526695232,-2.6194373431883
-43.5620526695232,-2.5960546681883
-43.5890526695232,-2.5960546681883
-43.6295526695232,-2.6194373431883
-43.6430526695232,-2.6428200181883
-43.6430526695232,-2.6895853681883
-43.6295526695232,-2.7129680431883
-43.5890526695232,-2.7363507181883
-43.5620526695232,-2.7363507181883
-43.5215526695232,-2.7129680431883
-43.5080526695232,-2.6895853681883
-43.4675526695232,-2.6662026931883
-43.5215526695232,-2.5726719931883
-43.6295526695232,-2.5726719931883
-43.6835526695232,-2.6662026931883
-43.6295526695232,-2.7597333931883
-43.5215526695232,-2.7597333931883
-43.4810526695232,-2.6428200181883
-43.4945526695232,-2.6194373431883
-43.5080526695232,-2.5960546681883
-43.5485526695232,-2.5726719931883
-43.5755526695232,-2.5726719931883
-43.6025526695232,-2.5726719931883
-43.6430526695232,-2.5960546681883
-43.6565526695232,-2.6194373431883
-43.6700526695232,-2.6428200181883
-43.6700526695232,-2.6895853681883
-43.6565526695232,-2.7129680431883
-43.6430526695232,-2.7363507181883
-43.6025526695232,-2.7597333931883
-43.5755526695232,-2.7597333931883
-43.5485526695232,-2.7597333931883
-43.5080526695232,-2.7363507181883
-43.4945526695232,-2.7129680431883
-43.4810526695232,-2.6895853681883
-43.4405526695232,-2.6662026931883
-43.5080526695232,-2.5492893181883
-43.6430526695232,-2.5492893181883
-43.7105526695232,-2.6662026931883
-43.6430526695232,-2.7831160681883
-43.5080526695232,-2.7831160681883
-43.4540526695232,-2.6428200181883
-43.4675526695232,-2.6194373431883
-43.4810526695232,-2.5960546681883
-43.4945526695232,-2.5726719931883
-43.5350526695232,-2.5492893181883
-43.5620526695232,-2.5492893181883
-43.5890526695232,-2.5492893181883
-43.6160526695232,-2.5492893181883
-43.6565526695232,-2.5726719931883
-43.6700526695232,-2.5960546681883
-43.6835526695232,-2.6194373431883
-43.6970526695232,-2.6428200181883
-43.6970526695232,-2.6895853681883
-43.6835526695232,-2.7129680431883
-43.6700526695232,-2.7363507181883
-43.6565526695232,-2.7597333931883
-43.6160526695232,-2.7831160681883
-43.5890526695232,-2.7831160681883
-43.5620526695232,-2.7831160681883
-43.5350526695232,-2.7831160681883
-43.4945526695232,-2.7597333931883
-43.4810526695232,-2.7363507181883
-43.4675526695232,-2.7129680431883
-43.4540526695232,-2.6895853681883
-43.4945526695232,-2.5259066431883
-43.6565526695232,-2.5259066431883
-43.6565526695232,-2.8064987431883
-43.4945526695232,-2.8064987431883
-43.4675526695232,-2.5726719931883
-43.4810526695232,-2.5492893181883
-43.5215526695232,-2.5259066431883
-43.5485526695232,-2.5259066431883
-43.5755526695232,-2.5259066431883
-43.6025526695232,-2.5259066431883
-43.6295526695232,-2.5259066431883
-43.6700526695232,-2.5492893181883
-43.6835526695232,-2.5726719931883
-43.7105526695232,-2.6194373431883
-43.7240526695232,-2.6428200181883
-43.7105526695232,-2.7129680431883
-43.6970526695232,-2.7363507181883
-43.6835526695232,-2.7597333931883
-43.6700526695232,-2.7831160681883
-43.6295526695232,-2.8064987431883
-43.6025526695232,-2.8064987431883
-43.5755526695232,-2.8064987431883
-43.5485526695232,-2.8064987431883
-43.5215526695232,-2.8064987431883
-43.4810526695232,-2.7831160681883
-43.4675526695232,-2.7597333931883
-43.4540526695232,-2.7363507181883
-43.4405526695232,-2.7129680431883
-43.4810526695232,-2.5025239681883
-43.6700526695232,-2.5025239681883
-43.4810526695232,-2.8298814181883
-43.4540526695232,-2.5492893181883
-43.4675526695232,-2.5259066431883
-43.5080526695232,-2.5025239681883
-43.5350526695232,-2.5025239681883
-43.5620526695232,-2.5025239681883
-43.6430526695232,-2.5025239681883
-43.6835526695232,-2.5259066431883
-43.6970526695232,-2.5492893181883
-43.6430526695232,-2.8298814181883
-43.6160526695232,-2.8298814181883
-43.5890526695232,-2.8298814181883
-43.5620526695232,-2.8298814181883
-43.5350526695232,-2.8298814181883
-43.5080526695232,-2.8298814181883
-43.4675526695232,-2.8064987431883
-43.4540526695232,-2.7831160681883
-43.4675526695232,-2.4791412931883
-43.4675526695232,-2.8532640931883
-43.5215526695232,-2.4791412931883
-43.5485526695232,-2.4791412931883
-43.5755526695232,-2.4791412931883
-43.7105526695232,-2.5259066431883
-43.6295526695232,-2.8532640931883
-43.6025526695232,-2.8532640931883
-43.5755526695232,-2.8532640931883
-43.5485526695232,-2.8532640931883
-43.5215526695232,-2.8532640931883
-43.4945526695232,-2.8532640931883
-43.5350526695232,-2.4557586181883
-43.6160526695232,-2.8766467681883
-43.5890526695232,-2.8766467681883
-43.5620526695232,-2.8766467681883
-43.5350526695232,-2.8766467681883
-43.5080526695232,-2.8766467681883
-43.4810526695232,-2.8766467681883
-43.5215526695232,-2.4323759431883
-43.6025526695232,-2.9000294431883
-43.5755526695232,-2.9000294431883
-43.5485526695232,-2.9000294431883
-43.5215526695232,-2.9000294431883
-43.4945526695232,-2.9000294431883
-43.4675526695232,-2.9000294431883
-43.7240526695232,-2.4089932681883
-43.4270526695232,-2.9234121181883
-43.5620526695232,-2.4089932681883
-43.5890526695232,-2.4089932681883
-43.6970526695232,-2.4089932681883
-43.6160526695232,-2.9234121181883
-43.5890526695232,-2.9234121181883
-43.5620526695232,-2.9234121181883
-43.5350526695232,-2.9234121181883
-43.5080526695232,-2.9234121181883
-43.4810526695232,-2.9234121181883
-43.4540526695232,-2.9234121181883
-43.5215526695232,-2.3856105931883
-43.5485526695232,-2.3856105931883
-43.5755526695232,-2.3856105931883
-43.6025526695232,-2.3856105931883
-43.6565526695232,-2.3856105931883
-43.6835526695232,-2.3856105931883
-43.7105526695232,-2.3856105931883
-43.7510526695232,-2.4089932681883
-43.6025526695232,-2.9467947931883
-43.5755526695232,-2.9467947931883
-43.5485526695232,-2.9467947931883
-43.5215526695232,-2.9467947931883
-43.4945526695232,-2.9467947931883
-43.4675526695232,-2.9467947931883
-43.4405526695232,-2.9467947931883
-43.5620526695232,-2.3622279181883
-43.6430526695232,-2.3622279181883
-43.6700526695232,-2.3622279181883
-43.6970526695232,-2.3622279181883
-43.7240526695232,-2.3622279181883
-43.5890526695232,-2.9701774681883
-43.5620526695232,-2.9701774681883
-43.5350526695232,-2.9701774681883
-43.5080526695232,-2.9701774681883
-43.4810526695232,-2.9701774681883
-43.4540526695232,-2.9701774681883
-43.6295526695232,-2.3388452431883
-43.6565526695232,-2.3388452431883
-43.6835526695232,-2.3388452431883
-43.7105526695232,-2.3388452431883
-43.5755526695232,-2.9935601431883
-43.5485526695232,-2.9935601431883
-43.5215526695232,-2.9935601431883
-43.4945526695232,-2.9935601431883
-43.6430526695232,-2.3154625681883
-43.6700526695232,-2.3154625681883
-43.6970526695232,-2.3154625681883
-43.5620526695232,-3.0169428181883
-43.6025526695232,-2.2920798931883
-43.6295526695232,-2.2920798931883
-43.6565526695232,-2.2920798931883
-43.6835526695232,-2.2920798931883
-43.7105526695232,-2.2920798931883
-43.6160526695232,-2.2686972181883
-43.6430526695232,-2.2686972181883
-43.6700526695232,-2.2686972181883
