-46.6245892398038,-6.9976499640047
-46.5975892398038,-6.9976499640047
-46.6110892398038,-6.9742672890047
-46.6380892398038,-6.9742672890047
-46.6515892398038,-6.9976499640047
-46.6380892398038,-7.0210326390047
-46.6110892398038,-7.0210326390047
-46.5705892398038,-6.9976499640047
-46.5975892398038,-6.9508846140047
-46.6515892398038,-6.9508846140047
-46.6785892398038,-6.9976499640047
-46.6515892398038,-7.0444153140047
-46.5975892398038,-7.0444153140047
-46.5840892398038,-6.9742672890047
-46.6245892398038,-6.9508846140047
-46.6650892398038,-6.9742672890047
-46.6650892398038,-7.0210326390047
-46.6245892398038,-7.0444153140047
-46.5840892398038,-7.0210326390047
-46.5435892398038,-6.9976499640047
-46.5840892398038,-6.9275019390047
-46.6650892398038,-6.9275019390047
-46.7055892398038,-6.9976499640047
-46.6650892398038,-7.0677979890047
-46.5840892398038,-7.0677979890047
-46.5570892398038,-6.9742672890047
-46.5705892398038,-6.9508846140047
-46.6110892398038,-6.9275019390047
-46.6380892398038,-6.9275019390047
-46.6785892398038,-6.9508846140047
-46.6920892398038,-6.9742672890047
-46.6920892398038,-7.0210326390047
-46.6785892398038,-7.0444153140047
-46.6380892398038,-7.0677979890047
-46.6110892398038,-7.0677979890047
-46.5705892398038,-7.0444153140047
-46.5570892398038,-7.0210326390047
-46.5165892398038,-6.9976499640047
-46.5705892398038,-6.9041192640047
-46.6785892398038,-6.9041192640047
-46.7325892398038,-6.9976499640047
-46.6785892398038,-7.0911806640047
-46.5705892398038,-7.0911806640047
-46.5300892398038,-6.9742672890047
-46.5435892398038,-6.9508846140047
-46.5570892398038,-6.9275019390047
-46.5975892398038,-6.9041192640047
-46.6245892398038,-6.9041192640047
-46.6515892398038,-6.9041192640047
-46.6920892398038,-6.9275019390047
-46.7055892398038,-6.9508846140047
-46.7190892398038,-6.9742672890047
-46.7190892398038,-7.0210326390047
-46.7055892398038,-7.0444153140047
-46.6920892398038,-7.0677979890047
-46.6515892398038,-7.0911806640047
-46.6245892398038,-7.0911806640047
-46.5975892398038,-7.0911806640047
-46.5570892398038,-7.0677979890047
-46.5435892398038,-7.0444153140047
-46.5300892398038,-7.0210326390047
-46.4895892398038,-6.9976499640047
-46.5570892398038,-6.8807365890047
-46.6920892398038,-6.8807365890047
-46.7595892398038,-6.9976499640047
-46.6920892398038,-7.1145633390047
-46.5570892398038,-7.1145633390047
-46.5030892398038,-6.9742672890047
-46.5165892398038,-6.9508846140047
-46.5300892398038,-6.9275019390047
-46.5435892398038,-6.9041192640047
-46.5840892398038,-6.8807365890047
-46.6110892398038,-6.8807365890047
-46.6380892398038,-6.8807365890047
-46.6650892398038,-6.8807365890047
-46.7055892398038,-6.9041192640047
-46.7190892398038,-6.9275019390047
-46.7325892398038,-6.9508846140047
-46.7460892398038,-6.9742672890047
-46.7460892398038,-7.0210326390047
-46.7325892398038,-7.0444153140047
-46.7190892398038,-7.0677979890047
-46.7055892398038,-7.0911806640047
-46.6650892398038,-7.1145633390047
-46.6380892398038,-7.1145633390047
-46.6110892398038,-7.1145633390047
-46.5840892398038,-7.1145633390047
-46.5435892398038,-7.0911806640047
-46.5300892398038,-7.0677979890047
-46.5165892398038,-7.0444153140047
-46.5030892398038,-7.0210326390047
-46.4625892398038,-6.9976499640047
-46.5435892398038,-6.8573539140047
-46.7865892398038,-6.9976499640047
-46.7055892398038,-7.1379460140047
-46.4760892398038,-6.9742672890047
-46.4895892398038,-6.9508846140047
-46.5030892398038,-6.9275019390047
-46.5165892398038,-6.9041192640047
-46.5300892398038,-6.8807365890047
-46.5705892398038,-6.8573539140047
-46.5975892398038,-6.8573539140047
-46.6245892398038,-6.8573539140047
-46.6515892398038,-6.8573539140047
-46.6785892398038,-6.8573539140047
-46.7190892398038,-6.8807365890047
-46.7325892398038,-6.9041192640047
-46.7460892398038,-6.9275019390047
-46.7595892398038,-6.9508846140047
-46.7730892398038,-6.9742672890047
-46.7730892398038,-7.0210326390047
-46.7595892398038,-7.0444153140047
-46.7460892398038,-7.0677979890047
-46.7325892398038,-7.0911806640047
-46.7190892398038,-7.1145633390047
-46.6785892398038,-7.1379460140047
-46.6515892398038,-7.1379460140047
-46.6245892398038,-7.1379460140047
-46.5975892398038,-7.1379460140047
-46.5705892398038,-7.1379460140047
-46.5300892398038,-7.1145633390047
-46.5165892398038,-7.0911806640047
-46.5030892398038,-7.0677979890047
-46.4895892398038,-7.0444153140047
-46.4760892398038,-7.0210326390047
-46.4355892398038,-6.9976499640047
-46.8135892398038,-6.9976499640047
-46.7190892398038,-7.1613286890047
-46.4490892398038,-6.9742672890047
-46.4625892398038,-6.9508846140047
-46.4760892398038,-6.9275019390047
-46.4895892398038,-6.9041192640047
-46.5030892398038,-6.8807365890047
-46.5165892398038,-6.8573539140047
-46.5570892398038,-6.8339712390047
-46.5840892398038,-6.8339712390047
-46.6110892398038,-6.8339712390047
-46.6380892398038,-6.8339712390047
-46.7730892398038,-6.9275019390047
-46.7865892398038,-6.9508846140047
-46.8000892398038,-6.9742672890047
-46.8000892398038,-7.0210326390047
-46.7865892398038,-7.0444153140047
-46.7730892398038,-7.0677979890047
-46.7595892398038,-7.0911806640047
-46.7460892398038,-7.1145633390047
-46.7325892398038,-7.1379460140047
-46.6920892398038,-7.1613286890047
-46.6650892398038,-7.1613286890047
-46.6380892398038,-7.1613286890047
-46.6110892398038,-7.1613286890047
-46.5840892398038,-7.1613286890047
-46.5570892398038,-7.1613286890047
-46.4760892398038,-7.0677979890047
-46.4625892398038,-7.0444153140047
-46.4490892398038,-7.0210326390047
-46.4085892398038,-6.9976499640047
-46.8405892398038,-6.9976499640047
-46.4220892398038,-6.9742672890047
-46.4355892398038,-6.9508846140047
-46.4490892398038,-6.9275019390047
-46.4625892398038,-6.9041192640047
-46.4760892398038,-6.8807365890047
-46.8000892398038,-6.9275019390047
-46.8135892398038,-6.9508846140047
-46.8270892398038,-6.9742672890047
-46.8270892398038,-7.0210326390047
-46.8135892398038,-7.0444153140047
-46.8000892398038,-7.0677979890047
-46.7055892398038,-7.1847113640047
-46.6785892398038,-7.1847113640047
-46.6515892398038,-7.1847113640047
-46.4220892398038,-7.0210326390047
-46.8675892398038,-6.9976499640047
-46.3950892398038,-6.9742672890047
-46.4085892398038,-6.9508846140047
-46.4220892398038,-6.9275019390047
-46.4355892398038,-6.9041192640047
-46.4490892398038,-6.8807365890047
-46.8270892398038,-6.9275019390047
-46.8405892398038,-6.9508846140047
-46.8540892398038,-6.9742672890047
-46.8540892398038,-7.0210326390047
-46.8405892398038,-7.0444153140047
-46.3815892398038,-6.9508846140047
-46.4220892398038,-6.8807365890047
-46.8810892398038,-7.0210326390047
-46.3545892398038,-6.9508846140047
-46.3680892398038,-6.9275019390047
