-45.3064435549422,-6.1743441279202
-45.2794435549422,-6.1743441279202
-45.2929435549422,-6.1509614529202
-45.3199435549422,-6.1509614529202
-45.3334435549422,-6.1743441279202
-45.3199435549422,-6.1977268029202
-45.2929435549422,-6.1977268029202
-45.2524435549422,-6.1743441279202
-45.2794435549422,-6.1275787779202
-45.3334435549422,-6.1275787779202
-45.3604435549422,-6.1743441279202
-45.3334435549422,-6.2211094779202
-45.2794435549422,-6.2211094779202
-45.2659435549422,-6.1509614529202
-45.3064435549422,-6.1275787779202
-45.3469435549422,-6.1509614529202
-45.3469435549422,-6.1977268029202
-45.3064435549422,-6.2211094779202
-45.2659435549422,-6.1977268029202
-45.2254435549422,-6.1743441279202
-45.2659435549422,-6.1041961029202
-45.3469435549422,-6.1041961029202
-45.3874435549422,-6.1743441279202
-45.3469435549422,-6.2444921529202
-45.2659435549422,-6.2444921529202
-45.2389435549422,-6.1509614529202
-45.2524435549422,-6.1275787779202
-45.2929435549422,-6.1041961029202
-45.3199435549422,-6.1041961029202
-45.3604435549422,-6.1275787779202
-45.3739435549422,-6.1509614529202
-45.3739435549422,-6.1977268029202
-45.3604435549422,-6.2211094779202
-45.3199435549422,-6.2444921529202
-45.2929435549422,-6.2444921529202
-45.2524435549422,-6.2211094779202
-45.2389435549422,-6.1977268029202
-45.1984435549422,-6.1743441279202
-45.2524435549422,-6.0808134279202
-45.3604435549422,-6.0808134279202
-45.4144435549422,-6.1743441279202
-45.3604435549422,-6.2678748279202
-45.2524435549422,-6.2678748279202
-45.2119435549422,-6.1509614529202
-45.2254435549422,-6.1275787779202
-45.2389435549422,-6.1041961029202
-45.2794435549422,-6.0808134279202
-45.3064435549422,-6.0808134279202
-45.3334435549422,-6.0808134279202
-45.3739435549422,-6.1041961029202
-45.3874435549422,-6.1275787779202
-45.4009435549422,-6.1509614529202
-45.4009435549422,-6.1977268029202
-45.3874435549422,-6.2211094779202
-45.3739435549422,-6.2444921529202
-45.3334435549422,-6.2678748279202
-45.3064435549422,-6.2678748279202
-45.2794435549422,-6.2678748279202
-45.2389435549422,-6.2444921529202
-45.2254435549422,-6.2211094779202
-45.2119435549422,-6.1977268029202
-45.1714435549422,-6.1743441279202
-45.2389435549422,-6.0574307529202
-45.3739435549422,-6.0574307529202
-45.4414435549422,-6.1743441279202
-45.3739435549422,-6.2912575029202
-45.2389435549422,-6.2912575029202
-45.1849435549422,-6.1509614529202
-45.1984435549422,-6.1275787779202
-45.2119435549422,-6.1041961029202
-45.2254435549422,-6.0808134279202
-45.2659435549422,-6.0574307529202
-45.2929435549422,-6.0574307529202
-45.3199435549422,-6.0574307529202
-45.3469435549422,-6.0574307529202
-45.3874435549422,-6.0808134279202
-45.4009435549422,-6.1041961029202
-45.4144435549422,-6.1275787779202
-45.4279435549422,-6.1509614529202
-45.4279435549422,-6.1977268029202
-45.4144435549422,-6.2211094779202
-45.4009435549422,-6.2444921529202
-45.3874435549422,-6.2678748279202
-45.3469435549422,-6.2912575029202
-45.3199435549422,-6.2912575029202
-45.2929435549422,-6.2912575029202
-45.2659435549422,-6.2912575029202
-45.2254435549422,-6.2678748279202
-45.2119435549422,-6.2444921529202
-45.1984435549422,-6.2211094779202
-45.1849435549422,-6.1977268029202
-45.1444435549422,-6.1743441279202
-45.2254435549422,-6.0340480779202
-45.3874435549422,-6.0340480779202
-45.4684435549422,-6.1743441279202
-45.3874435549422,-6.3146401779202
-45.2254435549422,-6.3146401779202
-45.1579435549422,-6.1509614529202
-45.1714435549422,-6.1275787779202
-45.1849435549422,-6.1041961029202
-45.1984435549422,-6.0808134279202
-45.2119435549422,-6.0574307529202
-45.2524435549422,-6.0340480779202
-45.2794435549422,-6.0340480779202
-45.3064435549422,-6.0340480779202
-45.3334435549422,-6.0340480779202
-45.3604435549422,-6.0340480779202
-45.4009435549422,-6.0574307529202
-45.4144435549422,-6.0808134279202
-45.4279435549422,-6.1041961029202
-45.4414435549422,-6.1275787779202
-45.4549435549422,-6.1509614529202
-45.4549435549422,-6.1977268029202
-45.4414435549422,-6.2211094779202
-45.4279435549422,-6.2444921529202
-45.4144435549422,-6.2678748279202
-45.4009435549422,-6.2912575029202
-45.3604435549422,-6.3146401779202
-45.3334435549422,-6.3146401779202
-45.3064435549422,-6.3146401779202
-45.2794435549422,-6.3146401779202
-45.2524435549422,-6.3146401779202
-45.2119435549422,-6.2912575029202
-45.1984435549422,-6.2678748279202
-45.1849435549422,-6.2444921529202
-45.1714435549422,-6.2211094779202
-45.1579435549422,-6.1977268029202
-45.1174435549422,-6.1743441279202
-45.2119435549422,-6.0106654029202
-45.4009435549422,-6.0106654029202
-45.4954435549422,-6.1743441279202
-45.4009435549422,-6.3380228529202
-45.1309435549422,-6.1509614529202
-45.1444435549422,-6.1275787779202
-45.1579435549422,-6.1041961029202
-45.1714435549422,-6.0808134279202
-45.1849435549422,-6.0574307529202
-45.1984435549422,-6.0340480779202
-45.2389435549422,-6.0106654029202
-45.2659435549422,-6.0106654029202
-45.2929435549422,-6.0106654029202
-45.3199435549422,-6.0106654029202
-45.3469435549422,-6.0106654029202
-45.3739435549422,-6.0106654029202
-45.4144435549422,-6.0340480779202
-45.4279435549422,-6.0574307529202
-45.4414435549422,-6.0808134279202
-45.4549435549422,-6.1041961029202
-45.4684435549422,-6.1275787779202
-45.4819435549422,-6.1509614529202
-45.4819435549422,-6.1977268029202
-45.4684435549422,-6.2211094779202
-45.4549435549422,-6.2444921529202
-45.4414435549422,-6.2678748279202
-45.4279435549422,-6.2912575029202
-45.4144435549422,-6.3146401779202
-45.3739435549422,-6.3380228529202
-45.3469435549422,-6.3380228529202
-45.3199435549422,-6.3380228529202
-45.2929435549422,-6.3380228529202
-45.2659435549422,-6.3380228529202
-45.2389435549422,-6.3380228529202
-45.1984435549422,-6.3146401779202
-45.1849435549422,-6.2912575029202
-45.1714435549422,-6.2678748279202
-45.1579435549422,-6.2444921529202
-45.1444435549422,-6.2211094779202
-45.1309435549422,-6.1977268029202
-45.0904435549422,-6.1743441279202
-45.1984435549422,-5.9872827279202
-45.4144435549422,-5.9872827279202
-45.5224435549422,-6.1743441279202
-45.4144435549422,-6.3614055279202
-45.1039435549422,-6.1509614529202
-45.1174435549422,-6.1275787779202
-45.1309435549422,-6.1041961029202
-45.1444435549422,-6.0808134279202
-45.1579435549422,-6.0574307529202
-45.1714435549422,-6.0340480779202
-45.1849435549422,-6.0106654029202
-45.2254435549422,-5.9872827279202
-45.2524435549422,-5.9872827279202
-45.3064435549422,-5.9872827279202
-45.3334435549422,-5.9872827279202
-45.3604435549422,-5.9872827279202
-45.3874435549422,-5.9872827279202
-45.4279435549422,-6.0106654029202
-45.4414435549422,-6.0340480779202
-45.4549435549422,-6.0574307529202
-45.4684435549422,-6.0808134279202
-45.4819435549422,-6.1041961029202
-45.4954435549422,-6.1275787779202
-45.5089435549422,-6.1509614529202
-45.5089435549422,-6.1977268029202
-45.4954435549422,-6.2211094779202
-45.4819435549422,-6.2444921529202
-45.4684435549422,-6.2678748279202
-45.4549435549422,-6.2912575029202
-45.4414435549422,-6.3146401779202
-45.4279435549422,-6.3380228529202
-45.3874435549422,-6.3614055279202
-45.3604435549422,-6.3614055279202
-45.3334435549422,-6.3614055279202
-45.3064435549422,-6.3614055279202
-45.2794435549422,-6.3614055279202
-45.1579435549422,-6.2912575029202
-45.1444435549422,-6.2678748279202
-45.1309435549422,-6.2444921529202
-45.1174435549422,-6.2211094779202
-45.1039435549422,-6.1977268029202
-45.0634435549422,-6.1743441279202
-45.1849435549422,-5.9639000529202
-45.4279435549422,-5.9639000529202
-45.5494435549422,-6.1743441279202
-45.4279435549422,-6.3847882029202
-45.0769435549422,-6.1509614529202
-45.0904435549422,-6.1275787779202
-45.1039435549422,-6.1041961029202
-45.1174435549422,-6.0808134279202
-45.1309435549422,-6.0574307529202
-45.1444435549422,-6.0340480779202
-45.1579435549422,-6.0106654029202
-45.1714435549422,-5.9872827279202
-45.2119435549422,-5.9639000529202
-45.2389435549422,-5.9639000529202
-45.2929435549422,-5.9639000529202
-45.3199435549422,-5.9639000529202
-45.3469435549422,-5.9639000529202
-45.3739435549422,-5.9639000529202
-45.4009435549422,-5.9639000529202
-45.4414435549422,-5.9872827279202
-45.4549435549422,-6.0106654029202
-45.4684435549422,-6.0340480779202
-45.4819435549422,-6.0574307529202
-45.4954435549422,-6.0808134279202
-45.5089435549422,-6.1041961029202
-45.5224435549422,-6.1275787779202
-45.5359435549422,-6.1509614529202
-45.5359435549422,-6.1977268029202
-45.5224435549422,-6.2211094779202
-45.5089435549422,-6.2444921529202
-45.4954435549422,-6.2678748279202
-45.4819435549422,-6.2912575029202
-45.4684435549422,-6.3146401779202
-45.4549435549422,-6.3380228529202
-45.4414435549422,-6.3614055279202
-45.4009435549422,-6.3847882029202
-45.3739435549422,-6.3847882029202
-45.3469435549422,-6.3847882029202
-45.3199435549422,-6.3847882029202
-45.1309435549422,-6.2912575029202
-45.1174435549422,-6.2678748279202
-45.1039435549422,-6.2444921529202
-45.0904435549422,-6.2211094779202
-45.0769435549422,-6.1977268029202
-45.0364435549422,-6.1743441279202
-45.1714435549422,-5.9405173779202
-45.5764435549422,-6.1743441279202
-45.4414435549422,-6.4081708779202
-45.0499435549422,-6.1509614529202
-45.0634435549422,-6.1275787779202
-45.0769435549422,-6.1041961029202
-45.0904435549422,-6.0808134279202
-45.1039435549422,-6.0574307529202
-45.1174435549422,-6.0340480779202
-45.1309435549422,-6.0106654029202
-45.1444435549422,-5.9872827279202
-45.1579435549422,-5.9639000529202
-45.1984435549422,-5.9405173779202
-45.2254435549422,-5.9405173779202
-45.3064435549422,-5.9405173779202
-45.3334435549422,-5.9405173779202
-45.3604435549422,-5.9405173779202
-45.3874435549422,-5.9405173779202
-45.4144435549422,-5.9405173779202
-45.4549435549422,-5.9639000529202
-45.4684435549422,-5.9872827279202
-45.4819435549422,-6.0106654029202
-45.4954435549422,-6.0340480779202
-45.5089435549422,-6.0574307529202
-45.5224435549422,-6.0808134279202
-45.5359435549422,-6.1041961029202
-45.5494435549422,-6.1275787779202
-45.5629435549422,-6.1509614529202
-45.5629435549422,-6.1977268029202
-45.5494435549422,-6.2211094779202
-45.5359435549422,-6.2444921529202
-45.5224435549422,-6.2678748279202
-45.5089435549422,-6.2912575029202
-45.4954435549422,-6.3146401779202
-45.4819435549422,-6.3380228529202
-45.4684435549422,-6.3614055279202
-45.4549435549422,-6.3847882029202
-45.4144435549422,-6.4081708779202
-45.3874435549422,-6.4081708779202
-45.3604435549422,-6.4081708779202
-45.1174435549422,-6.3146401779202
-45.1039435549422,-6.2912575029202
-45.0904435549422,-6.2678748279202
-45.0769435549422,-6.2444921529202
-45.0634435549422,-6.2211094779202
-45.0499435549422,-6.1977268029202
-45.0094435549422,-6.1743441279202
-45.1579435549422,-5.9171347029202
-45.6034435549422,-6.1743441279202
-45.0229435549422,-6.1509614529202
-45.0364435549422,-6.1275787779202
-45.0499435549422,-6.1041961029202
-45.0634435549422,-6.0808134279202
-45.0769435549422,-6.0574307529202
-45.0904435549422,-6.0340480779202
-45.1039435549422,-6.0106654029202
-45.1174435549422,-5.9872827279202
-45.1309435549422,-5.9639000529202
-45.1444435549422,-5.9405173779202
-45.1849435549422,-5.9171347029202
-45.5089435549422,-6.0106654029202
-45.5224435549422,-6.0340480779202
-45.5359435549422,-6.0574307529202
-45.5494435549422,-6.0808134279202
-45.5629435549422,-6.1041961029202
-45.5764435549422,-6.1275787779202
-45.5899435549422,-6.1509614529202
-45.5899435549422,-6.1977268029202
-45.5764435549422,-6.2211094779202
-45.5629435549422,-6.2444921529202
-45.5494435549422,-6.2678748279202
-45.5359435549422,-6.2912575029202
-45.5224435549422,-6.3146401779202
-45.5089435549422,-6.3380228529202
-45.4954435549422,-6.3614055279202
-45.4819435549422,-6.3847882029202
-45.4684435549422,-6.4081708779202
-45.0904435549422,-6.3146401779202
-45.0769435549422,-6.2912575029202
-45.0634435549422,-6.2678748279202
-45.0499435549422,-6.2444921529202
-45.0364435549422,-6.2211094779202
-45.0229435549422,-6.1977268029202
-44.9824435549422,-6.1743441279202
-45.1444435549422,-5.8937520279202
-45.6304435549422,-6.1743441279202
-44.9959435549422,-6.1509614529202
-45.0094435549422,-6.1275787779202
-45.0229435549422,-6.1041961029202
-45.0364435549422,-6.0808134279202
-45.0499435549422,-6.0574307529202
-45.0634435549422,-6.0340480779202
-45.0769435549422,-6.0106654029202
-45.0904435549422,-5.9872827279202
-45.1039435549422,-5.9639000529202
-45.1174435549422,-5.9405173779202
-45.1309435549422,-5.9171347029202
-45.1714435549422,-5.8937520279202
-45.5899435549422,-6.1041961029202
-45.6034435549422,-6.1275787779202
-45.6169435549422,-6.1509614529202
-45.6169435549422,-6.1977268029202
-45.6034435549422,-6.2211094779202
-45.5899435549422,-6.2444921529202
-45.5764435549422,-6.2678748279202
-45.5629435549422,-6.2912575029202
-45.5494435549422,-6.3146401779202
-45.5359435549422,-6.3380228529202
-45.5224435549422,-6.3614055279202
-45.5089435549422,-6.3847882029202
-45.4954435549422,-6.4081708779202
-45.0769435549422,-6.3380228529202
-45.0634435549422,-6.3146401779202
-45.0499435549422,-6.2912575029202
-45.0364435549422,-6.2678748279202
-45.0229435549422,-6.2444921529202
-45.0094435549422,-6.2211094779202
-44.9959435549422,-6.1977268029202
-44.9554435549422,-6.1743441279202
-45.1309435549422,-5.8703693529202
-45.6574435549422,-6.1743441279202
-44.9689435549422,-6.1509614529202
-44.9824435549422,-6.1275787779202
-44.9959435549422,-6.1041961029202
-45.0094435549422,-6.0808134279202
-45.0229435549422,-6.0574307529202
-45.0364435549422,-6.0340480779202
-45.0499435549422,-6.0106654029202
-45.0634435549422,-5.9872827279202
-45.0769435549422,-5.9639000529202
-45.0904435549422,-5.9405173779202
-45.1039435549422,-5.9171347029202
-45.1174435549422,-5.8937520279202
-45.1579435549422,-5.8703693529202
-45.6439435549422,-6.1509614529202
-45.6439435549422,-6.1977268029202
-45.6304435549422,-6.2211094779202
-45.6169435549422,-6.2444921529202
-45.6034435549422,-6.2678748279202
-45.5899435549422,-6.2912575029202
-45.5764435549422,-6.3146401779202
-45.5629435549422,-6.3380228529202
-45.5494435549422,-6.3614055279202
-45.5359435549422,-6.3847882029202
-45.5224435549422,-6.4081708779202
-45.0499435549422,-6.3380228529202
-45.0364435549422,-6.3146401779202
-45.0229435549422,-6.2912575029202
-45.0094435549422,-6.2678748279202
-44.9959435549422,-6.2444921529202
-44.9824435549422,-6.2211094779202
-44.9689435549422,-6.1977268029202
-44.9284435549422,-6.1743441279202
-44.9419435549422,-6.1509614529202
-44.9554435549422,-6.1275787779202
-44.9689435549422,-6.1041961029202
-44.9824435549422,-6.0808134279202
-44.9959435549422,-6.0574307529202
-45.0094435549422,-6.0340480779202
-45.0229435549422,-6.0106654029202
-45.0364435549422,-5.9872827279202
-45.0499435549422,-5.9639000529202
-45.0634435549422,-5.9405173779202
-45.0769435549422,-5.9171347029202
-45.0904435549422,-5.8937520279202
-45.1039435549422,-5.8703693529202
-45.6709435549422,-6.1977268029202
-45.6574435549422,-6.2211094779202
-45.6439435549422,-6.2444921529202
-45.6304435549422,-6.2678748279202
-45.6169435549422,-6.2912575029202
-45.6034435549422,-6.3146401779202
-45.5899435549422,-6.3380228529202
-45.5764435549422,-6.3614055279202
-45.5629435549422,-6.3847882029202
-45.5494435549422,-6.4081708779202
-45.5359435549422,-6.4315535529202
-45.0229435549422,-6.3380228529202
-45.0094435549422,-6.3146401779202
-44.9959435549422,-6.2912575029202
-44.9824435549422,-6.2678748279202
-44.9689435549422,-6.2444921529202
-44.9554435549422,-6.2211094779202
-44.9419435549422,-6.1977268029202
-44.9014435549422,-6.1743441279202
-44.9149435549422,-6.1509614529202
-44.9284435549422,-6.1275787779202
-44.9419435549422,-6.1041961029202
-44.9554435549422,-6.0808134279202
-44.9689435549422,-6.0574307529202
-44.9824435549422,-6.0340480779202
-44.9959435549422,-6.0106654029202
-45.0094435549422,-5.9872827279202
-45.0229435549422,-5.9639000529202
-45.0364435549422,-5.9405173779202
-45.0499435549422,-5.9171347029202
-45.0634435549422,-5.8937520279202
-45.0769435549422,-5.8703693529202
-45.6979435549422,-6.1977268029202
-45.6844435549422,-6.2211094779202
-45.6709435549422,-6.2444921529202
-45.6574435549422,-6.2678748279202
-45.6439435549422,-6.2912575029202
-45.6304435549422,-6.3146401779202
-45.6169435549422,-6.3380228529202
-45.6034435549422,-6.3614055279202
-45.5899435549422,-6.3847882029202
-45.5764435549422,-6.4081708779202
-45.5629435549422,-6.4315535529202
-44.9959435549422,-6.3380228529202
-44.9824435549422,-6.3146401779202
-44.9689435549422,-6.2912575029202
-44.9554435549422,-6.2678748279202
-44.9419435549422,-6.2444921529202
-44.9284435549422,-6.2211094779202
-44.9149435549422,-6.1977268029202
-44.8744435549422,-6.1743441279202
-44.8879435549422,-6.1509614529202
-44.9014435549422,-6.1275787779202
-44.9149435549422,-6.1041961029202
-44.9284435549422,-6.0808134279202
-44.9419435549422,-6.0574307529202
-44.9554435549422,-6.0340480779202
-44.9689435549422,-6.0106654029202
-44.9824435549422,-5.9872827279202
-44.9959435549422,-5.9639000529202
-45.0094435549422,-5.9405173779202
-45.0229435549422,-5.9171347029202
-45.0364435549422,-5.8937520279202
-45.0499435549422,-5.8703693529202
-45.0634435549422,-5.8469866779202
-45.7114435549422,-6.2211094779202
-45.6979435549422,-6.2444921529202
-45.6844435549422,-6.2678748279202
-45.6709435549422,-6.2912575029202
-45.6574435549422,-6.3146401779202
-45.6439435549422,-6.3380228529202
-45.6304435549422,-6.3614055279202
-45.6169435549422,-6.3847882029202
-45.6034435549422,-6.4081708779202
-45.5899435549422,-6.4315535529202
-44.9689435549422,-6.3380228529202
-44.9554435549422,-6.3146401779202
-44.9419435549422,-6.2912575029202
-44.9284435549422,-6.2678748279202
-44.9149435549422,-6.2444921529202
-44.9014435549422,-6.2211094779202
-44.8879435549422,-6.1977268029202
-44.8609435549422,-6.1509614529202
-44.8744435549422,-6.1275787779202
-44.8879435549422,-6.1041961029202
-44.9014435549422,-6.0808134279202
-44.9149435549422,-6.0574307529202
-44.9284435549422,-6.0340480779202
-44.9419435549422,-6.0106654029202
-44.9554435549422,-5.9872827279202
-44.9689435549422,-5.9639000529202
-44.9824435549422,-5.9405173779202
-44.9959435549422,-5.9171347029202
-45.0094435549422,-5.8937520279202
-45.0229435549422,-5.8703693529202
-45.0364435549422,-5.8469866779202
-45.7384435549422,-6.2211094779202
-45.7249435549422,-6.2444921529202
-45.7114435549422,-6.2678748279202
-45.6979435549422,-6.2912575029202
-45.6844435549422,-6.3146401779202
-45.6709435549422,-6.3380228529202
-45.6574435549422,-6.3614055279202
-45.6439435549422,-6.3847882029202
-45.6304435549422,-6.4081708779202
-45.6169435549422,-6.4315535529202
-45.6034435549422,-6.4549362279202
-44.8474435549422,-6.1275787779202
-44.8609435549422,-6.1041961029202
-44.8744435549422,-6.0808134279202
-44.8879435549422,-6.0574307529202
-44.9014435549422,-6.0340480779202
-44.9149435549422,-6.0106654029202
-44.9284435549422,-5.9872827279202
-44.9419435549422,-5.9639000529202
-44.9554435549422,-5.9405173779202
-44.9689435549422,-5.9171347029202
-44.9824435549422,-5.8937520279202
-44.9959435549422,-5.8703693529202
-45.0094435549422,-5.8469866779202
-45.7519435549422,-6.2444921529202
-45.7384435549422,-6.2678748279202
-45.7249435549422,-6.2912575029202
-45.7114435549422,-6.3146401779202
-45.6979435549422,-6.3380228529202
-45.6844435549422,-6.3614055279202
-45.6709435549422,-6.3847882029202
-45.6574435549422,-6.4081708779202
-45.6439435549422,-6.4315535529202
-45.6304435549422,-6.4549362279202
-44.8204435549422,-6.1275787779202
-44.8339435549422,-6.1041961029202
-44.8474435549422,-6.0808134279202
-44.8609435549422,-6.0574307529202
-44.8744435549422,-6.0340480779202
-44.8879435549422,-6.0106654029202
-44.9014435549422,-5.9872827279202
-44.9149435549422,-5.9639000529202
-44.9284435549422,-5.9405173779202
-44.9419435549422,-5.9171347029202
-44.9554435549422,-5.8937520279202
-44.9689435549422,-5.8703693529202
-44.9824435549422,-5.8469866779202
-44.9959435549422,-5.8236040029202
-45.7789435549422,-6.2444921529202
-45.7654435549422,-6.2678748279202
-45.7519435549422,-6.2912575029202
-45.7384435549422,-6.3146401779202
-45.7249435549422,-6.3380228529202
-45.7114435549422,-6.3614055279202
-45.6979435549422,-6.3847882029202
-45.6844435549422,-6.4081708779202
-45.6709435549422,-6.4315535529202
-45.6574435549422,-6.4549362279202
-44.8069435549422,-6.1041961029202
-44.8204435549422,-6.0808134279202
-44.8339435549422,-6.0574307529202
-44.8474435549422,-6.0340480779202
-44.8609435549422,-6.0106654029202
-44.8744435549422,-5.9872827279202
-44.8879435549422,-5.9639000529202
-44.9014435549422,-5.9405173779202
-44.9149435549422,-5.9171347029202
-44.9284435549422,-5.8937520279202
-44.9419435549422,-5.8703693529202
-44.9554435549422,-5.8469866779202
-44.9689435549422,-5.8236040029202
-45.7924435549422,-6.2678748279202
-45.7789435549422,-6.2912575029202
-45.7654435549422,-6.3146401779202
-45.7519435549422,-6.3380228529202
-45.7384435549422,-6.3614055279202
-45.7249435549422,-6.3847882029202
-45.7114435549422,-6.4081708779202
-45.6979435549422,-6.4315535529202
-45.6844435549422,-6.4549362279202
-44.8474435549422,-5.9872827279202
-44.8609435549422,-5.9639000529202
-44.8744435549422,-5.9405173779202
-44.8879435549422,-5.9171347029202
-44.9014435549422,-5.8937520279202
-44.9149435549422,-5.8703693529202
-44.9284435549422,-5.8469866779202
-44.9419435549422,-5.8236040029202
-45.8059435549422,-6.2912575029202
-45.7924435549422,-6.3146401779202
-45.7789435549422,-6.3380228529202
-45.7654435549422,-6.3614055279202
-45.7519435549422,-6.3847882029202
-45.7384435549422,-6.4081708779202
-45.7249435549422,-6.4315535529202
-45.7114435549422,-6.4549362279202
-44.8474435549422,-5.9405173779202
-44.8609435549422,-5.9171347029202
-44.8744435549422,-5.8937520279202
-44.8879435549422,-5.8703693529202
-44.9014435549422,-5.8469866779202
-44.9149435549422,-5.8236040029202
-44.9284435549422,-5.8002213279202
-45.8329435549422,-6.2912575029202
-45.8194435549422,-6.3146401779202
-45.8059435549422,-6.3380228529202
-45.7924435549422,-6.3614055279202
-45.7789435549422,-6.3847882029202
-45.7654435549422,-6.4081708779202
-45.7519435549422,-6.4315535529202
-45.7384435549422,-6.4549362279202
-45.7249435549422,-6.4783189029202
-45.8194435549422,-6.3614055279202
-45.8059435549422,-6.3847882029202
-45.7924435549422,-6.4081708779202
-45.7789435549422,-6.4315535529202
-45.7654435549422,-6.4549362279202
-45.7519435549422,-6.4783189029202
-45.7384435549422,-6.5017015779202
-45.7249435549422,-6.5250842529202
-45.8194435549422,-6.4081708779202
-45.8059435549422,-6.4315535529202
-45.7924435549422,-6.4549362279202
-45.7789435549422,-6.4783189029202
-45.7654435549422,-6.5017015779202
-45.7519435549422,-6.5250842529202
-45.7384435549422,-6.5484669279202
-45.8194435549422,-6.4549362279202
-45.8059435549422,-6.4783189029202
-45.7924435549422,-6.5017015779202
-45.7789435549422,-6.5250842529202
-45.7654435549422,-6.5484669279202
-45.8329435549422,-6.4783189029202
-45.8194435549422,-6.5017015779202
-45.8059435549422,-6.5250842529202
-45.7924435549422,-6.5484669279202
-45.7789435549422,-6.5718496029202
-45.8329435549422,-6.5250842529202
-45.8194435549422,-6.5484669279202
-45.8059435549422,-6.5718496029202
-45.8329435549422,-6.5718496029202
-45.8194435549422,-6.5952322779202
