-45.8244884169635,-2.0621564016656
-45.7974884169635,-2.0621564016656
-45.8109884169635,-2.0387737266656
-45.8379884169635,-2.0387737266656
-45.8514884169635,-2.0621564016656
-45.8379884169635,-2.0855390766656
-45.8109884169635,-2.0855390766656
-45.7704884169635,-2.0621564016656
-45.7974884169635,-2.0153910516656
-45.8514884169635,-2.0153910516656
-45.8784884169635,-2.0621564016656
-45.8514884169635,-2.1089217516656
-45.7974884169635,-2.1089217516656
-45.7839884169635,-2.0387737266656
-45.8244884169635,-2.0153910516656
-45.8649884169635,-2.0387737266656
-45.8649884169635,-2.0855390766656
-45.8244884169635,-2.1089217516656
-45.7839884169635,-2.0855390766656
-45.7434884169635,-2.0621564016656
-45.7839884169635,-1.9920083766656
-45.8649884169635,-1.9920083766656
-45.9054884169635,-2.0621564016656
-45.8649884169635,-2.1323044266656
-45.7839884169635,-2.1323044266656
-45.7569884169635,-2.0387737266656
-45.7704884169635,-2.0153910516656
-45.8109884169635,-1.9920083766656
-45.8379884169635,-1.9920083766656
-45.8784884169635,-2.0153910516656
-45.8919884169635,-2.0387737266656
-45.8919884169635,-2.0855390766656
-45.8784884169635,-2.1089217516656
-45.8379884169635,-2.1323044266656
-45.8109884169635,-2.1323044266656
-45.7704884169635,-2.1089217516656
-45.7569884169635,-2.0855390766656
-45.7164884169635,-2.0621564016656
-45.7704884169635,-1.9686257016656
-45.8784884169635,-1.9686257016656
-45.9324884169635,-2.0621564016656
-45.8784884169635,-2.1556871016656
-45.7704884169635,-2.1556871016656
-45.7299884169635,-2.0387737266656
-45.7434884169635,-2.0153910516656
-45.7569884169635,-1.9920083766656
-45.7974884169635,-1.9686257016656
-45.8244884169635,-1.9686257016656
-45.8514884169635,-1.9686257016656
-45.8919884169635,-1.9920083766656
-45.9054884169635,-2.0153910516656
-45.9189884169635,-2.0387737266656
-45.9189884169635,-2.0855390766656
-45.9054884169635,-2.1089217516656
-45.8919884169635,-2.1323044266656
-45.8514884169635,-2.1556871016656
-45.8244884169635,-2.1556871016656
-45.7569884169635,-2.1323044266656
-45.7434884169635,-2.1089217516656
-45.7299884169635,-2.0855390766656
-45.6894884169635,-2.0621564016656
-45.7569884169635,-1.9452430266656
-45.8919884169635,-1.9452430266656
-45.8919884169635,-2.1790697766656
-45.7569884169635,-2.1790697766656
-45.7029884169635,-2.0387737266656
-45.7164884169635,-2.0153910516656
-45.7299884169635,-1.9920083766656
-45.7434884169635,-1.9686257016656
-45.7839884169635,-1.9452430266656
-45.8109884169635,-1.9452430266656
-45.8379884169635,-1.9452430266656
-45.8649884169635,-1.9452430266656
-45.9054884169635,-1.9686257016656
-45.9189884169635,-1.9920083766656
-45.9459884169635,-2.0855390766656
-45.9324884169635,-2.1089217516656
-45.9189884169635,-2.1323044266656
-45.9054884169635,-2.1556871016656
-45.8649884169635,-2.1790697766656
-45.7434884169635,-2.1556871016656
-45.7299884169635,-2.1323044266656
-45.7164884169635,-2.1089217516656
-45.7029884169635,-2.0855390766656
-45.6894884169635,-2.0153910516656
-45.7029884169635,-1.9920083766656
-45.7164884169635,-1.9686257016656
-45.7299884169635,-1.9452430266656
-45.7704884169635,-1.9218603516656
-45.7974884169635,-1.9218603516656
-45.8244884169635,-1.9218603516656
-45.8514884169635,-1.9218603516656
-45.8784884169635,-1.9218603516656
-45.9729884169635,-2.0855390766656
-45.9594884169635,-2.1089217516656
-45.9459884169635,-2.1323044266656
-45.9324884169635,-2.1556871016656
-45.9189884169635,-2.1790697766656
-45.7299884169635,-2.1790697766656
-45.7164884169635,-2.1556871016656
-45.7029884169635,-2.1323044266656
-45.6894884169635,-2.1089217516656
-45.8109884169635,-1.8984776766656
-45.8379884169635,-1.8984776766656
-45.8649884169635,-1.8984776766656
-45.8919884169635,-1.8984776766656
-45.9864884169635,-2.1089217516656
-45.9729884169635,-2.1323044266656
-45.9594884169635,-2.1556871016656
-45.9459884169635,-2.1790697766656
-45.7164884169635,-2.2024524516656
-45.7029884169635,-2.1790697766656
-45.6894884169635,-2.1556871016656
-45.6759884169635,-2.1323044266656
-45.8244884169635,-1.8750950016656
-45.8514884169635,-1.8750950016656
-45.8784884169635,-1.8750950016656
-45.9864884169635,-2.1556871016656
-45.9729884169635,-2.1790697766656
-45.9594884169635,-2.2024524516656
-45.9459884169635,-2.2258351266656
-45.7029884169635,-2.2258351266656
-45.6894884169635,-2.2024524516656
-45.6759884169635,-2.1790697766656
-45.6624884169635,-2.1556871016656
-45.8109884169635,-1.8517123266656
-45.8379884169635,-1.8517123266656
-45.8649884169635,-1.8517123266656
-45.9864884169635,-2.2024524516656
-45.9729884169635,-2.2258351266656
-45.9594884169635,-2.2492178016656
-45.6624884169635,-2.2024524516656
-45.6489884169635,-2.1790697766656
-45.8514884169635,-1.8283296516656
-45.8784884169635,-1.8283296516656
-45.9864884169635,-2.2492178016656
