-46.0007389295180,-3.8694250968477
-45.9737389295180,-3.8694250968477
-45.9872389295180,-3.8460424218477
-46.0142389295180,-3.8460424218477
-46.0277389295180,-3.8694250968477
-46.0142389295180,-3.8928077718477
-45.9872389295180,-3.8928077718477
-45.9467389295180,-3.8694250968477
-45.9737389295180,-3.8226597468477
-46.0277389295180,-3.8226597468477
-46.0547389295180,-3.8694250968477
-46.0277389295180,-3.9161904468477
-45.9737389295180,-3.9161904468477
-45.9602389295180,-3.8460424218477
-46.0007389295180,-3.8226597468477
-46.0412389295180,-3.8460424218477
-46.0412389295180,-3.8928077718477
-46.0007389295180,-3.9161904468477
-45.9602389295180,-3.8928077718477
-45.9197389295180,-3.8694250968477
-45.9602389295180,-3.7992770718477
-46.0412389295180,-3.7992770718477
-46.0817389295180,-3.8694250968477
-46.0412389295180,-3.9395731218477
-45.9602389295180,-3.9395731218477
-45.9332389295180,-3.8460424218477
-45.9467389295180,-3.8226597468477
-45.9872389295180,-3.7992770718477
-46.0142389295180,-3.7992770718477
-46.0547389295180,-3.8226597468477
-46.0682389295180,-3.8460424218477
-46.0682389295180,-3.8928077718477
-46.0547389295180,-3.9161904468477
-46.0142389295180,-3.9395731218477
-45.9872389295180,-3.9395731218477
-45.9467389295180,-3.9161904468477
-45.9332389295180,-3.8928077718477
-45.8927389295180,-3.8694250968477
-45.9467389295180,-3.7758943968477
-46.0547389295180,-3.7758943968477
-46.1087389295180,-3.8694250968477
-46.0547389295180,-3.9629557968477
-45.9062389295180,-3.8460424218477
-45.9197389295180,-3.8226597468477
-45.9332389295180,-3.7992770718477
-45.9737389295180,-3.7758943968477
-46.0007389295180,-3.7758943968477
-46.0277389295180,-3.7758943968477
-46.0682389295180,-3.7992770718477
-46.0817389295180,-3.8226597468477
-46.0952389295180,-3.8460424218477
-46.0952389295180,-3.8928077718477
-46.0817389295180,-3.9161904468477
-46.0682389295180,-3.9395731218477
-46.0277389295180,-3.9629557968477
-46.0007389295180,-3.9629557968477
-45.9737389295180,-3.9629557968477
-45.9332389295180,-3.9395731218477
-45.9197389295180,-3.9161904468477
-45.9062389295180,-3.8928077718477
-45.8657389295180,-3.8694250968477
-45.9332389295180,-3.7525117218477
-46.0682389295180,-3.7525117218477
-46.1357389295180,-3.8694250968477
-46.0682389295180,-3.9863384718477
-45.8792389295180,-3.8460424218477
-45.8927389295180,-3.8226597468477
-45.9062389295180,-3.7992770718477
-45.9197389295180,-3.7758943968477
-45.9602389295180,-3.7525117218477
-45.9872389295180,-3.7525117218477
-46.0142389295180,-3.7525117218477
-46.0412389295180,-3.7525117218477
-46.0817389295180,-3.7758943968477
-46.0952389295180,-3.7992770718477
-46.1087389295180,-3.8226597468477
-46.1222389295180,-3.8460424218477
-46.1222389295180,-3.8928077718477
-46.1087389295180,-3.9161904468477
-46.0952389295180,-3.9395731218477
-46.0817389295180,-3.9629557968477
-46.0412389295180,-3.9863384718477
-46.0142389295180,-3.9863384718477
-45.9197389295180,-3.7291290468477
-46.0817389295180,-3.7291290468477
-46.1627389295180,-3.8694250968477
-46.0817389295180,-4.0097211468477
-45.8522389295180,-3.8460424218477
-45.8657389295180,-3.8226597468477
-45.8792389295180,-3.7992770718477
-45.8927389295180,-3.7758943968477
-45.9062389295180,-3.7525117218477
-45.9467389295180,-3.7291290468477
-45.9737389295180,-3.7291290468477
-46.0007389295180,-3.7291290468477
-46.0277389295180,-3.7291290468477
-46.0547389295180,-3.7291290468477
-46.0952389295180,-3.7525117218477
-46.1087389295180,-3.7758943968477
-46.1222389295180,-3.7992770718477
-46.1357389295180,-3.8226597468477
-46.1492389295180,-3.8460424218477
-46.1492389295180,-3.8928077718477
-46.1357389295180,-3.9161904468477
-46.1222389295180,-3.9395731218477
-46.1087389295180,-3.9629557968477
-46.0952389295180,-3.9863384718477
-45.9062389295180,-3.7057463718477
-46.1897389295180,-3.8694250968477
-46.0952389295180,-4.0331038218477
-45.8522389295180,-3.7992770718477
-45.8657389295180,-3.7758943968477
-45.8792389295180,-3.7525117218477
-45.8927389295180,-3.7291290468477
-45.9332389295180,-3.7057463718477
-45.9602389295180,-3.7057463718477
-45.9872389295180,-3.7057463718477
-46.0412389295180,-3.7057463718477
-46.1222389295180,-3.7525117218477
-46.1357389295180,-3.7758943968477
-46.1492389295180,-3.7992770718477
-46.1627389295180,-3.8226597468477
-46.1762389295180,-3.8460424218477
-46.1762389295180,-3.8928077718477
-46.1627389295180,-3.9161904468477
-46.1492389295180,-3.9395731218477
-46.1357389295180,-3.9629557968477
-46.1222389295180,-3.9863384718477
-46.1087389295180,-4.0097211468477
-45.8927389295180,-3.6823636968477
-46.1087389295180,-4.0564864968477
-45.8117389295180,-3.8226597468477
-45.8252389295180,-3.7992770718477
-45.8387389295180,-3.7758943968477
-45.8522389295180,-3.7525117218477
-45.8657389295180,-3.7291290468477
-45.8792389295180,-3.7057463718477
-46.2032389295180,-3.8928077718477
-46.1897389295180,-3.9161904468477
-46.1762389295180,-3.9395731218477
-46.1627389295180,-3.9629557968477
-46.1492389295180,-3.9863384718477
-46.1357389295180,-4.0097211468477
-46.1222389295180,-4.0331038218477
-45.7847389295180,-3.8226597468477
-45.7982389295180,-3.7992770718477
-45.8117389295180,-3.7758943968477
-45.8252389295180,-3.7525117218477
-45.8387389295180,-3.7291290468477
-45.8522389295180,-3.7057463718477
-45.8657389295180,-3.6823636968477
-46.2032389295180,-3.9395731218477
-46.1897389295180,-3.9629557968477
-46.1762389295180,-3.9863384718477
-46.1627389295180,-4.0097211468477
-46.1492389295180,-4.0331038218477
-46.1357389295180,-4.0564864968477
-45.7712389295180,-3.7992770718477
-45.7847389295180,-3.7758943968477
-45.7982389295180,-3.7525117218477
-45.8117389295180,-3.7291290468477
-45.8252389295180,-3.7057463718477
-45.8387389295180,-3.6823636968477
-46.2167389295180,-3.9629557968477
-46.2032389295180,-3.9863384718477
-46.1897389295180,-4.0097211468477
-46.1762389295180,-4.0331038218477
-46.1627389295180,-4.0564864968477
-46.1492389295180,-4.0798691718477
-45.7442389295180,-3.7992770718477
-45.7577389295180,-3.7758943968477
-45.7712389295180,-3.7525117218477
-45.7847389295180,-3.7291290468477
-45.7982389295180,-3.7057463718477
-45.8117389295180,-3.6823636968477
-45.8252389295180,-3.6589810218477
-46.2437389295180,-3.9629557968477
-46.2302389295180,-3.9863384718477
-46.2167389295180,-4.0097211468477
-46.2032389295180,-4.0331038218477
-46.1897389295180,-4.0564864968477
-46.1762389295180,-4.0798691718477
-46.1627389295180,-4.1032518468477
-45.7172389295180,-3.7992770718477
-45.7307389295180,-3.7758943968477
-45.7442389295180,-3.7525117218477
-45.7577389295180,-3.7291290468477
-45.7712389295180,-3.7057463718477
-45.7847389295180,-3.6823636968477
-45.7982389295180,-3.6589810218477
-46.2572389295180,-3.9863384718477
-46.2032389295180,-4.0798691718477
-46.1897389295180,-4.1032518468477
-46.1762389295180,-4.1266345218477
-45.7037389295180,-3.7758943968477
-45.7172389295180,-3.7525117218477
-45.7307389295180,-3.7291290468477
-45.7442389295180,-3.7057463718477
-45.7577389295180,-3.6823636968477
-45.7712389295180,-3.6589810218477
-46.2167389295180,-4.1032518468477
-46.2032389295180,-4.1266345218477
-46.1897389295180,-4.1500171968477
-45.6902389295180,-3.7525117218477
-45.7037389295180,-3.7291290468477
-45.7172389295180,-3.7057463718477
-45.7307389295180,-3.6823636968477
-45.7442389295180,-3.6589810218477
-46.2437389295180,-4.1032518468477
-46.2302389295180,-4.1266345218477
-46.2167389295180,-4.1500171968477
-46.2032389295180,-4.1733998718477
-45.6767389295180,-3.7291290468477
-45.6902389295180,-3.7057463718477
-45.7037389295180,-3.6823636968477
-45.7172389295180,-3.6589810218477
-46.2572389295180,-4.1266345218477
-46.2437389295180,-4.1500171968477
-46.2302389295180,-4.1733998718477
-46.2167389295180,-4.1967825468477
-45.6632389295180,-3.7057463718477
-45.6767389295180,-3.6823636968477
-45.6902389295180,-3.6589810218477
-46.2572389295180,-4.1733998718477
-46.2437389295180,-4.1967825468477
-46.2302389295180,-4.2201652218477
-45.6632389295180,-3.6589810218477
-45.6767389295180,-3.6355983468477
-46.2707389295180,-4.1967825468477
-46.2572389295180,-4.2201652218477
-46.2437389295180,-4.2435478968477
-45.6497389295180,-3.6355983468477
-46.2707389295180,-4.2435478968477
-46.2572389295180,-4.2669305718477
-46.2842389295180,-4.2669305718477
-46.2707389295180,-4.2903132468477
