-43.3167207367626,-5.3889542959942
-43.2897207367626,-5.3889542959942
-43.3032207367626,-5.3655716209942
-43.3302207367626,-5.3655716209942
-43.3437207367626,-5.3889542959942
-43.3302207367626,-5.4123369709942
-43.3032207367626,-5.4123369709942
-43.2627207367626,-5.3889542959942
-43.2897207367626,-5.3421889459942
-43.3437207367626,-5.3421889459942
-43.3707207367626,-5.3889542959942
-43.3437207367626,-5.4357196459942
-43.2897207367626,-5.4357196459942
-43.2762207367626,-5.3655716209942
-43.3167207367626,-5.3421889459942
-43.3572207367626,-5.3655716209942
-43.3572207367626,-5.4123369709942
-43.3167207367626,-5.4357196459942
-43.2762207367626,-5.4123369709942
-43.2357207367626,-5.3889542959942
-43.2762207367626,-5.3188062709942
-43.3572207367626,-5.3188062709942
-43.3977207367627,-5.3889542959942
-43.3572207367626,-5.4591023209942
-43.2762207367626,-5.4591023209942
-43.2492207367626,-5.3655716209942
-43.2627207367626,-5.3421889459942
-43.3032207367626,-5.3188062709942
-43.3302207367626,-5.3188062709942
-43.3707207367626,-5.3421889459942
-43.3842207367627,-5.3655716209942
-43.3842207367627,-5.4123369709942
-43.3707207367626,-5.4357196459942
-43.3302207367626,-5.4591023209942
-43.3032207367626,-5.4591023209942
-43.2627207367626,-5.4357196459942
-43.2492207367626,-5.4123369709942
-43.2087207367626,-5.3889542959942
-43.2627207367626,-5.2954235959942
-43.3707207367626,-5.2954235959942
-43.4247207367627,-5.3889542959942
-43.3707207367626,-5.4824849959942
-43.2627207367626,-5.4824849959942
-43.2222207367626,-5.3655716209942
-43.2357207367626,-5.3421889459942
-43.2492207367626,-5.3188062709942
-43.2897207367626,-5.2954235959942
-43.3167207367626,-5.2954235959942
-43.3437207367626,-5.2954235959942
-43.3842207367627,-5.3188062709942
-43.3977207367627,-5.3421889459942
-43.4112207367627,-5.3655716209942
-43.4112207367627,-5.4123369709942
-43.3977207367627,-5.4357196459942
-43.3842207367627,-5.4591023209942
-43.3437207367626,-5.4824849959942
-43.3167207367626,-5.4824849959942
-43.2897207367626,-5.4824849959942
-43.2492207367626,-5.4591023209942
-43.2357207367626,-5.4357196459942
-43.2222207367626,-5.4123369709942
-43.1817207367626,-5.3889542959942
-43.2492207367626,-5.2720409209942
-43.3842207367627,-5.2720409209942
-43.4517207367627,-5.3889542959942
-43.2492207367626,-5.5058676709942
-43.1952207367626,-5.3655716209942
-43.2087207367626,-5.3421889459942
-43.2222207367626,-5.3188062709942
-43.2357207367626,-5.2954235959942
-43.2762207367626,-5.2720409209942
-43.3032207367626,-5.2720409209942
-43.3302207367626,-5.2720409209942
-43.3572207367626,-5.2720409209942
-43.3977207367627,-5.2954235959942
-43.4112207367627,-5.3188062709942
-43.4247207367627,-5.3421889459942
-43.4382207367627,-5.3655716209942
-43.4382207367627,-5.4123369709942
-43.4247207367627,-5.4357196459942
-43.3572207367626,-5.5058676709942
-43.3302207367626,-5.5058676709942
-43.3032207367626,-5.5058676709942
-43.2762207367626,-5.5058676709942
-43.2357207367626,-5.4824849959942
-43.2222207367626,-5.4591023209942
-43.2087207367626,-5.4357196459942
-43.1952207367626,-5.4123369709942
-43.1547207367626,-5.3889542959942
-43.2357207367626,-5.2486582459942
-43.3977207367627,-5.2486582459942
-43.4787207367627,-5.3889542959942
-43.2357207367626,-5.5292503459942
-43.1682207367626,-5.3655716209942
-43.1817207367626,-5.3421889459942
-43.1952207367626,-5.3188062709942
-43.2087207367626,-5.2954235959942
-43.2222207367626,-5.2720409209942
-43.2627207367626,-5.2486582459942
-43.2897207367626,-5.2486582459942
-43.3167207367626,-5.2486582459942
-43.3437207367626,-5.2486582459942
-43.3707207367626,-5.2486582459942
-43.4112207367627,-5.2720409209942
-43.4247207367627,-5.2954235959942
-43.4382207367627,-5.3188062709942
-43.4517207367627,-5.3421889459942
-43.4652207367627,-5.3655716209942
-43.4652207367627,-5.4123369709942
-43.4517207367627,-5.4357196459942
-43.3437207367626,-5.5292503459942
-43.3167207367626,-5.5292503459942
-43.2897207367626,-5.5292503459942
-43.2627207367626,-5.5292503459942
-43.2222207367626,-5.5058676709942
-43.2087207367626,-5.4824849959942
-43.1952207367626,-5.4591023209942
-43.1817207367626,-5.4357196459942
-43.1682207367626,-5.4123369709942
-43.1277207367626,-5.3889542959942
-43.2222207367626,-5.2252755709942
-43.5057207367627,-5.3889542959942
-43.2222207367626,-5.5526330209942
-43.1412207367626,-5.3655716209942
-43.1547207367626,-5.3421889459942
-43.1682207367626,-5.3188062709942
-43.1817207367626,-5.2954235959942
-43.1952207367626,-5.2720409209942
-43.2087207367626,-5.2486582459942
-43.2492207367626,-5.2252755709942
-43.2762207367626,-5.2252755709942
-43.3032207367626,-5.2252755709942
-43.3302207367626,-5.2252755709942
-43.3572207367626,-5.2252755709942
-43.4247207367627,-5.2486582459942
-43.4517207367627,-5.2954235959942
-43.4652207367627,-5.3188062709942
-43.4787207367627,-5.3421889459942
-43.4922207367627,-5.3655716209942
-43.3302207367626,-5.5526330209942
-43.3032207367626,-5.5526330209942
-43.2762207367626,-5.5526330209942
-43.2492207367626,-5.5526330209942
-43.2087207367626,-5.5292503459942
-43.1952207367626,-5.5058676709942
-43.1817207367626,-5.4824849959942
-43.1682207367626,-5.4591023209942
-43.1547207367626,-5.4357196459942
-43.1412207367626,-5.4123369709942
-43.1007207367626,-5.3889542959942
-43.2087207367626,-5.2018928959942
-43.5327207367627,-5.3889542959942
-43.2087207367626,-5.5760156959942
-43.1142207367626,-5.3655716209942
-43.1277207367626,-5.3421889459942
-43.1952207367626,-5.2252755709942
-43.2357207367626,-5.2018928959942
-43.2627207367626,-5.2018928959942
-43.2897207367626,-5.2018928959942
-43.4787207367627,-5.2954235959942
-43.4922207367627,-5.3188062709942
-43.5057207367627,-5.3421889459942
-43.5192207367627,-5.3655716209942
-43.2627207367626,-5.5760156959942
-43.2357207367626,-5.5760156959942
-43.1952207367626,-5.5526330209942
-43.1817207367626,-5.5292503459942
-43.1682207367626,-5.5058676709942
-43.1547207367626,-5.4824849959942
-43.1412207367626,-5.4591023209942
-43.1277207367626,-5.4357196459942
-43.1142207367626,-5.4123369709942
-43.0737207367626,-5.3889542959942
-43.1952207367626,-5.1785102209942
-43.5597207367627,-5.3889542959942
-43.1952207367626,-5.5993983709942
-43.0872207367626,-5.3655716209942
-43.2222207367626,-5.1785102209942
-43.4922207367627,-5.2720409209942
-43.5057207367627,-5.2954235959942
-43.5192207367627,-5.3188062709942
-43.5327207367627,-5.3421889459942
-43.5462207367627,-5.3655716209942
-43.1817207367626,-5.5760156959942
-43.1682207367626,-5.5526330209942
-43.1547207367626,-5.5292503459942
-43.1412207367626,-5.5058676709942
-43.1277207367626,-5.4824849959942
-43.1142207367626,-5.4591023209942
-43.1007207367626,-5.4357196459942
-43.0872207367626,-5.4123369709942
-43.5192207367627,-5.2720409209942
-43.5327207367627,-5.2954235959942
-43.5462207367627,-5.3188062709942
-43.5597207367627,-5.3421889459942
-43.5732207367627,-5.3655716209942
-43.1682207367626,-5.5993983709942
-43.1547207367626,-5.5760156959942
-43.1412207367626,-5.5526330209942
-43.1277207367626,-5.5292503459942
-43.1142207367626,-5.5058676709942
-43.1007207367626,-5.4824849959942
-43.0872207367626,-5.4591023209942
-43.0737207367626,-5.4357196459942
-43.0602207367626,-5.4123369709942
-43.5462207367627,-5.2720409209942
-43.5597207367627,-5.2954235959942
-43.5732207367627,-5.3188062709942
-43.1412207367626,-5.5993983709942
-43.1277207367626,-5.5760156959942
-43.1142207367626,-5.5526330209942
-43.1007207367626,-5.5292503459942
-43.0872207367626,-5.5058676709942
-43.0737207367626,-5.4824849959942
-43.0602207367626,-5.4591023209942
-43.0467207367626,-5.4357196459942
-43.0332207367626,-5.4123369709942
-43.5597207367627,-5.2486582459942
-43.5732207367627,-5.2720409209942
-43.5867207367627,-5.2954235959942
-43.6002207367627,-5.3188062709942
-43.1142207367626,-5.5993983709942
-43.1007207367626,-5.5760156959942
-43.0872207367626,-5.5526330209942
-43.0737207367626,-5.5292503459942
-43.0602207367626,-5.5058676709942
-43.0467207367626,-5.4824849959942
-43.0332207367626,-5.4591023209942
-43.0197207367626,-5.4357196459942
-43.5867207367627,-5.2486582459942
-43.6002207367627,-5.2720409209942
-43.6137207367627,-5.2954235959942
-43.6272207367627,-5.3188062709942
-43.0872207367626,-5.5993983709942
-43.0737207367626,-5.5760156959942
-43.0602207367626,-5.5526330209942
-43.0467207367626,-5.5292503459942
-43.0332207367626,-5.5058676709942
-43.0197207367626,-5.4824849959942
-43.0062207367626,-5.4591023209942
-42.9927207367626,-5.4357196459942
-43.6137207367627,-5.2486582459942
-43.6272207367627,-5.2720409209942
-43.6407207367627,-5.2954235959942
-43.6542207367627,-5.3188062709942
-43.0467207367626,-5.5760156959942
-43.0332207367626,-5.5526330209942
-43.0197207367626,-5.5292503459942
-43.0062207367626,-5.5058676709942
-42.9927207367626,-5.4824849959942
-42.9792207367626,-5.4591023209942
-43.6542207367627,-5.2720409209942
-43.6677207367627,-5.2954235959942
-43.6812207367627,-5.3188062709942
-43.6947207367627,-5.3421889459942
-43.6677207367627,-5.2486582459942
-43.6812207367627,-5.2720409209942
-43.6947207367627,-5.2954235959942
-43.7082207367627,-5.3188062709942
-43.7217207367627,-5.3421889459942
-43.7082207367627,-5.2720409209942
-43.7217207367627,-5.2954235959942
-43.7352207367627,-5.3188062709942
-43.7217207367627,-5.2486582459942
-43.7352207367627,-5.2720409209942
-43.7487207367627,-5.2954235959942
-43.7352207367627,-5.2252755709942
-43.7487207367627,-5.2486582459942
-43.7622207367627,-5.2720409209942
-43.7757207367627,-5.2954235959942
-43.7487207367627,-5.2018928959942
-43.7622207367627,-5.2252755709942
