-44.9507565504806,-6.4537780208697
-44.9237565504806,-6.4537780208697
-44.9372565504806,-6.4303953458697
-44.9642565504806,-6.4303953458697
-44.9777565504806,-6.4537780208697
-44.9642565504806,-6.4771606958697
-44.9372565504806,-6.4771606958697
-44.8967565504806,-6.4537780208697
-44.9237565504806,-6.4070126708697
-44.9777565504806,-6.4070126708697
-45.0047565504806,-6.4537780208697
-44.9777565504806,-6.5005433708697
-44.9237565504806,-6.5005433708697
-44.9102565504806,-6.4303953458697
-44.9507565504806,-6.4070126708697
-44.9912565504806,-6.4303953458697
-44.9912565504806,-6.4771606958697
-44.9507565504806,-6.5005433708697
-44.9102565504806,-6.4771606958697
-44.8697565504806,-6.4537780208697
-44.9102565504806,-6.3836299958697
-44.9912565504806,-6.3836299958697
-45.0317565504806,-6.4537780208697
-44.9912565504806,-6.5239260458697
-44.9102565504806,-6.5239260458697
-44.8832565504806,-6.4303953458697
-44.8967565504806,-6.4070126708697
-44.9372565504806,-6.3836299958697
-44.9642565504806,-6.3836299958697
-45.0047565504806,-6.4070126708697
-45.0182565504806,-6.4303953458697
-45.0182565504806,-6.4771606958697
-45.0047565504806,-6.5005433708697
-44.9642565504806,-6.5239260458697
-44.9372565504806,-6.5239260458697
-44.8967565504806,-6.5005433708697
-44.8832565504806,-6.4771606958697
-44.8427565504806,-6.4537780208697
-44.8967565504806,-6.3602473208697
-45.0047565504806,-6.3602473208697
-45.0587565504806,-6.4537780208697
-45.0047565504806,-6.5473087208697
-44.8967565504806,-6.5473087208697
-44.8562565504806,-6.4303953458697
-44.8697565504806,-6.4070126708697
-44.8832565504806,-6.3836299958697
-44.9237565504806,-6.3602473208697
-44.9507565504806,-6.3602473208697
-44.9777565504806,-6.3602473208697
-45.0182565504806,-6.3836299958697
-45.0317565504806,-6.4070126708697
-45.0452565504806,-6.4303953458697
-45.0452565504806,-6.4771606958697
-45.0317565504806,-6.5005433708697
-45.0182565504806,-6.5239260458697
-44.9777565504806,-6.5473087208697
-44.9507565504806,-6.5473087208697
-44.9237565504806,-6.5473087208697
-44.8832565504806,-6.5239260458697
-44.8697565504806,-6.5005433708697
-44.8562565504806,-6.4771606958697
-44.8157565504806,-6.4537780208697
-44.8832565504806,-6.3368646458697
-45.0857565504806,-6.4537780208697
-45.0182565504806,-6.5706913958697
-44.8832565504806,-6.5706913958697
-44.8292565504806,-6.4303953458697
-44.8427565504806,-6.4070126708697
-44.8562565504806,-6.3836299958697
-44.8697565504806,-6.3602473208697
-44.9102565504806,-6.3368646458697
-44.9372565504806,-6.3368646458697
-45.0317565504806,-6.3602473208697
-45.0452565504806,-6.3836299958697
-45.0587565504806,-6.4070126708697
-45.0722565504806,-6.4303953458697
-45.0722565504806,-6.4771606958697
-45.0587565504806,-6.5005433708697
-45.0452565504806,-6.5239260458697
-45.0317565504806,-6.5473087208697
-44.9912565504806,-6.5706913958697
-44.9642565504806,-6.5706913958697
-44.9372565504806,-6.5706913958697
-44.9102565504806,-6.5706913958697
-44.8697565504806,-6.5473087208697
-44.8562565504806,-6.5239260458697
-44.8427565504806,-6.5005433708697
-44.8292565504806,-6.4771606958697
-44.7887565504806,-6.4537780208697
-44.8697565504806,-6.3134819708697
-45.1127565504806,-6.4537780208697
-45.0317565504806,-6.5940740708697
-44.8697565504806,-6.5940740708697
-44.8022565504806,-6.4303953458697
-44.8157565504806,-6.4070126708697
-44.8292565504806,-6.3836299958697
-44.8427565504806,-6.3602473208697
-44.8562565504806,-6.3368646458697
-44.8967565504806,-6.3134819708697
-44.9237565504806,-6.3134819708697
-45.0587565504806,-6.3602473208697
-45.0722565504806,-6.3836299958697
-45.0857565504806,-6.4070126708697
-45.0992565504806,-6.4303953458697
-45.0992565504806,-6.4771606958697
-45.0857565504806,-6.5005433708697
-45.0722565504806,-6.5239260458697
-45.0587565504806,-6.5473087208697
-45.0452565504806,-6.5706913958697
-45.0047565504806,-6.5940740708697
-44.9777565504806,-6.5940740708697
-44.9507565504806,-6.5940740708697
-44.9237565504806,-6.5940740708697
-44.8967565504806,-6.5940740708697
-44.8562565504806,-6.5706913958697
-44.8427565504806,-6.5473087208697
-44.8292565504806,-6.5239260458697
-44.8157565504806,-6.5005433708697
-44.8022565504806,-6.4771606958697
-44.7617565504806,-6.4537780208697
-44.8562565504806,-6.2900992958697
-45.1397565504806,-6.4537780208697
-45.0452565504806,-6.6174567458697
-44.8562565504806,-6.6174567458697
-44.7752565504806,-6.4303953458697
-44.7887565504806,-6.4070126708697
-44.8022565504806,-6.3836299958697
-44.8157565504806,-6.3602473208697
-44.8292565504806,-6.3368646458697
-44.8427565504806,-6.3134819708697
-44.8832565504806,-6.2900992958697
-44.9102565504806,-6.2900992958697
-45.0857565504806,-6.3602473208697
-45.0992565504806,-6.3836299958697
-45.1127565504806,-6.4070126708697
-45.1262565504806,-6.4303953458697
-45.1262565504806,-6.4771606958697
-45.1127565504806,-6.5005433708697
-45.0992565504806,-6.5239260458697
-45.0857565504806,-6.5473087208697
-45.0722565504806,-6.5706913958697
-45.0587565504806,-6.5940740708697
-45.0182565504806,-6.6174567458697
-44.9912565504806,-6.6174567458697
-44.9642565504806,-6.6174567458697
-44.9372565504806,-6.6174567458697
-44.9102565504806,-6.6174567458697
-44.8832565504806,-6.6174567458697
-44.8427565504806,-6.5940740708697
-44.8292565504806,-6.5706913958697
-44.8157565504806,-6.5473087208697
-44.8022565504806,-6.5239260458697
-44.7887565504806,-6.5005433708697
-44.7752565504806,-6.4771606958697
-44.7347565504806,-6.4537780208697
-44.8427565504806,-6.2667166208697
-45.1667565504806,-6.4537780208697
-45.0587565504806,-6.6408394208697
-44.8427565504806,-6.6408394208697
-44.7482565504806,-6.4303953458697
-44.7617565504806,-6.4070126708697
-44.7752565504806,-6.3836299958697
-44.7887565504806,-6.3602473208697
-44.8022565504806,-6.3368646458697
-44.8157565504806,-6.3134819708697
-44.8292565504806,-6.2900992958697
-44.8697565504806,-6.2667166208697
-44.8967565504806,-6.2667166208697
-45.0992565504806,-6.3368646458697
-45.1127565504806,-6.3602473208697
-45.1262565504806,-6.3836299958697
-45.1397565504806,-6.4070126708697
-45.1532565504806,-6.4303953458697
-45.1532565504806,-6.4771606958697
-45.1397565504806,-6.5005433708697
-45.1262565504806,-6.5239260458697
-45.1127565504806,-6.5473087208697
-45.0992565504806,-6.5706913958697
-45.0857565504806,-6.5940740708697
-45.0722565504806,-6.6174567458697
-45.0317565504806,-6.6408394208697
-45.0047565504806,-6.6408394208697
-44.9777565504806,-6.6408394208697
-44.9507565504806,-6.6408394208697
-44.9237565504806,-6.6408394208697
-44.8967565504806,-6.6408394208697
-44.8697565504806,-6.6408394208697
-44.8292565504806,-6.6174567458697
-44.8157565504806,-6.5940740708697
-44.8022565504806,-6.5706913958697
-44.7887565504806,-6.5473087208697
-44.7752565504806,-6.5239260458697
-44.7617565504806,-6.5005433708697
-44.7482565504806,-6.4771606958697
-44.7077565504806,-6.4537780208697
-44.8292565504806,-6.2433339458697
-45.1937565504806,-6.4537780208697
-45.0722565504806,-6.6642220958697
-44.8292565504806,-6.6642220958697
-44.7212565504806,-6.4303953458697
-44.7347565504806,-6.4070126708697
-44.7482565504806,-6.3836299958697
-44.7617565504806,-6.3602473208697
-44.7752565504806,-6.3368646458697
-44.7887565504806,-6.3134819708697
-44.8022565504806,-6.2900992958697
-44.8157565504806,-6.2667166208697
-44.8562565504806,-6.2433339458697
-44.8832565504806,-6.2433339458697
-45.1262565504806,-6.3368646458697
-45.1397565504806,-6.3602473208697
-45.1532565504806,-6.3836299958697
-45.1667565504806,-6.4070126708697
-45.1802565504806,-6.4303953458697
-45.1802565504806,-6.4771606958697
-45.1667565504806,-6.5005433708697
-45.1532565504806,-6.5239260458697
-45.1397565504806,-6.5473087208697
-45.1262565504806,-6.5706913958697
-45.1127565504806,-6.5940740708697
-45.0992565504806,-6.6174567458697
-45.0857565504806,-6.6408394208697
-45.0452565504806,-6.6642220958697
-45.0182565504806,-6.6642220958697
-44.9912565504806,-6.6642220958697
-44.9642565504806,-6.6642220958697
-44.9372565504806,-6.6642220958697
-44.9102565504806,-6.6642220958697
-44.8832565504806,-6.6642220958697
-44.8562565504806,-6.6642220958697
-44.8157565504806,-6.6408394208697
-44.8022565504806,-6.6174567458697
-44.7887565504806,-6.5940740708697
-44.7752565504806,-6.5706913958697
-44.7617565504806,-6.5473087208697
-44.7482565504806,-6.5239260458697
-44.7347565504806,-6.5005433708697
-44.7212565504806,-6.4771606958697
-44.6807565504806,-6.4537780208697
-44.8157565504806,-6.2199512708697
-45.2207565504806,-6.4537780208697
-45.0857565504806,-6.6876047708697
-44.8157565504806,-6.6876047708697
-44.6942565504806,-6.4303953458697
-44.7077565504806,-6.4070126708697
-44.7212565504806,-6.3836299958697
-44.7347565504806,-6.3602473208697
-44.7482565504806,-6.3368646458697
-44.7617565504806,-6.3134819708697
-44.7752565504806,-6.2900992958697
-44.7887565504806,-6.2667166208697
-44.8022565504806,-6.2433339458697
-44.8427565504806,-6.2199512708697
-44.8697565504806,-6.2199512708697
-45.1397565504806,-6.3134819708697
-45.1532565504806,-6.3368646458697
-45.1667565504806,-6.3602473208697
-45.1802565504806,-6.3836299958697
-45.1937565504806,-6.4070126708697
-45.2072565504806,-6.4303953458697
-45.2072565504806,-6.4771606958697
-45.1937565504806,-6.5005433708697
-45.1802565504806,-6.5239260458697
-45.1667565504806,-6.5473087208697
-45.1532565504806,-6.5706913958697
-45.1397565504806,-6.5940740708697
-45.1262565504806,-6.6174567458697
-45.1127565504806,-6.6408394208697
-45.0992565504806,-6.6642220958697
-45.0587565504806,-6.6876047708697
-45.0317565504806,-6.6876047708697
-45.0047565504806,-6.6876047708697
-44.9777565504806,-6.6876047708697
-44.9507565504806,-6.6876047708697
-44.9237565504806,-6.6876047708697
-44.8967565504806,-6.6876047708697
-44.8697565504806,-6.6876047708697
-44.8427565504806,-6.6876047708697
-44.8022565504806,-6.6642220958697
-44.7887565504806,-6.6408394208697
-44.7752565504806,-6.6174567458697
-44.7617565504806,-6.5940740708697
-44.7482565504806,-6.5706913958697
-44.7347565504806,-6.5473087208697
-44.7212565504806,-6.5239260458697
-44.7077565504806,-6.5005433708697
-44.6942565504806,-6.4771606958697
-44.6537565504806,-6.4537780208697
-44.8022565504806,-6.1965685958697
-45.2477565504806,-6.4537780208697
-45.0992565504806,-6.7109874458697
-44.6672565504806,-6.4303953458697
-44.6807565504806,-6.4070126708697
-44.6942565504806,-6.3836299958697
-44.7077565504806,-6.3602473208697
-44.7212565504806,-6.3368646458697
-44.7347565504806,-6.3134819708697
-44.7482565504806,-6.2900992958697
-44.7617565504806,-6.2667166208697
-44.7752565504806,-6.2433339458697
-44.7887565504806,-6.2199512708697
-44.8292565504806,-6.1965685958697
-44.8562565504806,-6.1965685958697
-45.1667565504806,-6.3134819708697
-45.1802565504806,-6.3368646458697
-45.1937565504806,-6.3602473208697
-45.2072565504806,-6.3836299958697
-45.2207565504806,-6.4070126708697
-45.2342565504806,-6.4303953458697
-45.2342565504806,-6.4771606958697
-45.2207565504806,-6.5005433708697
-45.2072565504806,-6.5239260458697
-45.1937565504806,-6.5473087208697
-45.1802565504806,-6.5706913958697
-45.1667565504806,-6.5940740708697
-45.1532565504806,-6.6174567458697
-45.1397565504806,-6.6408394208697
-45.1262565504806,-6.6642220958697
-45.1127565504806,-6.6876047708697
-45.0722565504806,-6.7109874458697
-45.0452565504806,-6.7109874458697
-45.0182565504806,-6.7109874458697
-44.9912565504806,-6.7109874458697
-44.9642565504806,-6.7109874458697
-44.9372565504806,-6.7109874458697
-44.7887565504806,-6.6876047708697
-44.7752565504806,-6.6642220958697
-44.7617565504806,-6.6408394208697
-44.7482565504806,-6.6174567458697
-44.7347565504806,-6.5940740708697
-44.7212565504806,-6.5706913958697
-44.7077565504806,-6.5473087208697
-44.6942565504806,-6.5239260458697
-44.6807565504806,-6.5005433708697
-44.6672565504806,-6.4771606958697
-44.6267565504806,-6.4537780208697
-44.7887565504806,-6.1731859208697
-45.2747565504806,-6.4537780208697
-45.1127565504806,-6.7343701208697
-44.6402565504806,-6.4303953458697
-44.6537565504806,-6.4070126708697
-44.6672565504806,-6.3836299958697
-44.6807565504806,-6.3602473208697
-44.6942565504806,-6.3368646458697
-44.7077565504806,-6.3134819708697
-44.7212565504806,-6.2900992958697
-44.7347565504806,-6.2667166208697
-44.7482565504806,-6.2433339458697
-44.7617565504806,-6.2199512708697
-44.7752565504806,-6.1965685958697
-44.8157565504806,-6.1731859208697
-44.8427565504806,-6.1731859208697
-45.2072565504806,-6.3368646458697
-45.2207565504806,-6.3602473208697
-45.2342565504806,-6.3836299958697
-45.2477565504806,-6.4070126708697
-45.2612565504806,-6.4303953458697
-45.2612565504806,-6.4771606958697
-45.2477565504806,-6.5005433708697
-45.2342565504806,-6.5239260458697
-45.2207565504806,-6.5473087208697
-45.2072565504806,-6.5706913958697
-45.1937565504806,-6.5940740708697
-45.1802565504806,-6.6174567458697
-45.1667565504806,-6.6408394208697
-45.1532565504806,-6.6642220958697
-45.1397565504806,-6.6876047708697
-45.1262565504806,-6.7109874458697
-45.0857565504806,-6.7343701208697
-45.0587565504806,-6.7343701208697
-45.0317565504806,-6.7343701208697
-44.7752565504806,-6.7109874458697
-44.7617565504806,-6.6876047708697
-44.7482565504806,-6.6642220958697
-44.7347565504806,-6.6408394208697
-44.7212565504806,-6.6174567458697
-44.7077565504806,-6.5940740708697
-44.6942565504806,-6.5706913958697
-44.6807565504806,-6.5473087208697
-44.6672565504806,-6.5239260458697
-44.6537565504806,-6.5005433708697
-44.6402565504806,-6.4771606958697
-44.5997565504806,-6.4537780208697
-44.7752565504806,-6.1498032458697
-45.3017565504806,-6.4537780208697
-45.1262565504806,-6.7577527958697
-44.6132565504806,-6.4303953458697
-44.6267565504806,-6.4070126708697
-44.6402565504806,-6.3836299958697
-44.6537565504806,-6.3602473208697
-44.6672565504806,-6.3368646458697
-44.6807565504806,-6.3134819708697
-44.6942565504806,-6.2900992958697
-44.7077565504806,-6.2667166208697
-44.7212565504806,-6.2433339458697
-44.7347565504806,-6.2199512708697
-44.7482565504806,-6.1965685958697
-44.7617565504806,-6.1731859208697
-44.8022565504806,-6.1498032458697
-44.8292565504806,-6.1498032458697
-45.2342565504806,-6.3368646458697
-45.2477565504806,-6.3602473208697
-45.2612565504806,-6.3836299958697
-45.2747565504806,-6.4070126708697
-45.2882565504806,-6.4303953458697
-45.2882565504806,-6.4771606958697
-45.2747565504806,-6.5005433708697
-45.2612565504806,-6.5239260458697
-45.2477565504806,-6.5473087208697
-45.2342565504806,-6.5706913958697
-45.2207565504806,-6.5940740708697
-45.2072565504806,-6.6174567458697
-45.1937565504806,-6.6408394208697
-45.1802565504806,-6.6642220958697
-45.1667565504806,-6.6876047708697
-45.1532565504806,-6.7109874458697
-45.1397565504806,-6.7343701208697
-45.0992565504806,-6.7577527958697
-45.0722565504806,-6.7577527958697
-44.7482565504806,-6.7109874458697
-44.7347565504806,-6.6876047708697
-44.7212565504806,-6.6642220958697
-44.7077565504806,-6.6408394208697
-44.6942565504806,-6.6174567458697
-44.6807565504806,-6.5940740708697
-44.6672565504806,-6.5706913958697
-44.6537565504806,-6.5473087208697
-44.6402565504806,-6.5239260458697
-44.6267565504806,-6.5005433708697
-44.6132565504806,-6.4771606958697
-44.5727565504806,-6.4537780208697
-44.7617565504806,-6.1264205708697
-45.3287565504806,-6.4537780208697
-45.1397565504806,-6.7811354708697
-44.5862565504806,-6.4303953458697
-44.5997565504806,-6.4070126708697
-44.6132565504806,-6.3836299958697
-44.6267565504806,-6.3602473208697
-44.6402565504806,-6.3368646458697
-44.6537565504806,-6.3134819708697
-44.6672565504806,-6.2900992958697
-44.6807565504806,-6.2667166208697
-44.6942565504806,-6.2433339458697
-44.7077565504806,-6.2199512708697
-44.7212565504806,-6.1965685958697
-44.7347565504806,-6.1731859208697
-44.7482565504806,-6.1498032458697
-44.7887565504806,-6.1264205708697
-44.8157565504806,-6.1264205708697
-45.2882565504806,-6.3836299958697
-45.3017565504806,-6.4070126708697
-45.3152565504806,-6.4303953458697
-45.3152565504806,-6.4771606958697
-45.3017565504806,-6.5005433708697
-45.2882565504806,-6.5239260458697
-45.2747565504806,-6.5473087208697
-45.2612565504806,-6.5706913958697
-45.2477565504806,-6.5940740708697
-45.2342565504806,-6.6174567458697
-45.2207565504806,-6.6408394208697
-45.2072565504806,-6.6642220958697
-45.1937565504806,-6.6876047708697
-45.1802565504806,-6.7109874458697
-45.1667565504806,-6.7343701208697
-45.1532565504806,-6.7577527958697
-45.1127565504806,-6.7811354708697
-45.0857565504806,-6.7811354708697
-44.7077565504806,-6.6876047708697
-44.6942565504806,-6.6642220958697
-44.6807565504806,-6.6408394208697
-44.6672565504806,-6.6174567458697
-44.6537565504806,-6.5940740708697
-44.6402565504806,-6.5706913958697
-44.6267565504806,-6.5473087208697
-44.6132565504806,-6.5239260458697
-44.5997565504806,-6.5005433708697
-44.5862565504806,-6.4771606958697
-44.5457565504806,-6.4537780208697
-44.7482565504806,-6.1030378958697
-45.3557565504806,-6.4537780208697
-45.1532565504806,-6.8045181458697
-44.5592565504806,-6.4303953458697
-44.5727565504806,-6.4070126708697
-44.5862565504806,-6.3836299958697
-44.5997565504806,-6.3602473208697
-44.6132565504806,-6.3368646458697
-44.6267565504806,-6.3134819708697
-44.6402565504806,-6.2900992958697
-44.6537565504806,-6.2667166208697
-44.6672565504806,-6.2433339458697
-44.6807565504806,-6.2199512708697
-44.6942565504806,-6.1965685958697
-44.7077565504806,-6.1731859208697
-44.7212565504806,-6.1498032458697
-44.7347565504806,-6.1264205708697
-45.3287565504806,-6.4070126708697
-45.3422565504806,-6.4303953458697
-45.3422565504806,-6.4771606958697
-45.3287565504806,-6.5005433708697
-45.3152565504806,-6.5239260458697
-45.3017565504806,-6.5473087208697
-45.2882565504806,-6.5706913958697
-45.2747565504806,-6.5940740708697
-45.2612565504806,-6.6174567458697
-45.2477565504806,-6.6408394208697
-45.2342565504806,-6.6642220958697
-45.2207565504806,-6.6876047708697
-45.2072565504806,-6.7109874458697
-45.1937565504806,-6.7343701208697
-45.1802565504806,-6.7577527958697
-45.1667565504806,-6.7811354708697
-45.1262565504806,-6.8045181458697
-44.6807565504806,-6.6876047708697
-44.6672565504806,-6.6642220958697
-44.6537565504806,-6.6408394208697
-44.6402565504806,-6.6174567458697
-44.6267565504806,-6.5940740708697
-44.6132565504806,-6.5706913958697
-44.5997565504806,-6.5473087208697
-44.5862565504806,-6.5239260458697
-44.5727565504806,-6.5005433708697
-44.5592565504806,-6.4771606958697
-44.5187565504806,-6.4537780208697
-45.3827565504806,-6.4537780208697
-44.5322565504806,-6.4303953458697
-44.5457565504806,-6.4070126708697
-44.5592565504806,-6.3836299958697
-44.5727565504806,-6.3602473208697
-44.5862565504806,-6.3368646458697
-44.5997565504806,-6.3134819708697
-44.6132565504806,-6.2900992958697
-44.6267565504806,-6.2667166208697
-44.6402565504806,-6.2433339458697
-44.6537565504806,-6.2199512708697
-44.6672565504806,-6.1965685958697
-44.6807565504806,-6.1731859208697
-44.6942565504806,-6.1498032458697
-44.7077565504806,-6.1264205708697
-44.7212565504806,-6.1030378958697
-45.3692565504806,-6.4303953458697
-45.3692565504806,-6.4771606958697
-45.3557565504806,-6.5005433708697
-45.3422565504806,-6.5239260458697
-45.3287565504806,-6.5473087208697
-45.3152565504806,-6.5706913958697
-45.3017565504806,-6.5940740708697
-45.2882565504806,-6.6174567458697
-45.2747565504806,-6.6408394208697
-45.2612565504806,-6.6642220958697
-45.2477565504806,-6.6876047708697
-45.2342565504806,-6.7109874458697
-45.2207565504806,-6.7343701208697
-45.2072565504806,-6.7577527958697
-45.1937565504806,-6.7811354708697
-44.6537565504806,-6.6876047708697
-44.6402565504806,-6.6642220958697
-44.6267565504806,-6.6408394208697
-44.6132565504806,-6.6174567458697
-44.5997565504806,-6.5940740708697
-44.5862565504806,-6.5706913958697
-44.5727565504806,-6.5473087208697
-44.5592565504806,-6.5239260458697
-44.5457565504806,-6.5005433708697
-44.5322565504806,-6.4771606958697
-44.4917565504806,-6.4537780208697
-45.4097565504806,-6.4537780208697
-44.5052565504806,-6.4303953458697
-44.5187565504806,-6.4070126708697
-44.5322565504806,-6.3836299958697
-44.5457565504806,-6.3602473208697
-44.5592565504806,-6.3368646458697
-44.5727565504806,-6.3134819708697
-44.5862565504806,-6.2900992958697
-44.5997565504806,-6.2667166208697
-44.6132565504806,-6.2433339458697
-44.6267565504806,-6.2199512708697
-44.6402565504806,-6.1965685958697
-44.6537565504806,-6.1731859208697
-44.6672565504806,-6.1498032458697
-44.6807565504806,-6.1264205708697
-44.6942565504806,-6.1030378958697
-44.7077565504806,-6.0796552208697
-45.3962565504806,-6.4771606958697
-45.3827565504806,-6.5005433708697
-45.3692565504806,-6.5239260458697
-45.3557565504806,-6.5473087208697
-45.3422565504806,-6.5706913958697
-45.3287565504806,-6.5940740708697
-45.3152565504806,-6.6174567458697
-45.3017565504806,-6.6408394208697
-45.2882565504806,-6.6642220958697
-45.2747565504806,-6.6876047708697
-45.2612565504806,-6.7109874458697
-45.2477565504806,-6.7343701208697
-45.2342565504806,-6.7577527958697
-45.2207565504806,-6.7811354708697
-44.5997565504806,-6.6408394208697
-44.5862565504806,-6.6174567458697
-44.5727565504806,-6.5940740708697
-44.5592565504806,-6.5706913958697
-44.5457565504806,-6.5473087208697
-44.5322565504806,-6.5239260458697
-44.5187565504806,-6.5005433708697
-44.5052565504806,-6.4771606958697
-44.4647565504806,-6.4537780208697
-45.4367565504806,-6.4537780208697
-44.4782565504806,-6.4303953458697
-44.4917565504806,-6.4070126708697
-44.5052565504806,-6.3836299958697
-44.5187565504806,-6.3602473208697
-44.5322565504806,-6.3368646458697
-44.5457565504806,-6.3134819708697
-44.5592565504806,-6.2900992958697
-44.5727565504806,-6.2667166208697
-44.5862565504806,-6.2433339458697
-44.5997565504806,-6.2199512708697
-44.6132565504806,-6.1965685958697
-44.6267565504806,-6.1731859208697
-44.6402565504806,-6.1498032458697
-44.6537565504806,-6.1264205708697
-44.6672565504806,-6.1030378958697
-44.6807565504806,-6.0796552208697
-45.4232565504806,-6.4303953458697
-45.4232565504806,-6.4771606958697
-45.4097565504806,-6.5005433708697
-45.3962565504806,-6.5239260458697
-45.3827565504806,-6.5473087208697
-45.3692565504806,-6.5706913958697
-45.3557565504806,-6.5940740708697
-45.3422565504806,-6.6174567458697
-45.3287565504806,-6.6408394208697
-45.3152565504806,-6.6642220958697
-45.3017565504806,-6.6876047708697
-45.2882565504806,-6.7109874458697
-45.2747565504806,-6.7343701208697
-45.2612565504806,-6.7577527958697
-45.2477565504806,-6.7811354708697
-44.5457565504806,-6.5940740708697
-44.5322565504806,-6.5706913958697
-44.5187565504806,-6.5473087208697
-44.5052565504806,-6.5239260458697
-44.4917565504806,-6.5005433708697
-44.4782565504806,-6.4771606958697
-44.4377565504806,-6.4537780208697
-45.4637565504806,-6.4537780208697
-44.4512565504806,-6.4303953458697
-44.4647565504806,-6.4070126708697
-44.4782565504806,-6.3836299958697
-44.4917565504806,-6.3602473208697
-44.5052565504806,-6.3368646458697
-44.5187565504806,-6.3134819708697
-44.5322565504806,-6.2900992958697
-44.5457565504806,-6.2667166208697
-44.5592565504806,-6.2433339458697
-44.5727565504806,-6.2199512708697
-44.5862565504806,-6.1965685958697
-44.5997565504806,-6.1731859208697
-44.6132565504806,-6.1498032458697
-44.6267565504806,-6.1264205708697
-44.6402565504806,-6.1030378958697
-44.6537565504806,-6.0796552208697
-44.6672565504806,-6.0562725458697
-45.4502565504806,-6.4303953458697
-45.4502565504806,-6.4771606958697
-45.4367565504806,-6.5005433708697
-45.4232565504806,-6.5239260458697
-45.4097565504806,-6.5473087208697
-45.3962565504806,-6.5706913958697
-45.3827565504806,-6.5940740708697
-45.3692565504806,-6.6174567458697
-45.3557565504806,-6.6408394208697
-45.3422565504806,-6.6642220958697
-45.3287565504806,-6.6876047708697
-45.3152565504806,-6.7109874458697
-45.3017565504806,-6.7343701208697
-45.2882565504806,-6.7577527958697
-45.2747565504806,-6.7811354708697
-44.4917565504806,-6.5473087208697
-44.4782565504806,-6.5239260458697
-44.4647565504806,-6.5005433708697
-44.4512565504806,-6.4771606958697
-44.4107565504806,-6.4537780208697
-45.4907565504806,-6.4537780208697
-44.4242565504806,-6.4303953458697
-44.4377565504806,-6.4070126708697
-44.4512565504806,-6.3836299958697
-44.4647565504806,-6.3602473208697
-44.4782565504806,-6.3368646458697
-44.4917565504806,-6.3134819708697
-44.5052565504806,-6.2900992958697
-44.5187565504806,-6.2667166208697
-44.5322565504806,-6.2433339458697
-44.5457565504806,-6.2199512708697
-44.5592565504806,-6.1965685958697
-44.5727565504806,-6.1731859208697
-44.5862565504806,-6.1498032458697
-44.5997565504806,-6.1264205708697
-44.6132565504806,-6.1030378958697
-44.6267565504806,-6.0796552208697
-44.6402565504806,-6.0562725458697
-45.4772565504806,-6.4303953458697
-45.4772565504806,-6.4771606958697
-45.4637565504806,-6.5005433708697
-45.4502565504806,-6.5239260458697
-45.4367565504806,-6.5473087208697
-45.4232565504806,-6.5706913958697
-45.4097565504806,-6.5940740708697
-45.3962565504806,-6.6174567458697
-45.3827565504806,-6.6408394208697
-45.3692565504806,-6.6642220958697
-45.3557565504806,-6.6876047708697
-45.3422565504806,-6.7109874458697
-45.3287565504806,-6.7343701208697
-45.3152565504806,-6.7577527958697
-45.3017565504806,-6.7811354708697
-44.4377565504806,-6.5005433708697
-44.4242565504806,-6.4771606958697
-45.5177565504806,-6.4537780208697
-44.3972565504806,-6.4303953458697
-44.4107565504806,-6.4070126708697
-44.4242565504806,-6.3836299958697
-44.4377565504806,-6.3602473208697
-44.4512565504806,-6.3368646458697
-44.4647565504806,-6.3134819708697
-44.4782565504806,-6.2900992958697
-44.4917565504806,-6.2667166208697
-44.5052565504806,-6.2433339458697
-44.5187565504806,-6.2199512708697
-44.5322565504806,-6.1965685958697
-44.5457565504806,-6.1731859208697
-44.5592565504806,-6.1498032458697
-44.5727565504806,-6.1264205708697
-44.5862565504806,-6.1030378958697
-44.5997565504806,-6.0796552208697
-44.6132565504806,-6.0562725458697
-44.6267565504806,-6.0328898708697
-45.5042565504806,-6.4303953458697
-45.5042565504806,-6.4771606958697
-45.4907565504806,-6.5005433708697
-45.4772565504806,-6.5239260458697
-45.4637565504806,-6.5473087208697
-45.4502565504806,-6.5706913958697
-45.4367565504806,-6.5940740708697
-45.4232565504806,-6.6174567458697
-45.4097565504806,-6.6408394208697
-45.3962565504806,-6.6642220958697
-45.3827565504806,-6.6876047708697
-45.3692565504806,-6.7109874458697
-45.3557565504806,-6.7343701208697
-45.3422565504806,-6.7577527958697
-45.5447565504806,-6.4537780208697
-44.3702565504806,-6.4303953458697
-44.3837565504806,-6.4070126708697
-44.3972565504806,-6.3836299958697
-44.4107565504806,-6.3602473208697
-44.4242565504806,-6.3368646458697
-44.4377565504806,-6.3134819708697
-44.4512565504806,-6.2900992958697
-44.4647565504806,-6.2667166208697
-44.4782565504806,-6.2433339458697
-44.4917565504806,-6.2199512708697
-44.5052565504806,-6.1965685958697
-44.5187565504806,-6.1731859208697
-44.5322565504806,-6.1498032458697
-44.5457565504806,-6.1264205708697
-44.5592565504806,-6.1030378958697
-44.5727565504806,-6.0796552208697
-44.5862565504806,-6.0562725458697
-44.5997565504806,-6.0328898708697
-45.5312565504806,-6.4771606958697
-45.5177565504806,-6.5005433708697
-45.5042565504806,-6.5239260458697
-45.4907565504806,-6.5473087208697
-45.4772565504806,-6.5706913958697
-45.4637565504806,-6.5940740708697
-45.4502565504806,-6.6174567458697
-45.4367565504806,-6.6408394208697
-45.4232565504806,-6.6642220958697
-45.4097565504806,-6.6876047708697
-45.3962565504806,-6.7109874458697
-45.3827565504806,-6.7343701208697
-45.5717565504806,-6.4537780208697
-44.3567565504806,-6.4070126708697
-44.3702565504806,-6.3836299958697
-44.3837565504806,-6.3602473208697
-44.3972565504806,-6.3368646458697
-44.4107565504806,-6.3134819708697
-44.4242565504806,-6.2900992958697
-44.4377565504806,-6.2667166208697
-44.4512565504806,-6.2433339458697
-44.4647565504806,-6.2199512708697
-44.4782565504806,-6.1965685958697
-44.4917565504806,-6.1731859208697
-44.5052565504806,-6.1498032458697
-44.5187565504806,-6.1264205708697
-44.5322565504806,-6.1030378958697
-44.5457565504806,-6.0796552208697
-44.5592565504806,-6.0562725458697
-44.5727565504806,-6.0328898708697
-44.5862565504806,-6.0095071958697
-45.5582565504806,-6.4771606958697
-45.5447565504806,-6.5005433708697
-45.5312565504806,-6.5239260458697
-45.5177565504806,-6.5473087208697
-45.5042565504806,-6.5706913958697
-45.4907565504806,-6.5940740708697
-45.4772565504806,-6.6174567458697
-45.4637565504806,-6.6408394208697
-45.4502565504806,-6.6642220958697
-45.4367565504806,-6.6876047708697
-45.4232565504806,-6.7109874458697
-45.4097565504806,-6.7343701208697
-45.3962565504806,-6.7577527958697
-44.3432565504806,-6.3836299958697
-44.3567565504806,-6.3602473208697
-44.3702565504806,-6.3368646458697
-44.3837565504806,-6.3134819708697
-44.3972565504806,-6.2900992958697
-44.4107565504806,-6.2667166208697
-44.4242565504806,-6.2433339458697
-44.4377565504806,-6.2199512708697
-44.4512565504806,-6.1965685958697
-44.4647565504806,-6.1731859208697
-44.4782565504806,-6.1498032458697
-44.4917565504806,-6.1264205708697
-44.5052565504806,-6.1030378958697
-44.5187565504806,-6.0796552208697
-44.5322565504806,-6.0562725458697
-44.5457565504806,-6.0328898708697
-44.5592565504806,-6.0095071958697
-45.5852565504806,-6.4771606958697
-45.5717565504806,-6.5005433708697
-45.5582565504806,-6.5239260458697
-45.5447565504806,-6.5473087208697
-45.5312565504806,-6.5706913958697
-45.5177565504806,-6.5940740708697
-45.5042565504806,-6.6174567458697
-45.4907565504806,-6.6408394208697
-45.4772565504806,-6.6642220958697
-45.4637565504806,-6.6876047708697
-45.4502565504806,-6.7109874458697
-45.4367565504806,-6.7343701208697
-45.4232565504806,-6.7577527958697
-44.3162565504806,-6.3836299958697
-44.3297565504806,-6.3602473208697
-44.3432565504806,-6.3368646458697
-44.3567565504806,-6.3134819708697
-44.3702565504806,-6.2900992958697
-44.3837565504806,-6.2667166208697
-44.3972565504806,-6.2433339458697
-44.4107565504806,-6.2199512708697
-44.4242565504806,-6.1965685958697
-44.4377565504806,-6.1731859208697
-44.4512565504806,-6.1498032458697
-44.4647565504806,-6.1264205708697
-44.4782565504806,-6.1030378958697
-44.4917565504806,-6.0796552208697
-44.5052565504806,-6.0562725458697
-44.5187565504806,-6.0328898708697
-44.5322565504806,-6.0095071958697
-45.6122565504806,-6.4771606958697
-45.5987565504806,-6.5005433708697
-45.5852565504806,-6.5239260458697
-45.5717565504806,-6.5473087208697
-45.5582565504806,-6.5706913958697
-45.5447565504806,-6.5940740708697
-45.5312565504806,-6.6174567458697
-45.5177565504806,-6.6408394208697
-45.5042565504806,-6.6642220958697
-45.4907565504806,-6.6876047708697
-45.4772565504806,-6.7109874458697
-45.4637565504806,-6.7343701208697
-45.4502565504806,-6.7577527958697
-44.3027565504806,-6.3602473208697
-44.3162565504806,-6.3368646458697
-44.3297565504806,-6.3134819708697
-44.3432565504806,-6.2900992958697
-44.3567565504806,-6.2667166208697
-44.3702565504806,-6.2433339458697
-44.3837565504806,-6.2199512708697
-44.3972565504806,-6.1965685958697
-44.4107565504806,-6.1731859208697
-44.4242565504806,-6.1498032458697
-44.4377565504806,-6.1264205708697
-44.4512565504806,-6.1030378958697
-44.4647565504806,-6.0796552208697
-44.4782565504806,-6.0562725458697
-44.4917565504806,-6.0328898708697
-44.5052565504806,-6.0095071958697
-45.6392565504806,-6.4771606958697
-45.6257565504806,-6.5005433708697
-45.6122565504806,-6.5239260458697
-45.5987565504806,-6.5473087208697
-45.5852565504806,-6.5706913958697
-45.5717565504806,-6.5940740708697
-45.5582565504806,-6.6174567458697
-45.5447565504806,-6.6408394208697
-45.5312565504806,-6.6642220958697
-45.5177565504806,-6.6876047708697
-45.5042565504806,-6.7109874458697
-45.4907565504806,-6.7343701208697
-45.4772565504806,-6.7577527958697
-45.4637565504806,-6.7811354708697
-44.2892565504806,-6.3368646458697
-44.3027565504806,-6.3134819708697
-44.3162565504806,-6.2900992958697
-44.3297565504806,-6.2667166208697
-44.3432565504806,-6.2433339458697
-44.3567565504806,-6.2199512708697
-44.3702565504806,-6.1965685958697
-44.3837565504806,-6.1731859208697
-44.3972565504806,-6.1498032458697
-44.4107565504806,-6.1264205708697
-44.4242565504806,-6.1030378958697
-44.4377565504806,-6.0796552208697
-44.4512565504806,-6.0562725458697
-44.4647565504806,-6.0328898708697
-44.4782565504806,-6.0095071958697
-44.4917565504806,-5.9861245208697
-45.6662565504806,-6.4771606958697
-45.6527565504806,-6.5005433708697
-45.6392565504806,-6.5239260458697
-45.6257565504806,-6.5473087208697
-45.6122565504806,-6.5706913958697
-45.5987565504806,-6.5940740708697
-45.5852565504806,-6.6174567458697
-45.5717565504806,-6.6408394208697
-45.5582565504806,-6.6642220958697
-45.5447565504806,-6.6876047708697
-45.5312565504806,-6.7109874458697
-45.5177565504806,-6.7343701208697
-45.5042565504806,-6.7577527958697
-45.4907565504806,-6.7811354708697
-44.2622565504806,-6.3368646458697
-44.2757565504806,-6.3134819708697
-44.2892565504806,-6.2900992958697
-44.3027565504806,-6.2667166208697
-44.3162565504806,-6.2433339458697
-44.3297565504806,-6.2199512708697
-44.3432565504806,-6.1965685958697
-44.3567565504806,-6.1731859208697
-44.3702565504806,-6.1498032458697
-44.3837565504806,-6.1264205708697
-44.3972565504806,-6.1030378958697
-44.4107565504806,-6.0796552208697
-44.4242565504806,-6.0562725458697
-44.4377565504806,-6.0328898708697
-44.4512565504806,-6.0095071958697
-45.6932565504806,-6.4771606958697
-45.6797565504806,-6.5005433708697
-45.6662565504806,-6.5239260458697
-45.6527565504806,-6.5473087208697
-45.6392565504806,-6.5706913958697
-45.6257565504806,-6.5940740708697
-45.6122565504806,-6.6174567458697
-45.5987565504806,-6.6408394208697
-45.5852565504806,-6.6642220958697
-45.5717565504806,-6.6876047708697
-45.5582565504806,-6.7109874458697
-45.5447565504806,-6.7343701208697
-45.5312565504806,-6.7577527958697
-45.5177565504806,-6.7811354708697
-44.2487565504806,-6.3134819708697
-44.2622565504806,-6.2900992958697
-44.2757565504806,-6.2667166208697
-44.2892565504806,-6.2433339458697
-44.3027565504806,-6.2199512708697
-44.3162565504806,-6.1965685958697
-44.3297565504806,-6.1731859208697
-44.3432565504806,-6.1498032458697
-44.3567565504806,-6.1264205708697
-44.3702565504806,-6.1030378958697
-44.3837565504806,-6.0796552208697
-44.3972565504806,-6.0562725458697
-44.4107565504806,-6.0328898708697
-45.7067565504806,-6.5005433708697
-45.6932565504806,-6.5239260458697
-45.6797565504806,-6.5473087208697
-45.6662565504806,-6.5706913958697
-45.6527565504806,-6.5940740708697
-45.6392565504806,-6.6174567458697
-45.6257565504806,-6.6408394208697
-45.6122565504806,-6.6642220958697
-45.5987565504806,-6.6876047708697
-45.5852565504806,-6.7109874458697
-45.5717565504806,-6.7343701208697
-45.5582565504806,-6.7577527958697
-45.5447565504806,-6.7811354708697
-45.5312565504806,-6.8045181458697
-44.2352565504806,-6.2900992958697
-44.2487565504806,-6.2667166208697
-44.2622565504806,-6.2433339458697
-44.2757565504806,-6.2199512708697
-44.2892565504806,-6.1965685958697
-44.3027565504806,-6.1731859208697
-44.3162565504806,-6.1498032458697
-44.3297565504806,-6.1264205708697
-44.3432565504806,-6.1030378958697
-44.3567565504806,-6.0796552208697
-44.3702565504806,-6.0562725458697
-44.3837565504806,-6.0328898708697
-45.7202565504806,-6.5239260458697
-45.7067565504806,-6.5473087208697
-45.6932565504806,-6.5706913958697
-45.6797565504806,-6.5940740708697
-45.6662565504806,-6.6174567458697
-45.6527565504806,-6.6408394208697
-45.6392565504806,-6.6642220958697
-45.6257565504806,-6.6876047708697
-45.6122565504806,-6.7109874458697
-45.5987565504806,-6.7343701208697
-45.5852565504806,-6.7577527958697
-45.5717565504806,-6.7811354708697
-45.5582565504806,-6.8045181458697
-44.2217565504806,-6.2667166208697
-44.2352565504806,-6.2433339458697
-44.2487565504806,-6.2199512708697
-44.2622565504806,-6.1965685958697
-44.2757565504806,-6.1731859208697
-44.2892565504806,-6.1498032458697
-44.3027565504806,-6.1264205708697
-44.3162565504806,-6.1030378958697
-44.3297565504806,-6.0796552208697
-44.3432565504806,-6.0562725458697
-44.3567565504806,-6.0328898708697
-44.3702565504806,-6.0095071958697
-45.7337565504806,-6.5473087208697
-45.7202565504806,-6.5706913958697
-45.7067565504806,-6.5940740708697
-45.6932565504806,-6.6174567458697
-45.6797565504806,-6.6408394208697
-45.6662565504806,-6.6642220958697
-45.6527565504806,-6.6876047708697
-45.6392565504806,-6.7109874458697
-45.6257565504806,-6.7343701208697
-45.6122565504806,-6.7577527958697
-45.5987565504806,-6.7811354708697
-45.5852565504806,-6.8045181458697
-44.1947565504806,-6.2667166208697
-44.2082565504806,-6.2433339458697
-44.2217565504806,-6.2199512708697
-44.2352565504806,-6.1965685958697
-44.2487565504806,-6.1731859208697
-44.2622565504806,-6.1498032458697
-44.2757565504806,-6.1264205708697
-44.2892565504806,-6.1030378958697
-44.3027565504806,-6.0796552208697
-44.3162565504806,-6.0562725458697
-44.3297565504806,-6.0328898708697
-45.7472565504806,-6.5706913958697
-45.7337565504806,-6.5940740708697
-45.7202565504806,-6.6174567458697
-45.7067565504806,-6.6408394208697
-45.6932565504806,-6.6642220958697
-45.6797565504806,-6.6876047708697
-45.6662565504806,-6.7109874458697
-45.6527565504806,-6.7343701208697
-45.6392565504806,-6.7577527958697
-45.6257565504806,-6.7811354708697
-44.1812565504806,-6.2433339458697
-45.7607565504807,-6.5940740708697
-45.7472565504806,-6.6174567458697
-45.7337565504806,-6.6408394208697
-45.7202565504806,-6.6642220958697
-45.7067565504806,-6.6876047708697
-45.6932565504806,-6.7109874458697
-45.7877565504807,-6.5940740708697
-45.7742565504807,-6.6174567458697
-45.7607565504807,-6.6408394208697
-45.7472565504806,-6.6642220958697
-45.7337565504806,-6.6876047708697
-45.7202565504806,-6.7109874458697
-45.8012565504807,-6.6174567458697
-45.7877565504807,-6.6408394208697
-45.7742565504807,-6.6642220958697
-45.7607565504807,-6.6876047708697
-45.8282565504807,-6.6174567458697
-45.8147565504807,-6.6408394208697
-45.8012565504807,-6.6642220958697
-45.7877565504807,-6.6876047708697
-45.8552565504807,-6.6174567458697
-45.8417565504807,-6.6408394208697
-45.8282565504807,-6.6642220958697
-45.8147565504807,-6.6876047708697
-45.8012565504807,-6.7109874458697
-45.8687565504807,-6.6408394208697
-45.8552565504807,-6.6642220958697
-45.8417565504807,-6.6876047708697
-45.8282565504807,-6.7109874458697
-45.8822565504807,-6.6642220958697
-45.8687565504807,-6.6876047708697
-45.8552565504807,-6.7109874458697
-45.9092565504807,-6.6642220958697
-45.8957565504807,-6.6876047708697
-45.9362565504807,-6.6642220958697
