-46.1861899808692,-6.5140846248540
-46.1591899808692,-6.5140846248540
-46.1726899808692,-6.4907019498540
-46.1996899808692,-6.4907019498540
-46.2131899808692,-6.5140846248540
-46.1996899808692,-6.5374672998540
-46.1726899808692,-6.5374672998540
-46.1321899808692,-6.5140846248540
-46.1591899808692,-6.4673192748540
-46.2131899808692,-6.4673192748540
-46.2401899808692,-6.5140846248540
-46.2131899808692,-6.5608499748540
-46.1591899808692,-6.5608499748540
-46.1456899808692,-6.4907019498540
-46.1861899808692,-6.4673192748540
-46.2266899808692,-6.4907019498540
-46.2266899808692,-6.5374672998540
-46.1861899808692,-6.5608499748540
-46.1456899808692,-6.5374672998540
-46.1051899808692,-6.5140846248540
-46.1456899808692,-6.4439365998540
-46.2266899808692,-6.4439365998540
-46.2671899808692,-6.5140846248540
-46.2266899808692,-6.5842326498540
-46.1456899808692,-6.5842326498540
-46.1186899808692,-6.4907019498540
-46.1321899808692,-6.4673192748540
-46.1726899808692,-6.4439365998540
-46.1996899808692,-6.4439365998540
-46.2401899808692,-6.4673192748540
-46.2536899808692,-6.4907019498540
-46.2536899808692,-6.5374672998540
-46.2401899808692,-6.5608499748540
-46.1996899808692,-6.5842326498540
-46.1726899808692,-6.5842326498540
-46.1321899808692,-6.5608499748540
-46.1186899808692,-6.5374672998540
-46.0781899808692,-6.5140846248540
-46.1321899808692,-6.4205539248540
-46.2401899808692,-6.4205539248540
-46.2941899808692,-6.5140846248540
-46.2401899808692,-6.6076153248540
-46.1321899808692,-6.6076153248540
-46.0916899808692,-6.4907019498540
-46.1051899808692,-6.4673192748540
-46.1186899808692,-6.4439365998540
-46.1591899808692,-6.4205539248540
-46.1861899808692,-6.4205539248540
-46.2131899808692,-6.4205539248540
-46.2536899808692,-6.4439365998540
-46.2671899808692,-6.4673192748540
-46.2806899808692,-6.4907019498540
-46.2806899808692,-6.5374672998540
-46.2671899808692,-6.5608499748540
-46.2536899808692,-6.5842326498540
-46.2131899808692,-6.6076153248540
-46.1861899808692,-6.6076153248540
-46.1591899808692,-6.6076153248540
-46.1186899808692,-6.5842326498540
-46.1051899808692,-6.5608499748540
-46.0916899808692,-6.5374672998540
-46.0511899808692,-6.5140846248540
-46.1186899808692,-6.3971712498540
-46.2536899808692,-6.3971712498540
-46.3211899808692,-6.5140846248540
-46.2536899808692,-6.6309979998540
-46.1186899808692,-6.6309979998540
-46.0646899808692,-6.4907019498540
-46.0781899808692,-6.4673192748540
-46.0916899808692,-6.4439365998540
-46.1051899808692,-6.4205539248540
-46.1456899808692,-6.3971712498540
-46.1726899808692,-6.3971712498540
-46.1996899808692,-6.3971712498540
-46.2266899808692,-6.3971712498540
-46.2671899808692,-6.4205539248540
-46.2806899808692,-6.4439365998540
-46.2941899808692,-6.4673192748540
-46.3076899808692,-6.4907019498540
-46.3076899808692,-6.5374672998540
-46.2941899808692,-6.5608499748540
-46.2806899808692,-6.5842326498540
-46.2671899808692,-6.6076153248540
-46.2266899808692,-6.6309979998540
-46.1996899808692,-6.6309979998540
-46.1726899808692,-6.6309979998540
-46.1456899808692,-6.6309979998540
-46.1051899808692,-6.6076153248540
-46.0916899808692,-6.5842326498540
-46.0781899808692,-6.5608499748540
-46.0646899808692,-6.5374672998540
-46.0241899808692,-6.5140846248540
-46.1051899808692,-6.3737885748540
-46.2671899808692,-6.3737885748540
-46.3481899808693,-6.5140846248540
-46.2671899808692,-6.6543806748540
-46.1051899808692,-6.6543806748540
-46.0376899808692,-6.4907019498540
-46.0511899808692,-6.4673192748540
-46.0646899808692,-6.4439365998540
-46.0781899808692,-6.4205539248540
-46.0916899808692,-6.3971712498540
-46.1321899808692,-6.3737885748540
-46.1591899808692,-6.3737885748540
-46.1861899808692,-6.3737885748540
-46.2131899808692,-6.3737885748540
-46.2401899808692,-6.3737885748540
-46.2806899808692,-6.3971712498540
-46.2941899808692,-6.4205539248540
-46.3076899808692,-6.4439365998540
-46.3211899808692,-6.4673192748540
-46.3346899808692,-6.4907019498540
-46.3346899808692,-6.5374672998540
-46.3211899808692,-6.5608499748540
-46.3076899808692,-6.5842326498540
-46.2941899808692,-6.6076153248540
-46.2806899808692,-6.6309979998540
-46.2401899808692,-6.6543806748540
-46.2131899808692,-6.6543806748540
-46.1861899808692,-6.6543806748540
-46.1591899808692,-6.6543806748540
-46.1321899808692,-6.6543806748540
-46.0916899808692,-6.6309979998540
-46.0781899808692,-6.6076153248540
-46.0646899808692,-6.5842326498540
-46.0511899808692,-6.5608499748540
-46.0376899808692,-6.5374672998540
-45.9971899808692,-6.5140846248540
-46.0916899808692,-6.3504058998540
-46.2806899808692,-6.3504058998540
-46.3751899808693,-6.5140846248540
-46.2806899808692,-6.6777633498540
-46.0916899808692,-6.6777633498540
-46.0106899808692,-6.4907019498540
-46.0241899808692,-6.4673192748540
-46.0376899808692,-6.4439365998540
-46.0511899808692,-6.4205539248540
-46.0646899808692,-6.3971712498540
-46.0781899808692,-6.3737885748540
-46.1186899808692,-6.3504058998540
-46.1456899808692,-6.3504058998540
-46.1726899808692,-6.3504058998540
-46.1996899808692,-6.3504058998540
-46.2266899808692,-6.3504058998540
-46.2536899808692,-6.3504058998540
-46.2941899808692,-6.3737885748540
-46.3076899808692,-6.3971712498540
-46.3211899808692,-6.4205539248540
-46.3346899808692,-6.4439365998540
-46.3481899808693,-6.4673192748540
-46.3616899808693,-6.4907019498540
-46.3616899808693,-6.5374672998540
-46.3481899808693,-6.5608499748540
-46.3346899808692,-6.5842326498540
-46.3211899808692,-6.6076153248540
-46.3076899808692,-6.6309979998540
-46.2941899808692,-6.6543806748540
-46.2536899808692,-6.6777633498540
-46.2266899808692,-6.6777633498540
-46.1996899808692,-6.6777633498540
-46.1726899808692,-6.6777633498540
-46.1456899808692,-6.6777633498540
-46.1186899808692,-6.6777633498540
-46.0781899808692,-6.6543806748540
-46.0646899808692,-6.6309979998540
-46.0511899808692,-6.6076153248540
-46.0376899808692,-6.5842326498540
-46.0241899808692,-6.5608499748540
-46.0106899808692,-6.5374672998540
-45.9701899808692,-6.5140846248540
-46.0781899808692,-6.3270232248540
-46.2941899808692,-6.3270232248540
-46.4021899808693,-6.5140846248540
-46.2941899808692,-6.7011460248540
-45.9836899808692,-6.4907019498540
-45.9971899808692,-6.4673192748540
-46.0106899808692,-6.4439365998540
-46.0241899808692,-6.4205539248540
-46.0376899808692,-6.3971712498540
-46.0511899808692,-6.3737885748540
-46.0646899808692,-6.3504058998540
-46.1051899808692,-6.3270232248540
-46.1321899808692,-6.3270232248540
-46.1591899808692,-6.3270232248540
-46.1861899808692,-6.3270232248540
-46.2131899808692,-6.3270232248540
-46.2401899808692,-6.3270232248540
-46.2671899808692,-6.3270232248540
-46.3076899808692,-6.3504058998540
-46.3211899808692,-6.3737885748540
-46.3346899808692,-6.3971712498540
-46.3481899808693,-6.4205539248540
-46.3616899808693,-6.4439365998540
-46.3751899808693,-6.4673192748540
-46.3886899808693,-6.4907019498540
-46.3886899808693,-6.5374672998540
-46.3751899808693,-6.5608499748540
-46.3616899808693,-6.5842326498540
-46.3481899808693,-6.6076153248540
-46.3346899808692,-6.6309979998540
-46.3211899808692,-6.6543806748540
-46.3076899808692,-6.6777633498540
-46.2671899808692,-6.7011460248540
-46.2401899808692,-6.7011460248540
-46.2131899808692,-6.7011460248540
-46.1861899808692,-6.7011460248540
-46.1591899808692,-6.7011460248540
-46.1321899808692,-6.7011460248540
-46.0511899808692,-6.6543806748540
-46.0376899808692,-6.6309979998540
-46.0241899808692,-6.6076153248540
-46.0106899808692,-6.5842326498540
-45.9971899808692,-6.5608499748540
-45.9836899808692,-6.5374672998540
-45.9431899808692,-6.5140846248540
-46.0646899808692,-6.3036405498540
-46.3076899808692,-6.3036405498540
-46.4291899808693,-6.5140846248540
-46.3076899808692,-6.7245286998540
-45.9566899808692,-6.4907019498540
-45.9701899808692,-6.4673192748540
-45.9836899808692,-6.4439365998540
-45.9971899808692,-6.4205539248540
-46.0106899808692,-6.3971712498540
-46.0241899808692,-6.3737885748540
-46.0376899808692,-6.3504058998540
-46.0511899808692,-6.3270232248540
-46.0916899808692,-6.3036405498540
-46.1186899808692,-6.3036405498540
-46.1456899808692,-6.3036405498540
-46.1726899808692,-6.3036405498540
-46.1996899808692,-6.3036405498540
-46.2266899808692,-6.3036405498540
-46.2536899808692,-6.3036405498540
-46.2806899808692,-6.3036405498540
-46.3211899808692,-6.3270232248540
-46.3346899808692,-6.3504058998540
-46.3481899808693,-6.3737885748540
-46.3616899808693,-6.3971712498540
-46.3751899808693,-6.4205539248540
-46.3886899808693,-6.4439365998540
-46.4021899808693,-6.4673192748540
-46.4156899808693,-6.4907019498540
-46.4156899808693,-6.5374672998540
-46.4021899808693,-6.5608499748540
-46.3886899808693,-6.5842326498540
-46.3751899808693,-6.6076153248540
-46.3616899808693,-6.6309979998540
-46.3481899808693,-6.6543806748540
-46.3346899808692,-6.6777633498540
-46.3211899808692,-6.7011460248540
-46.2806899808692,-6.7245286998540
-46.2536899808692,-6.7245286998540
-46.2266899808692,-6.7245286998540
-46.1996899808692,-6.7245286998540
-46.1726899808692,-6.7245286998540
-46.0376899808692,-6.6777633498540
-46.0241899808692,-6.6543806748540
-46.0106899808692,-6.6309979998540
-45.9971899808692,-6.6076153248540
-45.9836899808692,-6.5842326498540
-45.9701899808692,-6.5608499748540
-45.9566899808692,-6.5374672998540
-45.9161899808692,-6.5140846248540
-46.0511899808692,-6.2802578748540
-46.3211899808692,-6.2802578748540
-46.4561899808693,-6.5140846248540
-46.3211899808692,-6.7479113748540
-45.9296899808692,-6.4907019498540
-45.9431899808692,-6.4673192748540
-45.9566899808692,-6.4439365998540
-45.9701899808692,-6.4205539248540
-45.9836899808692,-6.3971712498540
-45.9971899808692,-6.3737885748540
-46.0106899808692,-6.3504058998540
-46.0241899808692,-6.3270232248540
-46.0376899808692,-6.3036405498540
-46.0781899808692,-6.2802578748540
-46.1051899808692,-6.2802578748540
-46.1321899808692,-6.2802578748540
-46.1591899808692,-6.2802578748540
-46.1861899808692,-6.2802578748540
-46.2131899808692,-6.2802578748540
-46.2401899808692,-6.2802578748540
-46.2671899808692,-6.2802578748540
-46.2941899808692,-6.2802578748540
-46.3346899808692,-6.3036405498540
-46.3481899808693,-6.3270232248540
-46.3616899808693,-6.3504058998540
-46.3751899808693,-6.3737885748540
-46.3886899808693,-6.3971712498540
-46.4021899808693,-6.4205539248540
-46.4156899808693,-6.4439365998540
-46.4291899808693,-6.4673192748540
-46.4426899808693,-6.4907019498540
-46.4426899808693,-6.5374672998540
-46.4291899808693,-6.5608499748540
-46.4156899808693,-6.5842326498540
-46.4021899808693,-6.6076153248540
-46.3886899808693,-6.6309979998540
-46.3751899808693,-6.6543806748540
-46.3616899808693,-6.6777633498540
-46.3481899808693,-6.7011460248540
-46.3346899808692,-6.7245286998540
-46.2941899808692,-6.7479113748540
-46.2671899808692,-6.7479113748540
-46.2401899808692,-6.7479113748540
-46.2131899808692,-6.7479113748540
-46.1861899808692,-6.7479113748540
-46.1591899808692,-6.7479113748540
-46.0106899808692,-6.6777633498540
-45.9971899808692,-6.6543806748540
-45.9836899808692,-6.6309979998540
-45.9701899808692,-6.6076153248540
-45.9566899808692,-6.5842326498540
-45.9431899808692,-6.5608499748540
-45.9296899808692,-6.5374672998540
-45.8891899808692,-6.5140846248540
-46.0376899808692,-6.2568751998540
-46.3346899808692,-6.7712940498540
-45.9026899808692,-6.4907019498540
-45.9161899808692,-6.4673192748540
-45.9296899808692,-6.4439365998540
-45.9431899808692,-6.4205539248540
-45.9566899808692,-6.3971712498540
-45.9701899808692,-6.3737885748540
-45.9836899808692,-6.3504058998540
-45.9971899808692,-6.3270232248540
-46.0106899808692,-6.3036405498540
-46.0241899808692,-6.2802578748540
-46.0646899808692,-6.2568751998540
-46.0916899808692,-6.2568751998540
-46.1186899808692,-6.2568751998540
-46.1456899808692,-6.2568751998540
-46.1726899808692,-6.2568751998540
-46.1996899808692,-6.2568751998540
-46.2266899808692,-6.2568751998540
-46.2536899808692,-6.2568751998540
-46.3481899808693,-6.2802578748540
-46.3616899808693,-6.3036405498540
-46.3751899808693,-6.3270232248540
-46.3886899808693,-6.3504058998540
-46.4021899808693,-6.3737885748540
-46.4156899808693,-6.3971712498540
-46.4291899808693,-6.4205539248540
-46.4426899808693,-6.4439365998540
-46.4561899808693,-6.4673192748540
-46.4561899808693,-6.5608499748540
-46.4426899808693,-6.5842326498540
-46.4291899808693,-6.6076153248540
-46.4156899808693,-6.6309979998540
-46.4021899808693,-6.6543806748540
-46.3886899808693,-6.6777633498540
-46.3751899808693,-6.7011460248540
-46.3616899808693,-6.7245286998540
-46.3481899808693,-6.7479113748540
-46.3076899808692,-6.7712940498540
-46.2806899808692,-6.7712940498540
-46.2536899808692,-6.7712940498540
-46.1996899808692,-6.7712940498540
-45.9566899808692,-6.6309979998540
-45.9431899808692,-6.6076153248540
-45.9296899808692,-6.5842326498540
-45.9161899808692,-6.5608499748540
-45.9026899808692,-6.5374672998540
-45.8621899808692,-6.5140846248540
-46.3481899808693,-6.7946767248540
-45.8756899808692,-6.4907019498540
-45.8891899808692,-6.4673192748540
-45.9026899808692,-6.4439365998540
-45.9161899808692,-6.4205539248540
-45.9296899808692,-6.3971712498540
-45.9431899808692,-6.3737885748540
-45.9566899808692,-6.3504058998540
-45.9701899808692,-6.3270232248540
-45.9836899808692,-6.3036405498540
-45.9971899808692,-6.2802578748540
-46.3751899808693,-6.2802578748540
-46.3886899808693,-6.3036405498540
-46.4021899808693,-6.3270232248540
-46.4156899808693,-6.3504058998540
-46.4291899808693,-6.3737885748540
-46.4426899808693,-6.3971712498540
-46.4561899808693,-6.4205539248540
-46.4561899808693,-6.6076153248540
-46.4426899808693,-6.6309979998540
-46.4291899808693,-6.6543806748540
-46.4156899808693,-6.6777633498540
-46.4021899808693,-6.7011460248540
-46.3886899808693,-6.7245286998540
-46.3751899808693,-6.7479113748540
-46.3616899808693,-6.7712940498540
-46.3211899808692,-6.7946767248540
-46.2941899808692,-6.7946767248540
-46.2671899808692,-6.7946767248540
-46.2401899808692,-6.7946767248540
-45.9296899808692,-6.6309979998540
-45.9161899808692,-6.6076153248540
-45.9026899808692,-6.5842326498540
-45.8891899808692,-6.5608499748540
-45.8756899808692,-6.5374672998540
-45.8351899808692,-6.5140846248540
-46.3616899808693,-6.8180593998540
-45.8486899808692,-6.4907019498540
-45.8621899808692,-6.4673192748540
-45.8756899808692,-6.4439365998540
-45.8891899808692,-6.4205539248540
-45.9026899808692,-6.3971712498540
-45.9161899808692,-6.3737885748540
-45.9296899808692,-6.3504058998540
-45.9431899808692,-6.3270232248540
-45.9566899808692,-6.3036405498540
-45.9701899808692,-6.2802578748540
-45.9836899808692,-6.2568751998540
-46.4021899808693,-6.2802578748540
-46.4156899808693,-6.3036405498540
-46.4291899808693,-6.3270232248540
-46.4426899808693,-6.3504058998540
-46.4561899808693,-6.3737885748540
-46.4561899808693,-6.6543806748540
-46.4426899808693,-6.6777633498540
-46.4291899808693,-6.7011460248540
-46.4156899808693,-6.7245286998540
-46.4021899808693,-6.7479113748540
-46.3886899808693,-6.7712940498540
-46.3751899808693,-6.7946767248540
-46.3346899808692,-6.8180593998540
-46.3076899808692,-6.8180593998540
-46.2806899808692,-6.8180593998540
-46.2536899808692,-6.8180593998540
-45.9026899808692,-6.6309979998540
-45.8891899808692,-6.6076153248540
-45.8756899808692,-6.5842326498540
-45.8621899808692,-6.5608499748540
-45.8486899808692,-6.5374672998540
-45.8351899808692,-6.4673192748540
-45.8486899808692,-6.4439365998540
-45.8621899808692,-6.4205539248540
-45.8756899808692,-6.3971712498540
-45.8891899808692,-6.3737885748540
-45.9026899808692,-6.3504058998540
-45.9161899808692,-6.3270232248540
-45.9296899808692,-6.3036405498540
-45.9431899808692,-6.2802578748540
-46.4291899808693,-6.2802578748540
-46.4426899808693,-6.3036405498540
-46.4561899808693,-6.3270232248540
-46.4561899808693,-6.7011460248540
-46.4426899808693,-6.7245286998540
-46.4291899808693,-6.7479113748540
-46.4156899808693,-6.7712940498540
-46.4021899808693,-6.7946767248540
-46.3886899808693,-6.8180593998540
-46.3481899808693,-6.8414420748540
-46.3211899808692,-6.8414420748540
-46.2941899808692,-6.8414420748540
-46.2671899808692,-6.8414420748540
-45.8621899808692,-6.6076153248540
-45.8486899808692,-6.5842326498540
-45.8351899808692,-6.4205539248540
-45.8486899808692,-6.3971712498540
-45.8621899808692,-6.3737885748540
-45.8756899808692,-6.3504058998540
-45.9026899808692,-6.3036405498540
-46.4561899808693,-6.2802578748540
-46.4561899808693,-6.7479113748540
-46.4426899808693,-6.7712940498540
-46.4291899808693,-6.7946767248540
-46.4156899808693,-6.8180593998540
-46.3616899808693,-6.8648247498540
-46.3346899808692,-6.8648247498540
-46.3076899808692,-6.8648247498540
-45.8351899808692,-6.3737885748540
-45.8486899808692,-6.3504058998540
-46.4561899808693,-6.7946767248540
-46.3481899808693,-6.8882074248540
-46.3211899808692,-6.8882074248540
-45.8351899808692,-6.3270232248540
