-45.1278932521303,-2.4980536253186
-45.1008932521303,-2.4980536253186
-45.1143932521303,-2.4746709503186
-45.1413932521303,-2.4746709503186
-45.1548932521303,-2.4980536253186
-45.1413932521303,-2.5214363003186
-45.1143932521303,-2.5214363003186
-45.0738932521303,-2.4980536253186
-45.1008932521303,-2.4512882753186
-45.1548932521303,-2.4512882753186
-45.1818932521304,-2.4980536253186
-45.1548932521303,-2.5448189753186
-45.1008932521303,-2.5448189753186
-45.0873932521303,-2.4746709503186
-45.1278932521303,-2.4512882753186
-45.1683932521304,-2.4746709503186
-45.1683932521304,-2.5214363003186
-45.1278932521303,-2.5448189753186
-45.0873932521303,-2.5214363003186
-45.0873932521303,-2.4279056003186
-45.1683932521304,-2.4279056003186
-45.2088932521304,-2.4980536253186
-45.1683932521304,-2.5682016503186
-45.0873932521303,-2.5682016503186
-45.0603932521303,-2.4746709503186
-45.0738932521303,-2.4512882753186
-45.1143932521303,-2.4279056003186
-45.1413932521303,-2.4279056003186
-45.1818932521304,-2.4512882753186
-45.1953932521304,-2.4746709503186
-45.1953932521304,-2.5214363003186
-45.1818932521304,-2.5448189753186
-45.1413932521303,-2.5682016503186
-45.1143932521303,-2.5682016503186
-45.0738932521303,-2.5448189753186
-45.0603932521303,-2.5214363003186
-45.0738932521303,-2.4045229253186
-45.1818932521304,-2.4045229253186
-45.2358932521304,-2.4980536253186
-45.1818932521304,-2.5915843253186
-45.0738932521303,-2.5915843253186
-45.0333932521303,-2.4746709503186
-45.0468932521303,-2.4512882753186
-45.0603932521303,-2.4279056003186
-45.1008932521303,-2.4045229253186
-45.1278932521303,-2.4045229253186
-45.1548932521303,-2.4045229253186
-45.1953932521304,-2.4279056003186
-45.2088932521304,-2.4512882753186
-45.2223932521304,-2.4746709503186
-45.2223932521304,-2.5214363003186
-45.2088932521304,-2.5448189753186
-45.1953932521304,-2.5682016503186
-45.1548932521303,-2.5915843253186
-45.1278932521303,-2.5915843253186
-45.1008932521303,-2.5915843253186
-45.0468932521303,-2.5448189753186
-45.0603932521303,-2.3811402503186
-45.1953932521304,-2.3811402503186
-45.1953932521304,-2.6149670003186
-45.0063932521303,-2.4746709503186
-45.0198932521303,-2.4512882753186
-45.0333932521303,-2.4279056003186
-45.0468932521303,-2.4045229253186
-45.0873932521303,-2.3811402503186
-45.1143932521303,-2.3811402503186
-45.1413932521303,-2.3811402503186
-45.1683932521304,-2.3811402503186
-45.2088932521304,-2.4045229253186
-45.2223932521304,-2.4279056003186
-45.2358932521304,-2.4512882753186
-45.2493932521304,-2.4746709503186
-45.2358932521304,-2.5448189753186
-45.2223932521304,-2.5682016503186
-45.2088932521304,-2.5915843253186
-45.1683932521304,-2.6149670003186
-45.1413932521303,-2.6149670003186
-45.1143932521303,-2.6149670003186
-45.0873932521303,-2.6149670003186
-45.0468932521303,-2.3577575753186
-45.2088932521304,-2.6383496753186
-45.0063932521303,-2.4279056003186
-45.0198932521303,-2.4045229253186
-45.0333932521303,-2.3811402503186
-45.0738932521303,-2.3577575753186
-45.1008932521303,-2.3577575753186
-45.1278932521303,-2.3577575753186
-45.1548932521303,-2.3577575753186
-45.1818932521304,-2.3577575753186
-45.2223932521304,-2.3811402503186
-45.2358932521304,-2.4045229253186
-45.2493932521304,-2.4279056003186
-45.2628932521304,-2.4512882753186
-45.2493932521304,-2.5682016503186
-45.2358932521304,-2.5915843253186
-45.2223932521304,-2.6149670003186
-45.1818932521304,-2.6383496753186
-45.1548932521303,-2.6383496753186
-45.1278932521303,-2.6383496753186
-45.1008932521303,-2.6383496753186
-45.0333932521303,-2.3343749003186
-45.2223932521304,-2.6617323503186
-44.9793932521303,-2.4279056003186
-44.9928932521303,-2.4045229253186
-45.0063932521303,-2.3811402503186
-45.0198932521303,-2.3577575753186
-45.0603932521303,-2.3343749003186
-45.0873932521303,-2.3343749003186
-45.1143932521303,-2.3343749003186
-45.1413932521303,-2.3343749003186
-45.2628932521304,-2.4045229253186
-45.2763932521304,-2.4279056003186
-45.2493932521304,-2.6149670003186
-45.2358932521304,-2.6383496753186
-45.1953932521304,-2.6617323503186
-45.1683932521304,-2.6617323503186
-45.1413932521303,-2.6617323503186
-45.1143932521303,-2.6617323503186
-45.0198932521303,-2.3109922253186
-45.2358932521304,-2.6851150253186
-44.9658932521303,-2.4045229253186
-44.9793932521303,-2.3811402503186
-44.9928932521303,-2.3577575753186
-45.0063932521303,-2.3343749003186
-45.0468932521303,-2.3109922253186
-45.0738932521303,-2.3109922253186
-45.1008932521303,-2.3109922253186
-45.2628932521304,-2.6383496753186
-45.2493932521304,-2.6617323503186
-45.2088932521304,-2.6851150253186
-45.1818932521304,-2.6851150253186
-45.1548932521303,-2.6851150253186
-45.1278932521303,-2.6851150253186
-45.0063932521303,-2.2876095503186
-45.2493932521304,-2.7084977003186
-44.9388932521303,-2.4045229253186
-44.9523932521303,-2.3811402503186
-44.9658932521303,-2.3577575753186
-44.9793932521303,-2.3343749003186
-44.9928932521303,-2.3109922253186
-45.0333932521303,-2.2876095503186
-45.0603932521303,-2.2876095503186
-45.0873932521303,-2.2876095503186
-45.2628932521304,-2.6851150253186
-45.2223932521304,-2.7084977003186
-45.1953932521304,-2.7084977003186
-45.1683932521304,-2.7084977003186
-45.1413932521303,-2.7084977003186
-44.9928932521303,-2.2642268753186
-45.2628932521304,-2.7318803753186
-44.9253932521303,-2.3811402503186
-44.9388932521303,-2.3577575753186
-44.9523932521303,-2.3343749003186
-44.9658932521303,-2.3109922253186
-44.9793932521303,-2.2876095503186
-45.0198932521303,-2.2642268753186
-45.0468932521303,-2.2642268753186
-45.0738932521303,-2.2642268753186
-45.2763932521304,-2.7084977003186
-45.2358932521304,-2.7318803753186
-45.2088932521304,-2.7318803753186
-45.1818932521304,-2.7318803753186
-45.1548932521303,-2.7318803753186
-44.9793932521303,-2.2408442003186
-45.2763932521304,-2.7552630503186
-44.9388932521303,-2.3109922253186
-44.9523932521303,-2.2876095503186
-44.9658932521303,-2.2642268753186
-45.0063932521303,-2.2408442003186
-45.0333932521303,-2.2408442003186
-45.2898932521304,-2.7318803753186
-45.2493932521304,-2.7552630503186
-45.2223932521304,-2.7552630503186
-45.1953932521304,-2.7552630503186
-45.1683932521304,-2.7552630503186
-45.2898932521304,-2.7786457253186
-44.9388932521303,-2.2642268753186
-44.9928932521303,-2.2174615253186
-45.0198932521303,-2.2174615253186
-45.3168932521304,-2.7318803753186
-45.3033932521304,-2.7552630503186
-45.2628932521304,-2.7786457253186
-45.2358932521304,-2.7786457253186
-45.2088932521304,-2.7786457253186
-45.1818932521304,-2.7786457253186
-44.9793932521303,-2.1940788503186
-45.3303932521304,-2.7552630503186
-45.3168932521304,-2.7786457253186
-45.2763932521304,-2.8020284003186
-45.2493932521304,-2.8020284003186
-45.2223932521304,-2.8020284003186
-45.1953932521304,-2.8020284003186
