-45.9916738241316,-1.9758952500258
-45.9646738241316,-1.9758952500258
-45.9781738241316,-1.9525125750258
-46.0051738241316,-1.9525125750258
-46.0186738241316,-1.9758952500258
-46.0051738241316,-1.9992779250258
-45.9781738241316,-1.9992779250258
-45.9376738241316,-1.9758952500258
-45.9646738241316,-1.9291299000258
-46.0186738241316,-1.9291299000258
-46.0456738241316,-1.9758952500258
-46.0186738241316,-2.0226606000258
-45.9646738241316,-2.0226606000258
-45.9511738241316,-1.9525125750258
-45.9916738241316,-1.9291299000258
-46.0321738241316,-1.9525125750258
-46.0321738241316,-1.9992779250258
-45.9916738241316,-2.0226606000258
-45.9511738241316,-1.9992779250258
-45.9106738241316,-1.9758952500258
-45.9511738241316,-1.9057472250258
-46.0321738241316,-1.9057472250258
-46.0321738241316,-2.0460432750258
-45.9511738241316,-2.0460432750258
-45.9241738241316,-1.9525125750258
-45.9376738241316,-1.9291299000258
-45.9781738241316,-1.9057472250258
-46.0051738241316,-1.9057472250258
-46.0456738241316,-1.9291299000258
-46.0591738241316,-1.9525125750258
-46.0456738241316,-2.0226606000258
-46.0051738241316,-2.0460432750258
-45.9781738241316,-2.0460432750258
-45.9376738241316,-2.0226606000258
-45.9241738241316,-1.9992779250258
-45.9376738241316,-1.8823645500258
-46.0456738241316,-2.0694259500258
-45.9106738241316,-1.9291299000258
-45.9241738241316,-1.9057472250258
-45.9646738241316,-1.8823645500258
-45.9916738241316,-1.8823645500258
-46.0186738241316,-1.8823645500258
-46.0591738241316,-1.9057472250258
-46.0726738241316,-1.9291299000258
-46.0186738241316,-2.0694259500258
-45.9916738241316,-2.0694259500258
-45.9646738241316,-2.0694259500258
-45.9241738241316,-1.8589818750258
-46.0591738241316,-2.0928086250258
-45.8971738241316,-1.9057472250258
-45.9106738241316,-1.8823645500258
-45.9511738241316,-1.8589818750258
-45.9781738241316,-1.8589818750258
-46.0051738241316,-1.8589818750258
-46.0726738241316,-2.0694259500258
-46.0321738241316,-2.0928086250258
-46.0051738241316,-2.0928086250258
-45.9106738241316,-1.8355992000258
-46.0726738241316,-2.1161913000258
-45.8971738241316,-1.8589818750258
-45.9376738241316,-1.8355992000258
-45.9646738241316,-1.8355992000258
-46.0861738241316,-2.0928086250258
-46.0456738241316,-2.1161913000258
-46.0186738241316,-2.1161913000258
-45.8971738241316,-1.8122165250258
-46.0861738241316,-2.1395739750258
-45.8836738241316,-1.8355992000258
-45.9241738241316,-1.8122165250258
-45.9511738241316,-1.8122165250258
-46.0996738241316,-2.1161913000258
-46.0591738241316,-2.1395739750258
-46.0321738241316,-2.1395739750258
-46.0051738241316,-2.1395739750258
-46.0996738241316,-2.1629566500258
-45.9106738241316,-1.7888338500258
-46.1131738241316,-2.1863393250258
-46.1266738241317,-2.1629566500258
-46.1401738241317,-2.1863393250258
