-46.5819604863156,-5.2779373021750
-46.5549604863156,-5.2779373021750
-46.5684604863156,-5.2545546271750
-46.5954604863156,-5.2545546271750
-46.6089604863156,-5.2779373021750
-46.5954604863156,-5.3013199771750
-46.5684604863156,-5.3013199771750
-46.5279604863156,-5.2779373021750
-46.5549604863156,-5.2311719521750
-46.6089604863156,-5.2311719521750
-46.6359604863156,-5.2779373021750
-46.6089604863156,-5.3247026521750
-46.5549604863156,-5.3247026521750
-46.5414604863156,-5.2545546271750
-46.5819604863156,-5.2311719521750
-46.6224604863156,-5.2545546271750
-46.6224604863156,-5.3013199771750
-46.5819604863156,-5.3247026521750
-46.5414604863156,-5.3013199771750
-46.5009604863156,-5.2779373021750
-46.5414604863156,-5.2077892771750
-46.6224604863156,-5.2077892771750
-46.6629604863156,-5.2779373021750
-46.6224604863156,-5.3480853271750
-46.5414604863156,-5.3480853271750
-46.5144604863156,-5.2545546271750
-46.5279604863156,-5.2311719521750
-46.5684604863156,-5.2077892771750
-46.5954604863156,-5.2077892771750
-46.6359604863156,-5.2311719521750
-46.6494604863156,-5.2545546271750
-46.6494604863156,-5.3013199771750
-46.6359604863156,-5.3247026521750
-46.5954604863156,-5.3480853271750
-46.5684604863156,-5.3480853271750
-46.5279604863156,-5.3247026521750
-46.5144604863156,-5.3013199771750
-46.4739604863156,-5.2779373021750
-46.5279604863156,-5.1844066021750
-46.6359604863156,-5.1844066021750
-46.6899604863156,-5.2779373021750
-46.6359604863156,-5.3714680021750
-46.5279604863156,-5.3714680021750
-46.4874604863156,-5.2545546271750
-46.5009604863156,-5.2311719521750
-46.5144604863156,-5.2077892771750
-46.5549604863156,-5.1844066021750
-46.5819604863156,-5.1844066021750
-46.6089604863156,-5.1844066021750
-46.6494604863156,-5.2077892771750
-46.6629604863156,-5.2311719521750
-46.6764604863156,-5.2545546271750
-46.6764604863156,-5.3013199771750
-46.6629604863156,-5.3247026521750
-46.6494604863156,-5.3480853271750
-46.6089604863156,-5.3714680021750
-46.5819604863156,-5.3714680021750
-46.5549604863156,-5.3714680021750
-46.5144604863156,-5.3480853271750
-46.5009604863156,-5.3247026521750
-46.4874604863156,-5.3013199771750
-46.4469604863156,-5.2779373021750
-46.5144604863156,-5.1610239271750
-46.6494604863156,-5.1610239271750
-46.7169604863156,-5.2779373021750
-46.6494604863156,-5.3948506771750
-46.5144604863156,-5.3948506771750
-46.4604604863156,-5.2545546271750
-46.4739604863156,-5.2311719521750
-46.4874604863156,-5.2077892771750
-46.5009604863156,-5.1844066021750
-46.5414604863156,-5.1610239271750
-46.5684604863156,-5.1610239271750
-46.5954604863156,-5.1610239271750
-46.6224604863156,-5.1610239271750
-46.6629604863156,-5.1844066021750
-46.6764604863156,-5.2077892771750
-46.6899604863156,-5.2311719521750
-46.7034604863156,-5.2545546271750
-46.7034604863156,-5.3013199771750
-46.6899604863156,-5.3247026521750
-46.6764604863156,-5.3480853271750
-46.6629604863156,-5.3714680021750
-46.6224604863156,-5.3948506771750
-46.5954604863156,-5.3948506771750
-46.5684604863156,-5.3948506771750
-46.5414604863156,-5.3948506771750
-46.5009604863156,-5.3714680021750
-46.4874604863156,-5.3480853271750
-46.4739604863156,-5.3247026521750
-46.4604604863156,-5.3013199771750
-46.4199604863156,-5.2779373021750
-46.5009604863156,-5.1376412521750
-46.6629604863156,-5.1376412521750
-46.7439604863156,-5.2779373021750
-46.6629604863156,-5.4182333521750
-46.5009604863156,-5.4182333521750
-46.4334604863156,-5.2545546271750
-46.4469604863156,-5.2311719521750
-46.4604604863156,-5.2077892771750
-46.4739604863156,-5.1844066021750
-46.4874604863156,-5.1610239271750
-46.5279604863156,-5.1376412521750
-46.5549604863156,-5.1376412521750
-46.5819604863156,-5.1376412521750
-46.6089604863156,-5.1376412521750
-46.6359604863156,-5.1376412521750
-46.6764604863156,-5.1610239271750
-46.6899604863156,-5.1844066021750
-46.7034604863156,-5.2077892771750
-46.7169604863156,-5.2311719521750
-46.7304604863156,-5.2545546271750
-46.7304604863156,-5.3013199771750
-46.7169604863156,-5.3247026521750
-46.7034604863156,-5.3480853271750
-46.6899604863156,-5.3714680021750
-46.6764604863156,-5.3948506771750
-46.6359604863156,-5.4182333521750
-46.6089604863156,-5.4182333521750
-46.5819604863156,-5.4182333521750
-46.5549604863156,-5.4182333521750
-46.5279604863156,-5.4182333521750
-46.4874604863156,-5.3948506771750
-46.4739604863156,-5.3714680021750
-46.4604604863156,-5.3480853271750
-46.4469604863156,-5.3247026521750
-46.4334604863156,-5.3013199771750
-46.3929604863156,-5.2779373021750
-46.4874604863156,-5.1142585771750
-46.6764604863156,-5.1142585771750
-46.7709604863156,-5.2779373021750
-46.6764604863156,-5.4416160271750
-46.4874604863156,-5.4416160271750
-46.4064604863156,-5.2545546271750
-46.4199604863156,-5.2311719521750
-46.4334604863156,-5.2077892771750
-46.4469604863156,-5.1844066021750
-46.4604604863156,-5.1610239271750
-46.4739604863156,-5.1376412521750
-46.5144604863156,-5.1142585771750
-46.5414604863156,-5.1142585771750
-46.5684604863156,-5.1142585771750
-46.5954604863156,-5.1142585771750
-46.6224604863156,-5.1142585771750
-46.6494604863156,-5.1142585771750
-46.6899604863156,-5.1376412521750
-46.7034604863156,-5.1610239271750
-46.7169604863156,-5.1844066021750
-46.7304604863156,-5.2077892771750
-46.7439604863156,-5.2311719521750
-46.7574604863156,-5.2545546271750
-46.7574604863156,-5.3013199771750
-46.7439604863156,-5.3247026521750
-46.7304604863156,-5.3480853271750
-46.7169604863156,-5.3714680021750
-46.7034604863156,-5.3948506771750
-46.6899604863156,-5.4182333521750
-46.6494604863156,-5.4416160271750
-46.6224604863156,-5.4416160271750
-46.5954604863156,-5.4416160271750
-46.5684604863156,-5.4416160271750
-46.5414604863156,-5.4416160271750
-46.5144604863156,-5.4416160271750
-46.4739604863156,-5.4182333521750
-46.4604604863156,-5.3948506771750
-46.4469604863156,-5.3714680021750
-46.4334604863156,-5.3480853271750
-46.4199604863156,-5.3247026521750
-46.4064604863156,-5.3013199771750
-46.3659604863156,-5.2779373021750
-46.4739604863156,-5.0908759021750
-46.6899604863156,-5.0908759021750
-46.7979604863156,-5.2779373021750
-46.6899604863156,-5.4649987021750
-46.4739604863156,-5.4649987021750
-46.3794604863156,-5.2545546271750
-46.3929604863156,-5.2311719521750
-46.4064604863156,-5.2077892771750
-46.4199604863156,-5.1844066021750
-46.4334604863156,-5.1610239271750
-46.4469604863156,-5.1376412521750
-46.4604604863156,-5.1142585771750
-46.5009604863156,-5.0908759021750
-46.5279604863156,-5.0908759021750
-46.5549604863156,-5.0908759021750
-46.5819604863156,-5.0908759021750
-46.6089604863156,-5.0908759021750
-46.6359604863156,-5.0908759021750
-46.6629604863156,-5.0908759021750
-46.7034604863156,-5.1142585771750
-46.7169604863156,-5.1376412521750
-46.7304604863156,-5.1610239271750
-46.7439604863156,-5.1844066021750
-46.7574604863156,-5.2077892771750
-46.7709604863156,-5.2311719521750
-46.7844604863156,-5.2545546271750
-46.7844604863156,-5.3013199771750
-46.7709604863156,-5.3247026521750
-46.7574604863156,-5.3480853271750
-46.7439604863156,-5.3714680021750
-46.7304604863156,-5.3948506771750
-46.7169604863156,-5.4182333521750
-46.7034604863156,-5.4416160271750
-46.6629604863156,-5.4649987021750
-46.6359604863156,-5.4649987021750
-46.6089604863156,-5.4649987021750
-46.5819604863156,-5.4649987021750
-46.5549604863156,-5.4649987021750
-46.5279604863156,-5.4649987021750
-46.5009604863156,-5.4649987021750
-46.4604604863156,-5.4416160271750
-46.4469604863156,-5.4182333521750
-46.4334604863156,-5.3948506771750
-46.4199604863156,-5.3714680021750
-46.4064604863156,-5.3480853271750
-46.3929604863156,-5.3247026521750
-46.3794604863156,-5.3013199771750
-46.3389604863156,-5.2779373021750
-46.4604604863156,-5.0674932271750
-46.7034604863156,-5.0674932271750
-46.8249604863156,-5.2779373021750
-46.7034604863156,-5.4883813771750
-46.4604604863156,-5.4883813771750
-46.3524604863156,-5.2545546271750
-46.3659604863156,-5.2311719521750
-46.3794604863156,-5.2077892771750
-46.3929604863156,-5.1844066021750
-46.4064604863156,-5.1610239271750
-46.4199604863156,-5.1376412521750
-46.4334604863156,-5.1142585771750
-46.4469604863156,-5.0908759021750
-46.4874604863156,-5.0674932271750
-46.5144604863156,-5.0674932271750
-46.5414604863156,-5.0674932271750
-46.5684604863156,-5.0674932271750
-46.5954604863156,-5.0674932271750
-46.6224604863156,-5.0674932271750
-46.6494604863156,-5.0674932271750
-46.6764604863156,-5.0674932271750
-46.7169604863156,-5.0908759021750
-46.7304604863156,-5.1142585771750
-46.7439604863156,-5.1376412521750
-46.7574604863156,-5.1610239271750
-46.7709604863156,-5.1844066021750
-46.7844604863156,-5.2077892771750
-46.7979604863156,-5.2311719521750
-46.8114604863156,-5.2545546271750
-46.8114604863156,-5.3013199771750
-46.7979604863156,-5.3247026521750
-46.7844604863156,-5.3480853271750
-46.7709604863156,-5.3714680021750
-46.7574604863156,-5.3948506771750
-46.7439604863156,-5.4182333521750
-46.7304604863156,-5.4416160271750
-46.7169604863156,-5.4649987021750
-46.6764604863156,-5.4883813771750
-46.6494604863156,-5.4883813771750
-46.6224604863156,-5.4883813771750
-46.5954604863156,-5.4883813771750
-46.5684604863156,-5.4883813771750
-46.5414604863156,-5.4883813771750
-46.5144604863156,-5.4883813771750
-46.4874604863156,-5.4883813771750
-46.4469604863156,-5.4649987021750
-46.4334604863156,-5.4416160271750
-46.4199604863156,-5.4182333521750
-46.4064604863156,-5.3948506771750
-46.3929604863156,-5.3714680021750
-46.3794604863156,-5.3480853271750
-46.3659604863156,-5.3247026521750
-46.3524604863156,-5.3013199771750
-46.4469604863156,-5.0441105521750
-46.7169604863156,-5.0441105521750
-46.8519604863156,-5.2779373021750
-46.7169604863156,-5.5117640521750
-46.4469604863156,-5.5117640521750
-46.3254604863156,-5.2545546271750
-46.3389604863156,-5.2311719521750
-46.3524604863156,-5.2077892771750
-46.3659604863156,-5.1844066021750
-46.3794604863156,-5.1610239271750
-46.3929604863156,-5.1376412521750
-46.4064604863156,-5.1142585771750
-46.4199604863156,-5.0908759021750
-46.4334604863156,-5.0674932271750
-46.4739604863156,-5.0441105521750
-46.5009604863156,-5.0441105521750
-46.5279604863156,-5.0441105521750
-46.5549604863156,-5.0441105521750
-46.5819604863156,-5.0441105521750
-46.6089604863156,-5.0441105521750
-46.6359604863156,-5.0441105521750
-46.6629604863156,-5.0441105521750
-46.6899604863156,-5.0441105521750
-46.7304604863156,-5.0674932271750
-46.7439604863156,-5.0908759021750
-46.7574604863156,-5.1142585771750
-46.7709604863156,-5.1376412521750
-46.7844604863156,-5.1610239271750
-46.7979604863156,-5.1844066021750
-46.8114604863156,-5.2077892771750
-46.8249604863156,-5.2311719521750
-46.8384604863156,-5.2545546271750
-46.8384604863156,-5.3013199771750
-46.8249604863156,-5.3247026521750
-46.8114604863156,-5.3480853271750
-46.7979604863156,-5.3714680021750
-46.7844604863156,-5.3948506771750
-46.7709604863156,-5.4182333521750
-46.7574604863156,-5.4416160271750
-46.7439604863156,-5.4649987021750
-46.7304604863156,-5.4883813771750
-46.6899604863156,-5.5117640521750
-46.6629604863156,-5.5117640521750
-46.6359604863156,-5.5117640521750
-46.6089604863156,-5.5117640521750
-46.5819604863156,-5.5117640521750
-46.5549604863156,-5.5117640521750
-46.5279604863156,-5.5117640521750
-46.5009604863156,-5.5117640521750
-46.4739604863156,-5.5117640521750
-46.4334604863156,-5.4883813771750
-46.4199604863156,-5.4649987021750
-46.4064604863156,-5.4416160271750
-46.3929604863156,-5.4182333521750
-46.3794604863156,-5.3948506771750
-46.3659604863156,-5.3714680021750
-46.3524604863156,-5.3480853271750
-46.3389604863156,-5.3247026521750
-46.4334604863156,-5.0207278771750
-46.7304604863156,-5.0207278771750
-46.8789604863156,-5.2779373021750
-46.7304604863156,-5.5351467271750
-46.4334604863156,-5.5351467271750
-46.3254604863156,-5.2077892771750
-46.3389604863156,-5.1844066021750
-46.3524604863156,-5.1610239271750
-46.3659604863156,-5.1376412521750
-46.3794604863156,-5.1142585771750
-46.3929604863156,-5.0908759021750
-46.4064604863156,-5.0674932271750
-46.4199604863156,-5.0441105521750
-46.4604604863156,-5.0207278771750
-46.4874604863156,-5.0207278771750
-46.5144604863156,-5.0207278771750
-46.5414604863156,-5.0207278771750
-46.5684604863156,-5.0207278771750
-46.5954604863156,-5.0207278771750
-46.6224604863156,-5.0207278771750
-46.6494604863156,-5.0207278771750
-46.6764604863156,-5.0207278771750
-46.7034604863156,-5.0207278771750
-46.7439604863156,-5.0441105521750
-46.7574604863156,-5.0674932271750
-46.7709604863156,-5.0908759021750
-46.7844604863156,-5.1142585771750
-46.7979604863156,-5.1376412521750
-46.8114604863156,-5.1610239271750
-46.8249604863156,-5.1844066021750
-46.8384604863156,-5.2077892771750
-46.8519604863156,-5.2311719521750
-46.8654604863156,-5.2545546271750
-46.8654604863156,-5.3013199771750
-46.8519604863156,-5.3247026521750
-46.8384604863156,-5.3480853271750
-46.8249604863156,-5.3714680021750
-46.8114604863156,-5.3948506771750
-46.7979604863156,-5.4182333521750
-46.7844604863156,-5.4416160271750
-46.7709604863156,-5.4649987021750
-46.7574604863156,-5.4883813771750
-46.7439604863156,-5.5117640521750
-46.7034604863156,-5.5351467271750
-46.6764604863156,-5.5351467271750
-46.6494604863156,-5.5351467271750
-46.6224604863156,-5.5351467271750
-46.5954604863156,-5.5351467271750
-46.5684604863156,-5.5351467271750
-46.5414604863156,-5.5351467271750
-46.5144604863156,-5.5351467271750
-46.4874604863156,-5.5351467271750
-46.4604604863156,-5.5351467271750
-46.4199604863156,-5.5117640521750
-46.4064604863156,-5.4883813771750
-46.3929604863156,-5.4649987021750
-46.3794604863156,-5.4416160271750
-46.3659604863156,-5.4182333521750
-46.3524604863156,-5.3948506771750
-46.3389604863156,-5.3714680021750
-46.4199604863156,-4.9973452021750
-46.7439604863156,-4.9973452021750
-46.9059604863156,-5.2779373021750
-46.7439604863156,-5.5585294021750
-46.4199604863156,-5.5585294021750
-46.3119604863156,-5.1844066021750
-46.3254604863156,-5.1610239271750
-46.3389604863156,-5.1376412521750
-46.3524604863156,-5.1142585771750
-46.3659604863156,-5.0908759021750
-46.3794604863156,-5.0674932271750
-46.3929604863156,-5.0441105521750
-46.4064604863156,-5.0207278771750
-46.4469604863156,-4.9973452021750
-46.4739604863156,-4.9973452021750
-46.5009604863156,-4.9973452021750
-46.5279604863156,-4.9973452021750
-46.5549604863156,-4.9973452021750
-46.5819604863156,-4.9973452021750
-46.6089604863156,-4.9973452021750
-46.6359604863156,-4.9973452021750
-46.6629604863156,-4.9973452021750
-46.6899604863156,-4.9973452021750
-46.7169604863156,-4.9973452021750
-46.7574604863156,-5.0207278771750
-46.7709604863156,-5.0441105521750
-46.7844604863156,-5.0674932271750
-46.7979604863156,-5.0908759021750
-46.8114604863156,-5.1142585771750
-46.8249604863156,-5.1376412521750
-46.8384604863156,-5.1610239271750
-46.8519604863156,-5.1844066021750
-46.8654604863156,-5.2077892771750
-46.8789604863156,-5.2311719521750
-46.8924604863156,-5.2545546271750
-46.8924604863156,-5.3013199771750
-46.8789604863156,-5.3247026521750
-46.8654604863156,-5.3480853271750
-46.8519604863156,-5.3714680021750
-46.8384604863156,-5.3948506771750
-46.8249604863156,-5.4182333521750
-46.8114604863156,-5.4416160271750
-46.7979604863156,-5.4649987021750
-46.7844604863156,-5.4883813771750
-46.7709604863156,-5.5117640521750
-46.7574604863156,-5.5351467271750
-46.7169604863156,-5.5585294021750
-46.6899604863156,-5.5585294021750
-46.6629604863156,-5.5585294021750
-46.6359604863156,-5.5585294021750
-46.6089604863156,-5.5585294021750
-46.5819604863156,-5.5585294021750
-46.5549604863156,-5.5585294021750
-46.5279604863156,-5.5585294021750
-46.5009604863156,-5.5585294021750
-46.4739604863156,-5.5585294021750
-46.4469604863156,-5.5585294021750
-46.4064604863156,-5.5351467271750
-46.3929604863156,-5.5117640521750
-46.3794604863156,-5.4883813771750
-46.3659604863156,-5.4649987021750
-46.3524604863156,-5.4416160271750
-46.3389604863156,-5.4182333521750
-46.4064604863156,-4.9739625271750
-46.7574604863156,-4.9739625271750
-46.7574604863156,-5.5819120771750
-46.4064604863156,-5.5819120771750
-46.2984604863156,-5.1610239271750
-46.3119604863156,-5.1376412521750
-46.3254604863156,-5.1142585771750
-46.3389604863156,-5.0908759021750
-46.3524604863156,-5.0674932271750
-46.3659604863156,-5.0441105521750
-46.3794604863156,-5.0207278771750
-46.3929604863156,-4.9973452021750
-46.4334604863156,-4.9739625271750
-46.4604604863156,-4.9739625271750
-46.4874604863156,-4.9739625271750
-46.5144604863156,-4.9739625271750
-46.5414604863156,-4.9739625271750
-46.5684604863156,-4.9739625271750
-46.5954604863156,-4.9739625271750
-46.6224604863156,-4.9739625271750
-46.6494604863156,-4.9739625271750
-46.6764604863156,-4.9739625271750
-46.7034604863156,-4.9739625271750
-46.7304604863156,-4.9739625271750
-46.7709604863156,-4.9973452021750
-46.7844604863156,-5.0207278771750
-46.7979604863156,-5.0441105521750
-46.8114604863156,-5.0674932271750
-46.8249604863156,-5.0908759021750
-46.8384604863156,-5.1142585771750
-46.8519604863156,-5.1376412521750
-46.8654604863156,-5.1610239271750
-46.8789604863156,-5.1844066021750
-46.8924604863156,-5.3480853271750
-46.8789604863156,-5.3714680021750
-46.8654604863156,-5.3948506771750
-46.8519604863156,-5.4182333521750
-46.8384604863156,-5.4416160271750
-46.8249604863156,-5.4649987021750
-46.8114604863156,-5.4883813771750
-46.7979604863156,-5.5117640521750
-46.7844604863156,-5.5351467271750
-46.7709604863156,-5.5585294021750
-46.7304604863156,-5.5819120771750
-46.7034604863156,-5.5819120771750
-46.6764604863156,-5.5819120771750
-46.6494604863156,-5.5819120771750
-46.6224604863156,-5.5819120771750
-46.5954604863156,-5.5819120771750
-46.5684604863156,-5.5819120771750
-46.5414604863156,-5.5819120771750
-46.5144604863156,-5.5819120771750
-46.4874604863156,-5.5819120771750
-46.4604604863156,-5.5819120771750
-46.4334604863156,-5.5819120771750
-46.3929604863156,-5.5585294021750
-46.3794604863156,-5.5351467271750
-46.3659604863156,-5.5117640521750
-46.3524604863156,-5.4883813771750
-46.3389604863156,-5.4649987021750
-46.3929604863156,-4.9505798521750
-46.7709604863156,-4.9505798521750
-46.7709604863156,-5.6052947521750
-46.3929604863156,-5.6052947521750
-46.2714604863156,-5.1610239271750
-46.2849604863156,-5.1376412521750
-46.2984604863156,-5.1142585771750
-46.3119604863156,-5.0908759021750
-46.3254604863156,-5.0674932271750
-46.3389604863156,-5.0441105521750
-46.3524604863156,-5.0207278771750
-46.3659604863156,-4.9973452021750
-46.3794604863156,-4.9739625271750
-46.4199604863156,-4.9505798521750
-46.4469604863156,-4.9505798521750
-46.4739604863156,-4.9505798521750
-46.5009604863156,-4.9505798521750
-46.5279604863156,-4.9505798521750
-46.5549604863156,-4.9505798521750
-46.5819604863156,-4.9505798521750
-46.6089604863156,-4.9505798521750
-46.6359604863156,-4.9505798521750
-46.6629604863156,-4.9505798521750
-46.6899604863156,-4.9505798521750
-46.7169604863156,-4.9505798521750
-46.7439604863156,-4.9505798521750
-46.7844604863156,-4.9739625271750
-46.7979604863156,-4.9973452021750
-46.8114604863156,-5.0207278771750
-46.8249604863156,-5.0441105521750
-46.8384604863156,-5.0674932271750
-46.8519604863156,-5.0908759021750
-46.8654604863156,-5.1142585771750
-46.8924604863156,-5.3948506771750
-46.8789604863156,-5.4182333521750
-46.8654604863156,-5.4416160271750
-46.8519604863156,-5.4649987021750
-46.8384604863156,-5.4883813771750
-46.8249604863156,-5.5117640521750
-46.8114604863156,-5.5351467271750
-46.7979604863156,-5.5585294021750
-46.7844604863156,-5.5819120771750
-46.7439604863156,-5.6052947521750
-46.7169604863156,-5.6052947521750
-46.6899604863156,-5.6052947521750
-46.6629604863156,-5.6052947521750
-46.6359604863156,-5.6052947521750
-46.6089604863156,-5.6052947521750
-46.5819604863156,-5.6052947521750
-46.5549604863156,-5.6052947521750
-46.5279604863156,-5.6052947521750
-46.5009604863156,-5.6052947521750
-46.4739604863156,-5.6052947521750
-46.4469604863156,-5.6052947521750
-46.4199604863156,-5.6052947521750
-46.3794604863156,-5.5819120771750
-46.3659604863156,-5.5585294021750
-46.3524604863156,-5.5351467271750
-46.3389604863156,-5.5117640521750
-46.3794604863156,-4.9271971771750
-46.7844604863156,-4.9271971771750
-46.7844604863156,-5.6286774271750
-46.3794604863156,-5.6286774271750
-46.2579604863156,-5.1376412521750
-46.2714604863156,-5.1142585771750
-46.2849604863156,-5.0908759021750
-46.2984604863156,-5.0674932271750
-46.3119604863156,-5.0441105521750
-46.3254604863156,-5.0207278771750
-46.3389604863156,-4.9973452021750
-46.3524604863156,-4.9739625271750
-46.3659604863156,-4.9505798521750
-46.4064604863156,-4.9271971771750
-46.4334604863156,-4.9271971771750
-46.4604604863156,-4.9271971771750
-46.4874604863156,-4.9271971771750
-46.5144604863156,-4.9271971771750
-46.5414604863156,-4.9271971771750
-46.5684604863156,-4.9271971771750
-46.5954604863156,-4.9271971771750
-46.6224604863156,-4.9271971771750
-46.6494604863156,-4.9271971771750
-46.6764604863156,-4.9271971771750
-46.7034604863156,-4.9271971771750
-46.7304604863156,-4.9271971771750
-46.7574604863156,-4.9271971771750
-46.7979604863156,-4.9505798521750
-46.8114604863156,-4.9739625271750
-46.8249604863156,-4.9973452021750
-46.8384604863156,-5.0207278771750
-46.8519604863156,-5.0441105521750
-46.8654604863156,-5.0674932271750
-46.8924604863156,-5.4416160271750
-46.8789604863156,-5.4649987021750
-46.8654604863156,-5.4883813771750
-46.8519604863156,-5.5117640521750
-46.8384604863156,-5.5351467271750
-46.8249604863156,-5.5585294021750
-46.8114604863156,-5.5819120771750
-46.7979604863156,-5.6052947521750
-46.7574604863156,-5.6286774271750
-46.7304604863156,-5.6286774271750
-46.7034604863156,-5.6286774271750
-46.6764604863156,-5.6286774271750
-46.6494604863156,-5.6286774271750
-46.6224604863156,-5.6286774271750
-46.5954604863156,-5.6286774271750
-46.5684604863156,-5.6286774271750
-46.5414604863156,-5.6286774271750
-46.5144604863156,-5.6286774271750
-46.4874604863156,-5.6286774271750
-46.4604604863156,-5.6286774271750
-46.4334604863156,-5.6286774271750
-46.4064604863156,-5.6286774271750
-46.3659604863156,-5.6052947521750
-46.3524604863156,-5.5819120771750
-46.3389604863156,-5.5585294021750
-46.3659604863156,-4.9038145021750
-46.7979604863156,-4.9038145021750
-46.7979604863156,-5.6520601021750
-46.3659604863156,-5.6520601021750
-46.2309604863156,-5.1376412521750
-46.2444604863156,-5.1142585771750
-46.2579604863156,-5.0908759021750
-46.2714604863156,-5.0674932271750
-46.2849604863156,-5.0441105521750
-46.2984604863156,-5.0207278771750
-46.3119604863156,-4.9973452021750
-46.3254604863156,-4.9739625271750
-46.3389604863156,-4.9505798521750
-46.3524604863156,-4.9271971771750
-46.3929604863156,-4.9038145021750
-46.4199604863156,-4.9038145021750
-46.4469604863156,-4.9038145021750
-46.4739604863156,-4.9038145021750
-46.5009604863156,-4.9038145021750
-46.5279604863156,-4.9038145021750
-46.5549604863156,-4.9038145021750
-46.5819604863156,-4.9038145021750
-46.6089604863156,-4.9038145021750
-46.6359604863156,-4.9038145021750
-46.6629604863156,-4.9038145021750
-46.6899604863156,-4.9038145021750
-46.7169604863156,-4.9038145021750
-46.7439604863156,-4.9038145021750
-46.7709604863156,-4.9038145021750
-46.8114604863156,-4.9271971771750
-46.8249604863156,-4.9505798521750
-46.8384604863156,-4.9739625271750
-46.8519604863156,-4.9973452021750
-46.8654604863156,-5.0207278771750
-46.8789604863156,-5.0441105521750
-46.9194604863156,-5.4416160271750
-46.9059604863156,-5.4649987021750
-46.8924604863156,-5.4883813771750
-46.8789604863156,-5.5117640521750
-46.8654604863156,-5.5351467271750
-46.8519604863156,-5.5585294021750
-46.8384604863156,-5.5819120771750
-46.8249604863156,-5.6052947521750
-46.8114604863156,-5.6286774271750
-46.7709604863156,-5.6520601021750
-46.7439604863156,-5.6520601021750
-46.7169604863156,-5.6520601021750
-46.6899604863156,-5.6520601021750
-46.6629604863156,-5.6520601021750
-46.6359604863156,-5.6520601021750
-46.6089604863156,-5.6520601021750
-46.5819604863156,-5.6520601021750
-46.5549604863156,-5.6520601021750
-46.5279604863156,-5.6520601021750
-46.5009604863156,-5.6520601021750
-46.4739604863156,-5.6520601021750
-46.4469604863156,-5.6520601021750
-46.4199604863156,-5.6520601021750
-46.3929604863156,-5.6520601021750
-46.3524604863156,-5.6286774271750
-46.3389604863156,-5.6052947521750
-46.3524604863156,-4.8804318271750
-46.8114604863156,-4.8804318271750
-46.8114604863156,-5.6754427771750
-46.3524604863156,-5.6754427771750
-46.2174604863156,-5.1142585771750
-46.2309604863156,-5.0908759021750
-46.2444604863156,-5.0674932271750
-46.2579604863156,-5.0441105521750
-46.2714604863156,-5.0207278771750
-46.2849604863156,-4.9973452021750
-46.2984604863156,-4.9739625271750
-46.3119604863156,-4.9505798521750
-46.3254604863156,-4.9271971771750
-46.3389604863156,-4.9038145021750
-46.3794604863156,-4.8804318271750
-46.4064604863156,-4.8804318271750
-46.4334604863156,-4.8804318271750
-46.4604604863156,-4.8804318271750
-46.4874604863156,-4.8804318271750
-46.5144604863156,-4.8804318271750
-46.5414604863156,-4.8804318271750
-46.5684604863156,-4.8804318271750
-46.5954604863156,-4.8804318271750
-46.6224604863156,-4.8804318271750
-46.6494604863156,-4.8804318271750
-46.6764604863156,-4.8804318271750
-46.7034604863156,-4.8804318271750
-46.7304604863156,-4.8804318271750
-46.7574604863156,-4.8804318271750
-46.7844604863156,-4.8804318271750
-46.8249604863156,-4.9038145021750
-46.8384604863156,-4.9271971771750
-46.8519604863156,-4.9505798521750
-46.8654604863156,-4.9739625271750
-46.8789604863156,-4.9973452021750
-46.8924604863156,-5.0207278771750
-46.9194604863156,-5.4883813771750
-46.9059604863156,-5.5117640521750
-46.8924604863156,-5.5351467271750
-46.8789604863156,-5.5585294021750
-46.8654604863156,-5.5819120771750
-46.8519604863156,-5.6052947521750
-46.8384604863156,-5.6286774271750
-46.8249604863156,-5.6520601021750
-46.7844604863156,-5.6754427771750
-46.7574604863156,-5.6754427771750
-46.7304604863156,-5.6754427771750
-46.7034604863156,-5.6754427771750
-46.6764604863156,-5.6754427771750
-46.6494604863156,-5.6754427771750
-46.6224604863156,-5.6754427771750
-46.5954604863156,-5.6754427771750
-46.5684604863156,-5.6754427771750
-46.5414604863156,-5.6754427771750
-46.5144604863156,-5.6754427771750
-46.4874604863156,-5.6754427771750
-46.4604604863156,-5.6754427771750
-46.4334604863156,-5.6754427771750
-46.4064604863156,-5.6754427771750
-46.3794604863156,-5.6754427771750
-46.3389604863156,-5.6520601021750
-46.3389604863156,-4.8570491521750
-46.8249604863156,-4.8570491521750
-46.8249604863156,-5.6988254521750
-46.2039604863156,-5.0908759021750
-46.2174604863156,-5.0674932271750
-46.2309604863156,-5.0441105521750
-46.2444604863156,-5.0207278771750
-46.2579604863156,-4.9973452021750
-46.2714604863156,-4.9739625271750
-46.2849604863156,-4.9505798521750
-46.2984604863156,-4.9271971771750
-46.3119604863156,-4.9038145021750
-46.3254604863156,-4.8804318271750
-46.3659604863156,-4.8570491521750
-46.3929604863156,-4.8570491521750
-46.4199604863156,-4.8570491521750
-46.4469604863156,-4.8570491521750
-46.4739604863156,-4.8570491521750
-46.5009604863156,-4.8570491521750
-46.5279604863156,-4.8570491521750
-46.5549604863156,-4.8570491521750
-46.5819604863156,-4.8570491521750
-46.6089604863156,-4.8570491521750
-46.6359604863156,-4.8570491521750
-46.6629604863156,-4.8570491521750
-46.6899604863156,-4.8570491521750
-46.7169604863156,-4.8570491521750
-46.7439604863156,-4.8570491521750
-46.7709604863156,-4.8570491521750
-46.7979604863156,-4.8570491521750
-46.8384604863156,-4.8804318271750
-46.8519604863156,-4.9038145021750
-46.8654604863156,-4.9271971771750
-46.8789604863156,-4.9505798521750
-46.8924604863156,-4.9739625271750
-46.9059604863156,-4.9973452021750
-46.9329604863156,-5.5117640521750
-46.9194604863156,-5.5351467271750
-46.9059604863156,-5.5585294021750
-46.8924604863156,-5.5819120771750
-46.8789604863156,-5.6052947521750
-46.8654604863156,-5.6286774271750
-46.8519604863156,-5.6520601021750
-46.8384604863156,-5.6754427771750
-46.7979604863156,-5.6988254521750
-46.7709604863156,-5.6988254521750
-46.7439604863156,-5.6988254521750
-46.7169604863156,-5.6988254521750
-46.6899604863156,-5.6988254521750
-46.6629604863156,-5.6988254521750
-46.6359604863156,-5.6988254521750
-46.6089604863156,-5.6988254521750
-46.5819604863156,-5.6988254521750
-46.5549604863156,-5.6988254521750
-46.5279604863156,-5.6988254521750
-46.5009604863156,-5.6988254521750
-46.4739604863156,-5.6988254521750
-46.4469604863156,-5.6988254521750
-46.4199604863156,-5.6988254521750
-46.3929604863156,-5.6988254521750
-46.8384604863156,-5.7222081271750
-46.1904604863156,-5.0674932271750
-46.2039604863156,-5.0441105521750
-46.2174604863156,-5.0207278771750
-46.2309604863156,-4.9973452021750
-46.2444604863156,-4.9739625271750
-46.2579604863156,-4.9505798521750
-46.2714604863156,-4.9271971771750
-46.2849604863156,-4.9038145021750
-46.2984604863156,-4.8804318271750
-46.3119604863156,-4.8570491521750
-46.8519604863156,-4.8570491521750
-46.8654604863156,-4.8804318271750
-46.8789604863156,-4.9038145021750
-46.8924604863156,-4.9271971771750
-46.9059604863156,-4.9505798521750
-46.9464604863156,-5.5351467271750
-46.9329604863156,-5.5585294021750
-46.9194604863156,-5.5819120771750
-46.9059604863156,-5.6052947521750
-46.8924604863156,-5.6286774271750
-46.8789604863156,-5.6520601021750
-46.8654604863156,-5.6754427771750
-46.8519604863156,-5.6988254521750
-46.8114604863156,-5.7222081271750
-46.7844604863156,-5.7222081271750
-46.7574604863156,-5.7222081271750
-46.7304604863156,-5.7222081271750
-46.7034604863156,-5.7222081271750
-46.6764604863156,-5.7222081271750
-46.6494604863156,-5.7222081271750
-46.6224604863156,-5.7222081271750
-46.5954604863156,-5.7222081271750
-46.5684604863156,-5.7222081271750
-46.5414604863156,-5.7222081271750
-46.5144604863156,-5.7222081271750
-46.4874604863156,-5.7222081271750
-46.4604604863156,-5.7222081271750
-46.4334604863156,-5.7222081271750
-46.4064604863156,-5.7222081271750
-46.8519604863156,-5.7455908021750
-46.1769604863156,-5.0441105521750
-46.1904604863156,-5.0207278771750
-46.2039604863156,-4.9973452021750
-46.2174604863156,-4.9739625271750
-46.2309604863156,-4.9505798521750
-46.2444604863156,-4.9271971771750
-46.2579604863156,-4.9038145021750
-46.2714604863156,-4.8804318271750
-46.2849604863156,-4.8570491521750
-46.8789604863156,-4.8570491521750
-46.8924604863156,-4.8804318271750
-46.9059604863156,-4.9038145021750
-46.9194604863156,-4.9271971771750
-46.9464604863156,-5.5819120771750
-46.9329604863156,-5.6052947521750
-46.9194604863156,-5.6286774271750
-46.9059604863156,-5.6520601021750
-46.8924604863156,-5.6754427771750
-46.8789604863156,-5.6988254521750
-46.8654604863156,-5.7222081271750
-46.8249604863156,-5.7455908021750
-46.7979604863156,-5.7455908021750
-46.7709604863156,-5.7455908021750
-46.7439604863156,-5.7455908021750
-46.7169604863156,-5.7455908021750
-46.6899604863156,-5.7455908021750
-46.6629604863156,-5.7455908021750
-46.6359604863156,-5.7455908021750
-46.4739604863156,-5.7455908021750
-46.8654604863156,-5.7689734771750
-46.1499604863156,-5.0441105521750
-46.1634604863156,-5.0207278771750
-46.1769604863156,-4.9973452021750
-46.1904604863156,-4.9739625271750
-46.2039604863156,-4.9505798521750
-46.2174604863156,-4.9271971771750
-46.2309604863156,-4.9038145021750
-46.2444604863156,-4.8804318271750
-46.2579604863156,-4.8570491521750
-46.9059604863156,-4.8570491521750
-46.9194604863156,-4.8804318271750
-46.9194604863156,-5.6754427771750
-46.9059604863156,-5.6988254521750
-46.8924604863156,-5.7222081271750
-46.8789604863156,-5.7455908021750
-46.8384604863156,-5.7689734771750
-46.8114604863156,-5.7689734771750
-46.7844604863156,-5.7689734771750
-46.7574604863156,-5.7689734771750
-46.8789604863156,-5.7923561521750
-46.1229604863156,-5.0441105521750
-46.1364604863156,-5.0207278771750
-46.1499604863156,-4.9973452021750
-46.1634604863156,-4.9739625271750
-46.1769604863156,-4.9505798521750
-46.1904604863156,-4.9271971771750
-46.2039604863156,-4.9038145021750
-46.2174604863156,-4.8804318271750
-46.2309604863156,-4.8570491521750
-46.9059604863156,-5.7455908021750
-46.8924604863156,-5.7689734771750
-46.8519604863156,-5.7923561521750
-46.8249604863156,-5.7923561521750
-46.7979604863156,-5.7923561521750
-46.7709604863156,-5.7923561521750
-46.1094604863156,-5.0207278771750
-46.1229604863156,-4.9973452021750
-46.1364604863156,-4.9739625271750
-46.1499604863156,-4.9505798521750
-46.1634604863156,-4.9271971771750
-46.1769604863156,-4.9038145021750
-46.1904604863156,-4.8804318271750
-46.2039604863156,-4.8570491521750
-46.8654604863156,-5.8157388271750
-46.8384604863156,-5.8157388271750
-46.8114604863156,-5.8157388271750
-46.7844604863156,-5.8157388271750
-46.0959604863156,-4.9973452021750
-46.1094604863156,-4.9739625271750
-46.1229604863156,-4.9505798521750
-46.1364604863156,-4.9271971771750
-46.1499604863156,-4.9038145021750
-46.1634604863156,-4.8804318271750
-46.1769604863156,-4.8570491521750
-46.8789604863156,-5.8391215021750
-46.8519604863156,-5.8391215021750
-46.8249604863156,-5.8391215021750
-46.7979604863156,-5.8391215021750
-46.0824604863156,-4.9739625271750
-46.0959604863156,-4.9505798521750
-46.1094604863156,-4.9271971771750
-46.1229604863156,-4.9038145021750
-46.1364604863156,-4.8804318271750
-46.1499604863156,-4.8570491521750
-46.8654604863156,-5.8625041771750
-46.8384604863156,-5.8625041771750
-46.8114604863156,-5.8625041771750
-46.0689604863156,-4.9505798521750
-46.0824604863156,-4.9271971771750
-46.0959604863156,-4.9038145021750
-46.1094604863156,-4.8804318271750
-46.1229604863156,-4.8570491521750
-46.8789604863156,-5.8858868521750
-46.8519604863156,-5.8858868521750
-46.8249604863156,-5.8858868521750
-46.7979604863156,-5.8858868521750
-46.0419604863156,-4.9505798521750
-46.0554604863156,-4.9271971771750
-46.0689604863156,-4.9038145021750
-46.0824604863156,-4.8804318271750
-46.0959604863156,-4.8570491521750
-46.0284604863156,-4.9271971771750
-46.0419604863156,-4.9038145021750
-46.0554604863156,-4.8804318271750
-46.0689604863156,-4.8570491521750
-46.0284604863156,-4.8804318271750
-46.0419604863156,-4.8570491521750
-46.0149604863156,-4.8570491521750
