-45.0008624773066,-3.1557946035803
-45.0143624773066,-3.1324119285803
-45.0278624773066,-3.1557946035803
-45.0143624773066,-3.1791772785803
-44.9873624773066,-3.1791772785803
-45.0548624773066,-3.1557946035803
-45.0278624773066,-3.2025599535803
-44.9738624773066,-3.2025599535803
-45.0413624773066,-3.1791772785803
-45.0008624773066,-3.2025599535803
-44.9603624773066,-3.1791772785803
-44.9198624773066,-3.1557946035803
-45.0818624773066,-3.1557946035803
-45.0413624773066,-3.2259426285803
-44.9603624773066,-3.2259426285803
-45.0683624773066,-3.1324119285803
-45.0683624773066,-3.1791772785803
-45.0548624773066,-3.2025599535803
-45.0143624773066,-3.2259426285803
-44.9873624773066,-3.2259426285803
-44.9468624773066,-3.2025599535803
-44.9333624773066,-3.1791772785803
-44.8928624773066,-3.1557946035803
-45.1088624773066,-3.1557946035803
-44.9468624773066,-3.2493253035803
-45.0818624773066,-3.1090292535803
-45.0953624773066,-3.1324119285803
-45.0953624773066,-3.1791772785803
-45.0818624773066,-3.2025599535803
-45.0683624773066,-3.2259426285803
-45.0008624773066,-3.2493253035803
-44.9738624773066,-3.2493253035803
-44.9333624773066,-3.2259426285803
-44.9198624773066,-3.2025599535803
-44.9063624773066,-3.1791772785803
-44.8658624773066,-3.1557946035803
-45.1358624773066,-3.1557946035803
-44.9333624773066,-3.2727079785803
-44.8793624773066,-3.1324119285803
-45.0953624773066,-3.0856465785803
-45.1088624773066,-3.1090292535803
-45.1223624773066,-3.1324119285803
-45.1223624773066,-3.1791772785803
-45.1088624773066,-3.2025599535803
-45.0953624773066,-3.2259426285803
-45.0143624773066,-3.2727079785803
-44.9873624773066,-3.2727079785803
-44.9603624773066,-3.2727079785803
-44.9198624773066,-3.2493253035803
-44.9063624773066,-3.2259426285803
-44.8928624773066,-3.2025599535803
-44.8793624773066,-3.1791772785803
-44.8388624773066,-3.1557946035803
-45.1628624773066,-3.1557946035803
-44.9198624773066,-3.2960906535803
-44.8523624773066,-3.1324119285803
-44.8658624773066,-3.1090292535803
-45.1223624773066,-3.0856465785803
-45.1358624773066,-3.1090292535803
-45.1493624773066,-3.1324119285803
-45.1493624773066,-3.1791772785803
-45.0008624773066,-3.2960906535803
-44.9738624773066,-3.2960906535803
-44.9468624773066,-3.2960906535803
-44.9063624773066,-3.2727079785803
-44.8928624773066,-3.2493253035803
-44.8793624773066,-3.2259426285803
-44.8658624773066,-3.2025599535803
-44.8523624773066,-3.1791772785803
-44.8118624773066,-3.1557946035803
-44.8253624773066,-3.1324119285803
-44.8388624773066,-3.1090292535803
-45.1493624773066,-3.0856465785803
-45.1628624773066,-3.1090292535803
-45.1763624773066,-3.1324119285803
-44.9873624773066,-3.3194733285803
-44.9603624773066,-3.3194733285803
-44.8793624773066,-3.2727079785803
-44.8658624773066,-3.2493253035803
-44.8523624773066,-3.2259426285803
-44.8388624773066,-3.2025599535803
-44.8253624773066,-3.1791772785803
-44.7848624773066,-3.1557946035803
-44.7983624773066,-3.1324119285803
-44.8118624773066,-3.1090292535803
-44.8253624773066,-3.0856465785803
-45.1493624773066,-3.0388812285803
-45.1628624773066,-3.0622639035803
-45.1763624773066,-3.0856465785803
-45.1898624773066,-3.1090292535803
-45.2033624773066,-3.1324119285803
-44.8523624773066,-3.2727079785803
-44.8388624773066,-3.2493253035803
-44.8253624773066,-3.2259426285803
-44.8118624773066,-3.2025599535803
-44.7983624773066,-3.1791772785803
-44.7578624773066,-3.1557946035803
-45.1223624773066,-2.9453505285803
-44.7713624773066,-3.1324119285803
-44.7848624773066,-3.1090292535803
-44.7983624773066,-3.0856465785803
-45.1358624773066,-2.9687332035803
-45.1493624773066,-2.9921158785803
-45.1628624773066,-3.0154985535803
-45.1763624773066,-3.0388812285803
-45.1898624773066,-3.0622639035803
-45.2033624773066,-3.0856465785803
-45.2168624773066,-3.1090292535803
-45.2303624773066,-3.1324119285803
-44.8253624773066,-3.2727079785803
-44.8118624773066,-3.2493253035803
-44.7983624773066,-3.2259426285803
-44.7848624773066,-3.2025599535803
-44.7713624773066,-3.1791772785803
-44.7308624773066,-3.1557946035803
-44.7443624773066,-3.1324119285803
-44.7578624773066,-3.1090292535803
-45.1493624773066,-2.9453505285803
-45.1628624773066,-2.9687332035803
-45.1763624773066,-2.9921158785803
-45.1898624773066,-3.0154985535803
-45.2033624773066,-3.0388812285803
-45.2168624773066,-3.0622639035803
-45.2303624773066,-3.0856465785803
-45.2438624773066,-3.1090292535803
-45.2573624773066,-3.1324119285803
-44.7983624773066,-3.2727079785803
-44.7848624773066,-3.2493253035803
-44.7443624773066,-3.1791772785803
-44.7038624773066,-3.1557946035803
-44.7173624773066,-3.1324119285803
-45.1763624773066,-2.9453505285803
-45.1898624773066,-2.9687332035803
-45.2033624773066,-2.9921158785803
-45.2168624773066,-3.0154985535803
-45.2303624773066,-3.0388812285803
-45.2438624773066,-3.0622639035803
-45.2573624773066,-3.0856465785803
-45.2708624773066,-3.1090292535803
-45.2843624773066,-3.1324119285803
-44.7848624773066,-3.2960906535803
-44.7713624773066,-3.2727079785803
-44.7173624773066,-3.1791772785803
-45.2168624773066,-2.9687332035803
-45.2573624773066,-3.0388812285803
-45.2708624773066,-3.0622639035803
-45.2978624773066,-3.1090292535803
-44.7578624773066,-3.2960906535803
