-45.9314750624565,-4.2698917399486
-45.9044750624565,-4.2698917399486
-45.9179750624565,-4.2465090649486
-45.9449750624565,-4.2465090649486
-45.9584750624565,-4.2698917399486
-45.9449750624565,-4.2932744149486
-45.9179750624565,-4.2932744149486
-45.8774750624565,-4.2698917399486
-45.9044750624565,-4.2231263899486
-45.9584750624565,-4.2231263899486
-45.9854750624565,-4.2698917399486
-45.9584750624565,-4.3166570899486
-45.9044750624565,-4.3166570899486
-45.8909750624565,-4.2465090649486
-45.9314750624565,-4.2231263899486
-45.9719750624565,-4.2465090649486
-45.9719750624565,-4.2932744149486
-45.9314750624565,-4.3166570899486
-45.8909750624565,-4.2932744149486
-45.8504750624565,-4.2698917399486
-45.8909750624565,-4.1997437149486
-45.9719750624565,-4.1997437149486
-46.0124750624565,-4.2698917399486
-45.9719750624565,-4.3400397649486
-45.8909750624565,-4.3400397649486
-45.8639750624565,-4.2465090649486
-45.8774750624565,-4.2231263899486
-45.9179750624565,-4.1997437149486
-45.9449750624565,-4.1997437149486
-45.9854750624565,-4.2231263899486
-45.9989750624565,-4.2465090649486
-45.9989750624565,-4.2932744149486
-45.9854750624565,-4.3166570899486
-45.9449750624565,-4.3400397649486
-45.9179750624565,-4.3400397649486
-45.8774750624565,-4.3166570899486
-45.8639750624565,-4.2932744149486
-45.8234750624565,-4.2698917399486
-45.8774750624565,-4.1763610399486
-45.9854750624565,-4.1763610399486
-46.0394750624565,-4.2698917399486
-45.9854750624565,-4.3634224399486
-45.8774750624565,-4.3634224399486
-45.8369750624565,-4.2465090649486
-45.8504750624565,-4.2231263899486
-45.8639750624565,-4.1997437149486
-45.9044750624565,-4.1763610399486
-45.9314750624565,-4.1763610399486
-45.9584750624565,-4.1763610399486
-45.9989750624565,-4.1997437149486
-46.0124750624565,-4.2231263899486
-46.0259750624565,-4.2465090649486
-46.0259750624565,-4.2932744149486
-46.0124750624565,-4.3166570899486
-45.9989750624565,-4.3400397649486
-45.9584750624565,-4.3634224399486
-45.9314750624565,-4.3634224399486
-45.9044750624565,-4.3634224399486
-45.8639750624565,-4.3400397649486
-45.8504750624565,-4.3166570899486
-45.8369750624565,-4.2932744149486
-45.8639750624565,-4.1529783649486
-45.9989750624565,-4.1529783649486
-46.0664750624565,-4.2698917399486
-45.9989750624565,-4.3868051149486
-45.8639750624565,-4.3868051149486
-45.8099750624565,-4.2465090649486
-45.8234750624565,-4.2231263899486
-45.8369750624565,-4.1997437149486
-45.8504750624565,-4.1763610399486
-45.8909750624565,-4.1529783649486
-45.9179750624565,-4.1529783649486
-45.9449750624565,-4.1529783649486
-45.9719750624565,-4.1529783649486
-46.0124750624565,-4.1763610399486
-46.0259750624565,-4.1997437149486
-46.0394750624565,-4.2231263899486
-46.0529750624565,-4.2465090649486
-46.0529750624565,-4.2932744149486
-46.0394750624565,-4.3166570899486
-46.0259750624565,-4.3400397649486
-46.0124750624565,-4.3634224399486
-45.9719750624565,-4.3868051149486
-45.9449750624565,-4.3868051149486
-45.9179750624565,-4.3868051149486
-45.8909750624565,-4.3868051149486
-45.8504750624565,-4.3634224399486
-45.8369750624565,-4.3400397649486
-45.8234750624565,-4.3166570899486
-45.8099750624565,-4.2932744149486
-45.8504750624565,-4.1295956899486
-46.0124750624565,-4.1295956899486
-46.0934750624565,-4.2698917399486
-46.0124750624565,-4.4101877899486
-45.8504750624565,-4.4101877899486
-45.7829750624565,-4.2465090649486
-45.7964750624565,-4.2231263899486
-45.8099750624565,-4.1997437149486
-45.8234750624565,-4.1763610399486
-45.8369750624565,-4.1529783649486
-45.8774750624565,-4.1295956899486
-45.9044750624565,-4.1295956899486
-45.9314750624565,-4.1295956899486
-45.9584750624565,-4.1295956899486
-45.9854750624565,-4.1295956899486
-46.0259750624565,-4.1529783649486
-46.0394750624565,-4.1763610399486
-46.0529750624565,-4.1997437149486
-46.0664750624565,-4.2231263899486
-46.0799750624565,-4.2465090649486
-46.0799750624565,-4.2932744149486
-46.0664750624565,-4.3166570899486
-46.0529750624565,-4.3400397649486
-46.0394750624565,-4.3634224399486
-46.0259750624565,-4.3868051149486
-45.9854750624565,-4.4101877899486
-45.9584750624565,-4.4101877899486
-45.9314750624565,-4.4101877899486
-45.9044750624565,-4.4101877899486
-45.8774750624565,-4.4101877899486
-45.8369750624565,-4.3868051149486
-45.8234750624565,-4.3634224399486
-45.8099750624565,-4.3400397649486
-45.7964750624565,-4.3166570899486
-45.8369750624565,-4.1062130149486
-46.0259750624565,-4.1062130149486
-46.1204750624565,-4.2698917399486
-46.0259750624565,-4.4335704649486
-45.8369750624565,-4.4335704649486
-45.7694750624565,-4.2231263899486
-45.7829750624565,-4.1997437149486
-45.7964750624565,-4.1763610399486
-45.8099750624565,-4.1529783649486
-45.8234750624565,-4.1295956899486
-45.8639750624565,-4.1062130149486
-45.8909750624565,-4.1062130149486
-45.9179750624565,-4.1062130149486
-45.9449750624565,-4.1062130149486
-45.9719750624565,-4.1062130149486
-45.9989750624565,-4.1062130149486
-46.0394750624565,-4.1295956899486
-46.0529750624565,-4.1529783649486
-46.0664750624565,-4.1763610399486
-46.0799750624565,-4.1997437149486
-46.0934750624565,-4.2231263899486
-46.1069750624565,-4.2465090649486
-46.1069750624565,-4.2932744149486
-46.0934750624565,-4.3166570899486
-46.0799750624565,-4.3400397649486
-46.0664750624565,-4.3634224399486
-46.0529750624565,-4.3868051149486
-46.0394750624565,-4.4101877899486
-45.9989750624565,-4.4335704649486
-45.9719750624565,-4.4335704649486
-45.9449750624565,-4.4335704649486
-45.9179750624565,-4.4335704649486
-45.8909750624565,-4.4335704649486
-45.8639750624565,-4.4335704649486
-45.8234750624565,-4.4101877899486
-45.8234750624565,-4.0828303399486
-46.0394750624565,-4.0828303399486
-46.1474750624565,-4.2698917399486
-46.0394750624565,-4.4569531399486
-45.8234750624565,-4.4569531399486
-45.7424750624565,-4.2231263899486
-45.7559750624565,-4.1997437149486
-45.7694750624565,-4.1763610399486
-45.7829750624565,-4.1529783649486
-45.7964750624565,-4.1295956899486
-45.8099750624565,-4.1062130149486
-45.8504750624565,-4.0828303399486
-45.8774750624565,-4.0828303399486
-45.9044750624565,-4.0828303399486
-45.9314750624565,-4.0828303399486
-45.9584750624565,-4.0828303399486
-45.9854750624565,-4.0828303399486
-46.0124750624565,-4.0828303399486
-46.0529750624565,-4.1062130149486
-46.0664750624565,-4.1295956899486
-46.0799750624565,-4.1529783649486
-46.0934750624565,-4.1763610399486
-46.1069750624565,-4.1997437149486
-46.1204750624565,-4.2231263899486
-46.1339750624565,-4.2465090649486
-46.1339750624565,-4.2932744149486
-46.1204750624565,-4.3166570899486
-46.1069750624565,-4.3400397649486
-46.0934750624565,-4.3634224399486
-46.0799750624565,-4.3868051149486
-46.0664750624565,-4.4101877899486
-46.0529750624565,-4.4335704649486
-46.0124750624565,-4.4569531399486
-45.9854750624565,-4.4569531399486
-45.9584750624565,-4.4569531399486
-45.9314750624565,-4.4569531399486
-45.9044750624565,-4.4569531399486
-45.8774750624565,-4.4569531399486
-45.8504750624565,-4.4569531399486
-45.8099750624565,-4.4335704649486
-45.8099750624565,-4.0594476649486
-46.0529750624565,-4.0594476649486
-46.1744750624565,-4.2698917399486
-46.0529750624565,-4.4803358149486
-45.8099750624565,-4.4803358149486
-45.7154750624565,-4.2231263899486
-45.7289750624565,-4.1997437149486
-45.7424750624565,-4.1763610399486
-45.7559750624565,-4.1529783649486
-45.7694750624565,-4.1295956899486
-45.7829750624565,-4.1062130149486
-45.7964750624565,-4.0828303399486
-45.8369750624565,-4.0594476649486
-45.8639750624565,-4.0594476649486
-45.8909750624565,-4.0594476649486
-45.9179750624565,-4.0594476649486
-45.9449750624565,-4.0594476649486
-45.9719750624565,-4.0594476649486
-45.9989750624565,-4.0594476649486
-46.0259750624565,-4.0594476649486
-46.0664750624565,-4.0828303399486
-46.0799750624565,-4.1062130149486
-46.0934750624565,-4.1295956899486
-46.1069750624565,-4.1529783649486
-46.1204750624565,-4.1763610399486
-46.1339750624565,-4.1997437149486
-46.1474750624565,-4.2231263899486
-46.1609750624565,-4.2465090649486
-46.1609750624565,-4.2932744149486
-46.1474750624565,-4.3166570899486
-46.1339750624565,-4.3400397649486
-46.1204750624565,-4.3634224399486
-46.1069750624565,-4.3868051149486
-46.0934750624565,-4.4101877899486
-46.0799750624565,-4.4335704649486
-46.0664750624565,-4.4569531399486
-46.0259750624565,-4.4803358149486
-45.9989750624565,-4.4803358149486
-45.9719750624565,-4.4803358149486
-45.9449750624565,-4.4803358149486
-45.9179750624565,-4.4803358149486
-45.8909750624565,-4.4803358149486
-45.8639750624565,-4.4803358149486
-45.8369750624565,-4.4803358149486
-45.7964750624565,-4.4569531399486
-45.7964750624565,-4.0360649899486
-46.0664750624565,-4.0360649899486
-46.2014750624565,-4.2698917399486
-46.0664750624565,-4.5037184899486
-45.7964750624565,-4.5037184899486
-45.7019750624565,-4.1997437149486
-45.7154750624565,-4.1763610399486
-45.7289750624565,-4.1529783649486
-45.7424750624565,-4.1295956899486
-45.7559750624565,-4.1062130149486
-45.7694750624565,-4.0828303399486
-45.7829750624565,-4.0594476649486
-45.8234750624565,-4.0360649899486
-45.8504750624565,-4.0360649899486
-45.8774750624565,-4.0360649899486
-45.9044750624565,-4.0360649899486
-45.9314750624565,-4.0360649899486
-45.9584750624565,-4.0360649899486
-45.9854750624565,-4.0360649899486
-46.0124750624565,-4.0360649899486
-46.0394750624565,-4.0360649899486
-46.0799750624565,-4.0594476649486
-46.0934750624565,-4.0828303399486
-46.1069750624565,-4.1062130149486
-46.1204750624565,-4.1295956899486
-46.1339750624565,-4.1529783649486
-46.1474750624565,-4.1763610399486
-46.1609750624565,-4.1997437149486
-46.1744750624565,-4.2231263899486
-46.1879750624565,-4.2465090649486
-46.1879750624565,-4.2932744149486
-46.1744750624565,-4.3166570899486
-46.1609750624565,-4.3400397649486
-46.1474750624565,-4.3634224399486
-46.1339750624565,-4.3868051149486
-46.1204750624565,-4.4101877899486
-46.1069750624565,-4.4335704649486
-46.0934750624565,-4.4569531399486
-46.0799750624565,-4.4803358149486
-46.0394750624565,-4.5037184899486
-46.0124750624565,-4.5037184899486
-45.9854750624565,-4.5037184899486
-45.9584750624565,-4.5037184899486
-45.9314750624565,-4.5037184899486
-45.9044750624565,-4.5037184899486
-45.8774750624565,-4.5037184899486
-45.8504750624565,-4.5037184899486
-45.8234750624565,-4.5037184899486
-45.7829750624565,-4.0126823149486
-46.2284750624565,-4.2698917399486
-46.0799750624565,-4.5271011649486
-45.7829750624565,-4.5271011649486
-45.6749750624565,-4.1997437149486
-45.6884750624565,-4.1763610399486
-45.7019750624565,-4.1529783649486
-45.7154750624565,-4.1295956899486
-45.7289750624565,-4.1062130149486
-45.7424750624565,-4.0828303399486
-45.7559750624565,-4.0594476649486
-45.7694750624565,-4.0360649899486
-45.8099750624565,-4.0126823149486
-45.8369750624565,-4.0126823149486
-45.8639750624565,-4.0126823149486
-45.8909750624565,-4.0126823149486
-45.9179750624565,-4.0126823149486
-45.9449750624565,-4.0126823149486
-45.9719750624565,-4.0126823149486
-45.9989750624565,-4.0126823149486
-46.0259750624565,-4.0126823149486
-46.0529750624565,-4.0126823149486
-46.0934750624565,-4.0360649899486
-46.1069750624565,-4.0594476649486
-46.1204750624565,-4.0828303399486
-46.1339750624565,-4.1062130149486
-46.1474750624565,-4.1295956899486
-46.1609750624565,-4.1529783649486
-46.1744750624565,-4.1763610399486
-46.1879750624565,-4.1997437149486
-46.2014750624565,-4.2231263899486
-46.2149750624565,-4.2465090649486
-46.2149750624565,-4.2932744149486
-46.2014750624565,-4.3166570899486
-46.1879750624565,-4.3400397649486
-46.1744750624565,-4.3634224399486
-46.1609750624565,-4.3868051149486
-46.1474750624565,-4.4101877899486
-46.1339750624565,-4.4335704649486
-46.1204750624565,-4.4569531399486
-46.1069750624565,-4.4803358149486
-46.0934750624565,-4.5037184899486
-46.0529750624565,-4.5271011649486
-46.0259750624565,-4.5271011649486
-45.9989750624565,-4.5271011649486
-45.9719750624565,-4.5271011649486
-45.9449750624565,-4.5271011649486
-45.9179750624565,-4.5271011649486
-45.8909750624565,-4.5271011649486
-45.8639750624565,-4.5271011649486
-45.8369750624565,-4.5271011649486
-45.8099750624565,-4.5271011649486
-45.7694750624565,-3.9892996399486
-46.0934750624565,-4.5504838399486
-45.7694750624565,-4.5504838399486
-45.6614750624565,-4.1763610399486
-45.6749750624565,-4.1529783649486
-45.6884750624565,-4.1295956899486
-45.7019750624565,-4.1062130149486
-45.7154750624565,-4.0828303399486
-45.7289750624565,-4.0594476649486
-45.7424750624565,-4.0360649899486
-45.7559750624565,-4.0126823149486
-45.7964750624565,-3.9892996399486
-45.8234750624565,-3.9892996399486
-45.8504750624565,-3.9892996399486
-45.8774750624565,-3.9892996399486
-45.9044750624565,-3.9892996399486
-45.9314750624565,-3.9892996399486
-45.9584750624565,-3.9892996399486
-45.9854750624565,-3.9892996399486
-46.2419750624565,-4.2932744149486
-46.2284750624565,-4.3166570899486
-46.2149750624565,-4.3400397649486
-46.2014750624565,-4.3634224399486
-46.1879750624565,-4.3868051149486
-46.1744750624565,-4.4101877899486
-46.1609750624565,-4.4335704649486
-46.1474750624565,-4.4569531399486
-46.1339750624565,-4.4803358149486
-46.1204750624565,-4.5037184899486
-46.1069750624565,-4.5271011649486
-46.0664750624565,-4.5504838399486
-46.0394750624565,-4.5504838399486
-46.0124750624565,-4.5504838399486
-45.9854750624565,-4.5504838399486
-45.9584750624565,-4.5504838399486
-45.9314750624565,-4.5504838399486
-45.9044750624565,-4.5504838399486
-45.8774750624565,-4.5504838399486
-45.8504750624565,-4.5504838399486
-45.8234750624565,-4.5504838399486
-45.7964750624565,-4.5504838399486
-45.7559750624565,-3.9659169649486
-46.1069750624565,-4.5738665149486
-45.6344750624565,-4.1763610399486
-45.6479750624565,-4.1529783649486
-45.6614750624565,-4.1295956899486
-45.6749750624565,-4.1062130149486
-45.6884750624565,-4.0828303399486
-45.7019750624565,-4.0594476649486
-45.7154750624565,-4.0360649899486
-45.7289750624565,-4.0126823149486
-45.7424750624565,-3.9892996399486
-45.7829750624565,-3.9659169649486
-45.8099750624565,-3.9659169649486
-45.8369750624565,-3.9659169649486
-45.8639750624565,-3.9659169649486
-45.8909750624565,-3.9659169649486
-45.9179750624565,-3.9659169649486
-45.9449750624565,-3.9659169649486
-46.2554750624565,-4.3166570899486
-46.2419750624565,-4.3400397649486
-46.2284750624565,-4.3634224399486
-46.2149750624565,-4.3868051149486
-46.2014750624565,-4.4101877899486
-46.1879750624565,-4.4335704649486
-46.1744750624565,-4.4569531399486
-46.1609750624565,-4.4803358149486
-46.1474750624565,-4.5037184899486
-46.1339750624565,-4.5271011649486
-46.1204750624565,-4.5504838399486
-46.0799750624565,-4.5738665149486
-46.0529750624565,-4.5738665149486
-46.0259750624565,-4.5738665149486
-45.9989750624565,-4.5738665149486
-45.9719750624565,-4.5738665149486
-45.9449750624565,-4.5738665149486
-45.7424750624565,-4.5504838399486
-45.7424750624565,-3.9425342899486
-46.1204750624565,-4.5972491899486
-45.6074750624565,-4.1763610399486
-45.6209750624565,-4.1529783649486
-45.6344750624565,-4.1295956899486
-45.6479750624565,-4.1062130149486
-45.6614750624565,-4.0828303399486
-45.6749750624565,-4.0594476649486
-45.6884750624565,-4.0360649899486
-45.7019750624565,-4.0126823149486
-45.7154750624565,-3.9892996399486
-45.7289750624565,-3.9659169649486
-45.7694750624565,-3.9425342899486
-45.7964750624565,-3.9425342899486
-45.8234750624565,-3.9425342899486
-45.8504750624565,-3.9425342899486
-45.8774750624565,-3.9425342899486
-45.9044750624565,-3.9425342899486
-46.2284750624565,-4.4101877899486
-46.2149750624565,-4.4335704649486
-46.2014750624565,-4.4569531399486
-46.1879750624565,-4.4803358149486
-46.1744750624565,-4.5037184899486
-46.1609750624565,-4.5271011649486
-46.1474750624565,-4.5504838399486
-46.1339750624565,-4.5738665149486
-46.0934750624565,-4.5972491899486
-46.0664750624565,-4.5972491899486
-46.0394750624565,-4.5972491899486
-46.0124750624565,-4.5972491899486
-45.9854750624565,-4.5972491899486
-45.9584750624565,-4.5972491899486
-45.9314750624565,-4.5972491899486
-45.7289750624565,-3.9191516149486
-46.1339750624565,-4.6206318649486
-45.5939750624565,-4.1529783649486
-45.6074750624565,-4.1295956899486
-45.6209750624565,-4.1062130149486
-45.6344750624565,-4.0828303399486
-45.6479750624565,-4.0594476649486
-45.6614750624565,-4.0360649899486
-45.6749750624565,-4.0126823149486
-45.6884750624565,-3.9892996399486
-45.7019750624565,-3.9659169649486
-45.7154750624565,-3.9425342899486
-45.7559750624565,-3.9191516149486
-45.7829750624565,-3.9191516149486
-45.8099750624565,-3.9191516149486
-45.8369750624565,-3.9191516149486
-45.8639750624565,-3.9191516149486
-45.8909750624565,-3.9191516149486
-46.1609750624565,-4.5738665149486
-46.1474750624565,-4.5972491899486
-46.1069750624565,-4.6206318649486
-46.0799750624565,-4.6206318649486
-46.0529750624565,-4.6206318649486
-46.0259750624565,-4.6206318649486
-45.9989750624565,-4.6206318649486
-45.9719750624565,-4.6206318649486
-45.9449750624565,-4.6206318649486
-45.7154750624565,-3.8957689399486
-46.1474750624565,-4.6440145399486
-45.5939750624565,-4.1062130149486
-45.6074750624565,-4.0828303399486
-45.6209750624565,-4.0594476649486
-45.6344750624565,-4.0360649899486
-45.6479750624565,-4.0126823149486
-45.6614750624565,-3.9892996399486
-45.6749750624565,-3.9659169649486
-45.6884750624565,-3.9425342899486
-45.7019750624565,-3.9191516149486
-45.7424750624565,-3.8957689399486
-45.7694750624565,-3.8957689399486
-45.7964750624565,-3.8957689399486
-45.8234750624565,-3.8957689399486
-45.8504750624565,-3.8957689399486
-45.8774750624565,-3.8957689399486
-46.1744750624565,-4.5972491899486
-46.1609750624565,-4.6206318649486
-46.1204750624565,-4.6440145399486
-46.0934750624565,-4.6440145399486
-46.0664750624565,-4.6440145399486
-46.0394750624565,-4.6440145399486
-46.0124750624565,-4.6440145399486
-45.9854750624565,-4.6440145399486
-45.9584750624565,-4.6440145399486
-45.9314750624565,-4.6440145399486
-45.7019750624565,-3.8723862649486
-46.1609750624565,-4.6673972149486
-45.5804750624565,-4.0828303399486
-45.5939750624565,-4.0594476649486
-45.6074750624565,-4.0360649899486
-45.6209750624565,-4.0126823149486
-45.6344750624565,-3.9892996399486
-45.6479750624565,-3.9659169649486
-45.6614750624565,-3.9425342899486
-45.6749750624565,-3.9191516149486
-45.6884750624565,-3.8957689399486
-45.7289750624565,-3.8723862649486
-45.7559750624565,-3.8723862649486
-45.7829750624565,-3.8723862649486
-45.8099750624565,-3.8723862649486
-45.8369750624565,-3.8723862649486
-46.1879750624565,-4.6206318649486
-46.1744750624565,-4.6440145399486
-46.1339750624565,-4.6673972149486
-46.1069750624565,-4.6673972149486
-46.0799750624565,-4.6673972149486
-46.0529750624565,-4.6673972149486
-46.0259750624565,-4.6673972149486
-45.9989750624565,-4.6673972149486
-45.9719750624565,-4.6673972149486
-45.9449750624565,-4.6673972149486
-45.6884750624565,-3.8490035899486
-46.1744750624565,-4.6907798899486
-45.5669750624565,-4.0594476649486
-45.5804750624565,-4.0360649899486
-45.5939750624565,-4.0126823149486
-45.6074750624565,-3.9892996399486
-45.6209750624565,-3.9659169649486
-45.6344750624565,-3.9425342899486
-45.6479750624565,-3.9191516149486
-45.6614750624565,-3.8957689399486
-45.6749750624565,-3.8723862649486
-45.7154750624565,-3.8490035899486
-45.7424750624565,-3.8490035899486
-45.7694750624565,-3.8490035899486
-45.7964750624565,-3.8490035899486
-45.8234750624565,-3.8490035899486
-46.2014750624565,-4.6440145399486
-46.1879750624565,-4.6673972149486
-46.1474750624565,-4.6907798899486
-46.1204750624565,-4.6907798899486
-46.0934750624565,-4.6907798899486
-46.0664750624565,-4.6907798899486
-46.0394750624565,-4.6907798899486
-46.0124750624565,-4.6907798899486
-45.9854750624565,-4.6907798899486
-45.9584750624565,-4.6907798899486
-45.6749750624565,-3.8256209149486
-46.1879750624565,-4.7141625649486
-45.5804750624565,-3.9892996399486
-45.5939750624565,-3.9659169649486
-45.6074750624565,-3.9425342899486
-45.6209750624565,-3.9191516149486
-45.6344750624565,-3.8957689399486
-45.6479750624565,-3.8723862649486
-45.6614750624565,-3.8490035899486
-45.7019750624565,-3.8256209149486
-45.7289750624565,-3.8256209149486
-45.7559750624565,-3.8256209149486
-45.8099750624565,-3.8256209149486
-45.8369750624565,-3.8256209149486
-46.2149750624565,-4.6673972149486
-46.2014750624565,-4.6907798899486
-46.1609750624565,-4.7141625649486
-46.1339750624565,-4.7141625649486
-46.1069750624565,-4.7141625649486
-46.0799750624565,-4.7141625649486
-46.0529750624565,-4.7141625649486
-46.0259750624565,-4.7141625649486
-45.9989750624565,-4.7141625649486
-45.9719750624565,-4.7141625649486
-45.6614750624565,-3.8022382399486
-46.2014750624565,-4.7375452399486
-45.6074750624565,-3.8957689399486
-45.6209750624565,-3.8723862649486
-45.6344750624565,-3.8490035899486
-45.6479750624565,-3.8256209149486
-45.6884750624565,-3.8022382399486
-45.7694750624565,-3.8022382399486
-46.1744750624565,-4.7375452399486
-46.1474750624565,-4.7375452399486
-46.1204750624565,-4.7375452399486
-46.0934750624565,-4.7375452399486
-46.0664750624565,-4.7375452399486
-46.0394750624565,-4.7375452399486
-46.0124750624565,-4.7375452399486
-45.6479750624565,-3.7788555649486
-45.6209750624565,-3.8256209149486
-45.6344750624565,-3.8022382399486
-45.6749750624565,-3.7788555649486
-46.1609750624565,-4.7609279149486
-46.1339750624565,-4.7609279149486
-46.1069750624565,-4.7609279149486
-46.0799750624565,-4.7609279149486
-46.0529750624565,-4.7609279149486
-46.0259750624565,-4.7609279149486
-45.6344750624565,-3.7554728899486
-45.6209750624565,-3.7788555649486
-45.6614750624565,-3.7554728899486
-46.1204750624565,-4.7843105899486
-46.0934750624565,-4.7843105899486
-46.0664750624565,-4.7843105899486
-46.0394750624565,-4.7843105899486
-46.1069750624565,-4.8076932649486
-46.0799750624565,-4.8076932649486
-46.0529750624565,-4.8076932649486
-46.0934750624565,-4.8310759399486
-46.0664750624565,-4.8310759399486
-46.0394750624565,-4.8310759399486
-46.0259750624565,-4.8544586149486
