-49.1374829227292,-21.2542060012267
-49.1104829227292,-21.2542060012267
-49.1239829227292,-21.2308233262267
-49.1509829227292,-21.2308233262267
-49.1644829227292,-21.2542060012267
-49.1509829227292,-21.2775886762267
-49.1239829227292,-21.2775886762267
-49.0834829227292,-21.2542060012267
-49.1104829227292,-21.2074406512267
-49.0969829227292,-21.2308233262267
-49.1374829227292,-21.2074406512267
-49.1779829227292,-21.2775886762267
-49.0969829227292,-21.2775886762267
-49.0699829227292,-21.2308233262267
-49.1914829227292,-21.3009713512267
-49.2184829227292,-21.3009713512267
