-59.3380659795460,0.9151964815623
-59.3110659795460,0.9151964815623
-59.3245659795460,0.9385791565623
-59.3515659795460,0.9385791565623
-59.3650659795460,0.9151964815623
-59.3515659795460,0.8918138065623
-59.3245659795460,0.8918138065623
-59.2840659795460,0.9151964815623
-59.3110659795460,0.9619618315623
-59.3650659795460,0.9619618315623
-59.3920659795460,0.9151964815623
-59.3650659795460,0.8684311315623
-59.3110659795460,0.8684311315623
-59.2975659795460,0.9385791565623
-59.3380659795460,0.9619618315623
-59.3785659795460,0.9385791565623
-59.3785659795460,0.8918138065623
-59.3380659795460,0.8684311315623
-59.2975659795460,0.8918138065623
-59.2570659795460,0.9151964815623
-59.2975659795460,0.9853445065623
-59.3785659795460,0.9853445065623
-59.4190659795460,0.9151964815623
-59.3785659795460,0.8450484565623
-59.2975659795460,0.8450484565623
-59.2705659795460,0.9385791565623
-59.2840659795460,0.9619618315623
-59.3245659795460,0.9853445065623
-59.3515659795460,0.9853445065623
-59.3920659795460,0.9619618315623
-59.4055659795460,0.9385791565623
-59.4055659795460,0.8918138065623
-59.3920659795460,0.8684311315623
-59.3515659795460,0.8450484565623
-59.3245659795460,0.8450484565623
-59.2840659795460,0.8684311315623
-59.2705659795460,0.8918138065623
-59.2300659795460,0.9151964815623
-59.2840659795460,1.0087271815623
-59.3920659795460,1.0087271815623
-59.4460659795460,0.9151964815623
-59.3920659795460,0.8216657815623
-59.2840659795460,0.8216657815623
-59.2435659795460,0.9385791565623
-59.2570659795460,0.9619618315623
-59.2705659795460,0.9853445065623
-59.3110659795460,1.0087271815623
-59.3380659795460,1.0087271815623
-59.3650659795460,1.0087271815623
-59.4055659795460,0.9853445065623
-59.4190659795460,0.9619618315623
-59.4325659795460,0.9385791565623
-59.4325659795460,0.8918138065623
-59.4190659795460,0.8684311315623
-59.4055659795460,0.8450484565623
-59.3650659795460,0.8216657815623
-59.3380659795460,0.8216657815623
-59.3110659795460,0.8216657815623
-59.2705659795460,0.8450484565623
-59.2570659795460,0.8684311315623
-59.2435659795460,0.8918138065623
-59.2030659795460,0.9151964815623
-59.2705659795460,1.0321098565623
-59.4055659795460,1.0321098565623
-59.4730659795460,0.9151964815623
-59.4055659795460,0.7982831065623
-59.2705659795460,0.7982831065623
-59.2165659795460,0.9385791565623
-59.2300659795460,0.9619618315623
-59.2435659795460,0.9853445065623
-59.2570659795460,1.0087271815623
-59.2975659795460,1.0321098565623
-59.3245659795460,1.0321098565623
-59.3515659795460,1.0321098565623
-59.3785659795460,1.0321098565623
-59.4190659795460,1.0087271815623
-59.4325659795460,0.9853445065623
-59.4460659795460,0.9619618315623
-59.4595659795460,0.9385791565623
-59.4595659795460,0.8918138065623
-59.4460659795460,0.8684311315623
-59.4325659795460,0.8450484565623
-59.4190659795460,0.8216657815623
-59.3785659795460,0.7982831065623
-59.3515659795460,0.7982831065623
-59.3245659795460,0.7982831065623
-59.2975659795460,0.7982831065623
-59.2570659795460,0.8216657815623
-59.2435659795460,0.8450484565623
-59.2300659795460,0.8684311315623
-59.2165659795460,0.8918138065623
-59.1760659795460,0.9151964815623
-59.2570659795460,1.0554925315623
-59.4190659795460,1.0554925315623
-59.5000659795461,0.9151964815623
-59.4190659795460,0.7749004315623
-59.2570659795460,0.7749004315623
-59.1895659795460,0.9385791565623
-59.2030659795460,0.9619618315623
-59.2165659795460,0.9853445065623
-59.2300659795460,1.0087271815623
-59.2435659795460,1.0321098565623
-59.2840659795460,1.0554925315623
-59.3110659795460,1.0554925315623
-59.3380659795460,1.0554925315623
-59.3650659795460,1.0554925315623
-59.3920659795460,1.0554925315623
-59.4325659795460,1.0321098565623
-59.4460659795460,1.0087271815623
-59.4595659795460,0.9853445065623
-59.4730659795460,0.9619618315623
-59.4865659795461,0.9385791565623
-59.4865659795461,0.8918138065623
-59.4730659795460,0.8684311315623
-59.4595659795460,0.8450484565623
-59.4460659795460,0.8216657815623
-59.4325659795460,0.7982831065623
-59.3920659795460,0.7749004315623
-59.3650659795460,0.7749004315623
-59.3380659795460,0.7749004315623
-59.3110659795460,0.7749004315623
-59.2840659795460,0.7749004315623
-59.2435659795460,0.7982831065623
-59.2300659795460,0.8216657815623
-59.2165659795460,0.8450484565623
-59.2030659795460,0.8684311315623
-59.1895659795460,0.8918138065623
-59.1490659795460,0.9151964815623
-59.2435659795460,1.0788752065623
-59.4325659795460,1.0788752065623
-59.5270659795461,0.9151964815623
-59.4325659795460,0.7515177565623
-59.2435659795460,0.7515177565623
-59.1625659795460,0.9385791565623
-59.1760659795460,0.9619618315623
-59.1895659795460,0.9853445065623
-59.2030659795460,1.0087271815623
-59.2165659795460,1.0321098565623
-59.2300659795460,1.0554925315623
-59.2705659795460,1.0788752065623
-59.2975659795460,1.0788752065623
-59.3245659795460,1.0788752065623
-59.3515659795460,1.0788752065623
-59.3785659795460,1.0788752065623
-59.4055659795460,1.0788752065623
-59.4460659795460,1.0554925315623
-59.4595659795460,1.0321098565623
-59.4730659795460,1.0087271815623
-59.4865659795461,0.9853445065623
-59.5000659795461,0.9619618315623
-59.5135659795461,0.9385791565623
-59.5135659795461,0.8918138065623
-59.5000659795461,0.8684311315623
-59.4865659795461,0.8450484565623
-59.4730659795460,0.8216657815623
-59.4595659795460,0.7982831065623
-59.4460659795460,0.7749004315623
-59.4055659795460,0.7515177565623
-59.3785659795460,0.7515177565623
-59.3515659795460,0.7515177565623
-59.3245659795460,0.7515177565623
-59.2975659795460,0.7515177565623
-59.2705659795460,0.7515177565623
-59.2300659795460,0.7749004315623
-59.2165659795460,0.7982831065623
-59.2030659795460,0.8216657815623
-59.1895659795460,0.8450484565623
-59.1760659795460,0.8684311315623
-59.1625659795460,0.8918138065623
-59.1220659795460,0.9151964815623
-59.2300659795460,1.1022578815623
-59.4460659795460,1.1022578815623
-59.5540659795461,0.9151964815623
-59.4460659795460,0.7281350815623
-59.2300659795460,0.7281350815623
-59.1355659795460,0.9385791565623
-59.1490659795460,0.9619618315623
-59.1625659795460,0.9853445065623
-59.1760659795460,1.0087271815623
-59.1895659795460,1.0321098565623
-59.2030659795460,1.0554925315623
-59.2165659795460,1.0788752065623
-59.2570659795460,1.1022578815623
-59.2840659795460,1.1022578815623
-59.3110659795460,1.1022578815623
-59.3380659795460,1.1022578815623
-59.3650659795460,1.1022578815623
-59.3920659795460,1.1022578815623
-59.4190659795460,1.1022578815623
-59.4595659795460,1.0788752065623
-59.4730659795460,1.0554925315623
-59.4865659795461,1.0321098565623
-59.5000659795461,1.0087271815623
-59.5135659795461,0.9853445065623
-59.5270659795461,0.9619618315623
-59.5405659795461,0.9385791565623
-59.5405659795461,0.8918138065623
-59.5270659795461,0.8684311315623
-59.5135659795461,0.8450484565623
-59.5000659795461,0.8216657815623
-59.4865659795461,0.7982831065623
-59.4730659795460,0.7749004315623
-59.4595659795460,0.7515177565623
-59.4190659795460,0.7281350815623
-59.3920659795460,0.7281350815623
-59.3650659795460,0.7281350815623
-59.3380659795460,0.7281350815623
-59.3110659795460,0.7281350815623
-59.2840659795460,0.7281350815623
-59.2570659795460,0.7281350815623
-59.2165659795460,0.7515177565623
-59.2030659795460,0.7749004315623
-59.1895659795460,0.7982831065623
-59.1760659795460,0.8216657815623
-59.1625659795460,0.8450484565623
-59.1490659795460,0.8684311315623
-59.1355659795460,0.8918138065623
-59.0950659795460,0.9151964815623
-59.2165659795460,1.1256405565623
-59.4595659795460,1.1256405565623
-59.5810659795461,0.9151964815623
-59.4595659795460,0.7047524065623
-59.2165659795460,0.7047524065623
-59.1085659795460,0.9385791565623
-59.1220659795460,0.9619618315623
-59.1355659795460,0.9853445065623
-59.1490659795460,1.0087271815623
-59.1625659795460,1.0321098565623
-59.1760659795460,1.0554925315623
-59.1895659795460,1.0788752065623
-59.2030659795460,1.1022578815623
-59.2435659795460,1.1256405565623
-59.2705659795460,1.1256405565623
-59.2975659795460,1.1256405565623
-59.3245659795460,1.1256405565623
-59.3515659795460,1.1256405565623
-59.3785659795460,1.1256405565623
-59.4055659795460,1.1256405565623
-59.4325659795460,1.1256405565623
-59.4730659795460,1.1022578815623
-59.4865659795461,1.0788752065623
-59.5000659795461,1.0554925315623
-59.5135659795461,1.0321098565623
-59.5270659795461,1.0087271815623
-59.5405659795461,0.9853445065623
-59.5540659795461,0.9619618315623
-59.5675659795461,0.9385791565623
-59.5675659795461,0.8918138065623
-59.5540659795461,0.8684311315623
-59.5405659795461,0.8450484565623
-59.5270659795461,0.8216657815623
-59.5135659795461,0.7982831065623
-59.5000659795461,0.7749004315623
-59.4865659795461,0.7515177565623
-59.4730659795460,0.7281350815623
-59.4325659795460,0.7047524065623
-59.4055659795460,0.7047524065623
-59.3785659795460,0.7047524065623
-59.3515659795460,0.7047524065623
-59.3245659795460,0.7047524065623
-59.2975659795460,0.7047524065623
-59.2705659795460,0.7047524065623
-59.2435659795460,0.7047524065623
-59.2030659795460,0.7281350815623
-59.1895659795460,0.7515177565623
-59.1760659795460,0.7749004315623
-59.1625659795460,0.7982831065623
-59.1490659795460,0.8216657815623
-59.1355659795460,0.8450484565623
-59.1220659795460,0.8684311315623
-59.1085659795460,0.8918138065623
-59.0680659795460,0.9151964815623
-59.2030659795460,1.1490232315623
-59.4730659795460,1.1490232315623
-59.6080659795461,0.9151964815623
-59.4730659795460,0.6813697315623
-59.2030659795460,0.6813697315623
-59.0815659795460,0.9385791565623
-59.0950659795460,0.9619618315623
-59.1085659795460,0.9853445065623
-59.1220659795460,1.0087271815623
-59.1355659795460,1.0321098565623
-59.1490659795460,1.0554925315623
-59.1625659795460,1.0788752065623
-59.1760659795460,1.1022578815623
-59.1895659795460,1.1256405565623
-59.2300659795460,1.1490232315623
-59.2570659795460,1.1490232315623
-59.2840659795460,1.1490232315623
-59.3110659795460,1.1490232315623
-59.3380659795460,1.1490232315623
-59.3650659795460,1.1490232315623
-59.3920659795460,1.1490232315623
-59.4190659795460,1.1490232315623
-59.4460659795460,1.1490232315623
-59.4865659795461,1.1256405565623
-59.5000659795461,1.1022578815623
-59.5135659795461,1.0788752065623
-59.5270659795461,1.0554925315623
-59.5405659795461,1.0321098565623
-59.5540659795461,1.0087271815623
-59.5675659795461,0.9853445065623
-59.5810659795461,0.9619618315623
-59.5945659795461,0.9385791565623
-59.5945659795461,0.8918138065623
-59.5810659795461,0.8684311315623
-59.5675659795461,0.8450484565623
-59.5540659795461,0.8216657815623
-59.5405659795461,0.7982831065623
-59.5270659795461,0.7749004315623
-59.5135659795461,0.7515177565623
-59.5000659795461,0.7281350815623
-59.4865659795461,0.7047524065623
-59.4460659795460,0.6813697315623
-59.4190659795460,0.6813697315623
-59.3920659795460,0.6813697315623
-59.3650659795460,0.6813697315623
-59.3380659795460,0.6813697315623
-59.3110659795460,0.6813697315623
-59.2840659795460,0.6813697315623
-59.2570659795460,0.6813697315623
-59.2300659795460,0.6813697315623
-59.1895659795460,0.7047524065623
-59.1760659795460,0.7281350815623
-59.1625659795460,0.7515177565623
-59.1490659795460,0.7749004315623
-59.1355659795460,0.7982831065623
-59.1220659795460,0.8216657815623
-59.1085659795460,0.8450484565623
-59.0950659795460,0.8684311315623
-59.0815659795460,0.8918138065623
-59.0410659795460,0.9151964815623
-59.1895659795460,1.1724059065623
-59.4865659795461,1.1724059065623
-59.6350659795461,0.9151964815623
-59.4865659795461,0.6579870565623
-59.1895659795460,0.6579870565623
-59.0545659795460,0.9385791565623
-59.0680659795460,0.9619618315623
-59.0815659795460,0.9853445065623
-59.0950659795460,1.0087271815623
-59.1085659795460,1.0321098565623
-59.1220659795460,1.0554925315623
-59.1355659795460,1.0788752065623
-59.1490659795460,1.1022578815623
-59.1625659795460,1.1256405565623
-59.1760659795460,1.1490232315623
-59.2165659795460,1.1724059065623
-59.2435659795460,1.1724059065623
-59.2705659795460,1.1724059065623
-59.2975659795460,1.1724059065623
-59.3245659795460,1.1724059065623
-59.3515659795460,1.1724059065623
-59.3785659795460,1.1724059065623
-59.4055659795460,1.1724059065623
-59.4325659795460,1.1724059065623
-59.4595659795460,1.1724059065623
-59.5000659795461,1.1490232315623
-59.5135659795461,1.1256405565623
-59.5270659795461,1.1022578815623
-59.5405659795461,1.0788752065623
-59.5540659795461,1.0554925315623
-59.5675659795461,1.0321098565623
-59.5810659795461,1.0087271815623
-59.5945659795461,0.9853445065623
-59.6080659795461,0.9619618315623
-59.6215659795461,0.9385791565623
-59.6215659795461,0.8918138065623
-59.6080659795461,0.8684311315623
-59.5945659795461,0.8450484565623
-59.5810659795461,0.8216657815623
-59.5675659795461,0.7982831065623
-59.5540659795461,0.7749004315623
-59.5405659795461,0.7515177565623
-59.5270659795461,0.7281350815623
-59.5135659795461,0.7047524065623
-59.5000659795461,0.6813697315623
-59.4595659795460,0.6579870565623
-59.4325659795460,0.6579870565623
-59.4055659795460,0.6579870565623
-59.3785659795460,0.6579870565623
-59.3515659795460,0.6579870565623
-59.3245659795460,0.6579870565623
-59.2975659795460,0.6579870565623
-59.2705659795460,0.6579870565623
-59.2435659795460,0.6579870565623
-59.2165659795460,0.6579870565623
-59.1760659795460,0.6813697315623
-59.1625659795460,0.7047524065623
-59.1490659795460,0.7281350815623
-59.1355659795460,0.7515177565623
-59.1220659795460,0.7749004315623
-59.1085659795460,0.7982831065623
-59.0950659795460,0.8216657815623
-59.0815659795460,0.8450484565623
-59.0680659795460,0.8684311315623
-59.0545659795460,0.8918138065623
-59.0140659795460,0.9151964815623
-59.1760659795460,1.1957885815623
-59.5000659795461,1.1957885815623
-59.6620659795461,0.9151964815623
-59.5000659795461,0.6346043815623
-59.1760659795460,0.6346043815623
-59.0275659795460,0.9385791565623
-59.0410659795460,0.9619618315623
-59.0545659795460,0.9853445065623
-59.0680659795460,1.0087271815623
-59.0815659795460,1.0321098565623
-59.0950659795460,1.0554925315623
-59.1085659795460,1.0788752065623
-59.1220659795460,1.1022578815623
-59.1355659795460,1.1256405565623
-59.1490659795460,1.1490232315623
-59.1625659795460,1.1724059065623
-59.2030659795460,1.1957885815623
-59.2300659795460,1.1957885815623
-59.2570659795460,1.1957885815623
-59.2840659795460,1.1957885815623
-59.3110659795460,1.1957885815623
-59.3380659795460,1.1957885815623
-59.3650659795460,1.1957885815623
-59.3920659795460,1.1957885815623
-59.4190659795460,1.1957885815623
-59.4460659795460,1.1957885815623
-59.4730659795460,1.1957885815623
-59.5135659795461,1.1724059065623
-59.5270659795461,1.1490232315623
-59.5405659795461,1.1256405565623
-59.5540659795461,1.1022578815623
-59.5675659795461,1.0788752065623
-59.5810659795461,1.0554925315623
-59.5945659795461,1.0321098565623
-59.6080659795461,1.0087271815623
-59.6215659795461,0.9853445065623
-59.6350659795461,0.9619618315623
-59.6485659795461,0.9385791565623
-59.6485659795461,0.8918138065623
-59.6350659795461,0.8684311315623
-59.6215659795461,0.8450484565623
-59.6080659795461,0.8216657815623
-59.5945659795461,0.7982831065623
-59.5810659795461,0.7749004315623
-59.5675659795461,0.7515177565623
-59.5540659795461,0.7281350815623
-59.5405659795461,0.7047524065623
-59.5270659795461,0.6813697315623
-59.5135659795461,0.6579870565623
-59.4730659795460,0.6346043815623
-59.4460659795460,0.6346043815623
-59.4190659795460,0.6346043815623
-59.3920659795460,0.6346043815623
-59.3650659795460,0.6346043815623
-59.3380659795460,0.6346043815623
-59.3110659795460,0.6346043815623
-59.2840659795460,0.6346043815623
-59.2570659795460,0.6346043815623
-59.2300659795460,0.6346043815623
-59.2030659795460,0.6346043815623
-59.1625659795460,0.6579870565623
-59.1490659795460,0.6813697315623
-59.1355659795460,0.7047524065623
-59.1220659795460,0.7281350815623
-59.1085659795460,0.7515177565623
-59.0950659795460,0.7749004315623
-59.0815659795460,0.7982831065623
-59.0680659795460,0.8216657815623
-59.0545659795460,0.8450484565623
-59.0410659795460,0.8684311315623
-59.0275659795460,0.8918138065623
-58.9870659795460,0.9151964815623
-59.1625659795460,1.2191712565623
-59.5135659795461,1.2191712565623
-59.6890659795461,0.9151964815623
-59.5135659795461,0.6112217065623
-59.1625659795460,0.6112217065623
-59.0005659795460,0.9385791565623
-59.0140659795460,0.9619618315623
-59.0275659795460,0.9853445065623
-59.0410659795460,1.0087271815623
-59.0545659795460,1.0321098565623
-59.0680659795460,1.0554925315623
-59.0815659795460,1.0788752065623
-59.0950659795460,1.1022578815623
-59.1085659795460,1.1256405565623
-59.1220659795460,1.1490232315623
-59.1355659795460,1.1724059065623
-59.1490659795460,1.1957885815623
-59.1895659795460,1.2191712565623
-59.2165659795460,1.2191712565623
-59.2435659795460,1.2191712565623
-59.2705659795460,1.2191712565623
-59.2975659795460,1.2191712565623
-59.3245659795460,1.2191712565623
-59.3515659795460,1.2191712565623
-59.3785659795460,1.2191712565623
-59.4055659795460,1.2191712565623
-59.4325659795460,1.2191712565623
-59.4595659795460,1.2191712565623
-59.4865659795461,1.2191712565623
-59.5270659795461,1.1957885815623
-59.5405659795461,1.1724059065623
-59.5540659795461,1.1490232315623
-59.5675659795461,1.1256405565623
-59.5810659795461,1.1022578815623
-59.5945659795461,1.0788752065623
-59.6080659795461,1.0554925315623
-59.6215659795461,1.0321098565623
-59.6350659795461,1.0087271815623
-59.6485659795461,0.9853445065623
-59.6620659795461,0.9619618315623
-59.6755659795461,0.9385791565623
-59.6755659795461,0.8918138065623
-59.6620659795461,0.8684311315623
-59.6485659795461,0.8450484565623
-59.6350659795461,0.8216657815623
-59.6215659795461,0.7982831065623
-59.6080659795461,0.7749004315623
-59.5945659795461,0.7515177565623
-59.5810659795461,0.7281350815623
-59.5675659795461,0.7047524065623
-59.5540659795461,0.6813697315623
-59.5405659795461,0.6579870565623
-59.5270659795461,0.6346043815623
-59.4865659795461,0.6112217065623
-59.4595659795460,0.6112217065623
-59.4325659795460,0.6112217065623
-59.4055659795460,0.6112217065623
-59.3785659795460,0.6112217065623
-59.3515659795460,0.6112217065623
-59.3245659795460,0.6112217065623
-59.2975659795460,0.6112217065623
-59.2705659795460,0.6112217065623
-59.2435659795460,0.6112217065623
-59.2165659795460,0.6112217065623
-59.1895659795460,0.6112217065623
-59.1490659795460,0.6346043815623
-59.1355659795460,0.6579870565623
-59.1220659795460,0.6813697315623
-59.1085659795460,0.7047524065623
-59.0950659795460,0.7281350815623
-59.0815659795460,0.7515177565623
-59.0680659795460,0.7749004315623
-59.0545659795460,0.7982831065623
-59.0410659795460,0.8216657815623
-59.0275659795460,0.8450484565623
-59.0140659795460,0.8684311315623
-59.0005659795460,0.8918138065623
-58.9600659795460,0.9151964815623
-59.1490659795460,1.2425539315623
-59.5270659795461,1.2425539315623
-59.7160659795461,0.9151964815623
-59.5270659795461,0.5878390315623
-59.1490659795460,0.5878390315623
-58.9735659795460,0.9385791565623
-58.9870659795460,0.9619618315623
-59.0005659795460,0.9853445065623
-59.0140659795460,1.0087271815623
-59.0275659795460,1.0321098565623
-59.0410659795460,1.0554925315623
-59.0545659795460,1.0788752065623
-59.0680659795460,1.1022578815623
-59.0815659795460,1.1256405565623
-59.0950659795460,1.1490232315623
-59.1085659795460,1.1724059065623
-59.1220659795460,1.1957885815623
-59.1355659795460,1.2191712565623
-59.1760659795460,1.2425539315623
-59.2030659795460,1.2425539315623
-59.2300659795460,1.2425539315623
-59.2570659795460,1.2425539315623
-59.2840659795460,1.2425539315623
-59.3110659795460,1.2425539315623
-59.3380659795460,1.2425539315623
-59.3650659795460,1.2425539315623
-59.3920659795460,1.2425539315623
-59.4190659795460,1.2425539315623
-59.4460659795460,1.2425539315623
-59.4730659795460,1.2425539315623
-59.5000659795461,1.2425539315623
-59.5405659795461,1.2191712565623
-59.5540659795461,1.1957885815623
-59.5675659795461,1.1724059065623
-59.5810659795461,1.1490232315623
-59.5945659795461,1.1256405565623
-59.6080659795461,1.1022578815623
-59.6215659795461,1.0788752065623
-59.6350659795461,1.0554925315623
-59.6485659795461,1.0321098565623
-59.6620659795461,1.0087271815623
-59.6755659795461,0.9853445065623
-59.6890659795461,0.9619618315623
-59.7025659795461,0.9385791565623
-59.7025659795461,0.8918138065623
-59.6890659795461,0.8684311315623
-59.6755659795461,0.8450484565623
-59.6620659795461,0.8216657815623
-59.6485659795461,0.7982831065623
-59.6350659795461,0.7749004315623
-59.6215659795461,0.7515177565623
-59.6080659795461,0.7281350815623
-59.5945659795461,0.7047524065623
-59.5810659795461,0.6813697315623
-59.5675659795461,0.6579870565623
-59.5540659795461,0.6346043815623
-59.5405659795461,0.6112217065623
-59.5000659795461,0.5878390315623
-59.4730659795460,0.5878390315623
-59.4460659795460,0.5878390315623
-59.4190659795460,0.5878390315623
-59.3920659795460,0.5878390315623
-59.3650659795460,0.5878390315623
-59.3380659795460,0.5878390315623
-59.3110659795460,0.5878390315623
-59.2840659795460,0.5878390315623
-59.2570659795460,0.5878390315623
-59.2300659795460,0.5878390315623
-59.2030659795460,0.5878390315623
-59.1760659795460,0.5878390315623
-59.1355659795460,0.6112217065623
-59.1220659795460,0.6346043815623
-59.1085659795460,0.6579870565623
-59.0950659795460,0.6813697315623
-59.0815659795460,0.7047524065623
-59.0680659795460,0.7281350815623
-59.0545659795460,0.7515177565623
-59.0410659795460,0.7749004315623
-59.0275659795460,0.7982831065623
-59.0140659795460,0.8216657815623
-59.0005659795460,0.8450484565623
-58.9870659795460,0.8684311315623
-58.9735659795460,0.8918138065623
-58.9330659795460,0.9151964815623
-59.1355659795460,1.2659366065623
-59.5405659795461,1.2659366065623
-59.7430659795461,0.9151964815623
-59.5405659795461,0.5644563565623
-59.1355659795460,0.5644563565623
-58.9465659795460,0.9385791565623
-58.9600659795460,0.9619618315623
-58.9735659795460,0.9853445065623
-58.9870659795460,1.0087271815623
-59.0005659795460,1.0321098565623
-59.0140659795460,1.0554925315623
-59.0275659795460,1.0788752065623
-59.0410659795460,1.1022578815623
-59.0545659795460,1.1256405565623
-59.0680659795460,1.1490232315623
-59.0815659795460,1.1724059065623
-59.0950659795460,1.1957885815623
-59.1085659795460,1.2191712565623
-59.1220659795460,1.2425539315623
-59.1625659795460,1.2659366065623
-59.1895659795460,1.2659366065623
-59.2165659795460,1.2659366065623
-59.2435659795460,1.2659366065623
-59.2705659795460,1.2659366065623
-59.2975659795460,1.2659366065623
-59.3245659795460,1.2659366065623
-59.3515659795460,1.2659366065623
-59.3785659795460,1.2659366065623
-59.4055659795460,1.2659366065623
-59.4325659795460,1.2659366065623
-59.4595659795460,1.2659366065623
-59.4865659795461,1.2659366065623
-59.5135659795461,1.2659366065623
-59.5540659795461,1.2425539315623
-59.5675659795461,1.2191712565623
-59.5810659795461,1.1957885815623
-59.5945659795461,1.1724059065623
-59.6080659795461,1.1490232315623
-59.6215659795461,1.1256405565623
-59.6350659795461,1.1022578815623
-59.6485659795461,1.0788752065623
-59.6620659795461,1.0554925315623
-59.6755659795461,1.0321098565623
-59.6890659795461,1.0087271815623
-59.7025659795461,0.9853445065623
-59.7160659795461,0.9619618315623
-59.7295659795461,0.9385791565623
-59.7295659795461,0.8918138065623
-59.7160659795461,0.8684311315623
-59.7025659795461,0.8450484565623
-59.6890659795461,0.8216657815623
-59.6755659795461,0.7982831065623
-59.6620659795461,0.7749004315623
-59.6485659795461,0.7515177565623
-59.6350659795461,0.7281350815623
-59.6215659795461,0.7047524065623
-59.6080659795461,0.6813697315623
-59.5945659795461,0.6579870565623
-59.5810659795461,0.6346043815623
-59.5675659795461,0.6112217065623
-59.5540659795461,0.5878390315623
-59.5135659795461,0.5644563565623
-59.4865659795461,0.5644563565623
-59.4595659795460,0.5644563565623
-59.4325659795460,0.5644563565623
-59.4055659795460,0.5644563565623
-59.3785659795460,0.5644563565623
-59.3515659795460,0.5644563565623
-59.3245659795460,0.5644563565623
-59.2975659795460,0.5644563565623
-59.2705659795460,0.5644563565623
-59.2435659795460,0.5644563565623
-59.2165659795460,0.5644563565623
-59.1895659795460,0.5644563565623
-59.1625659795460,0.5644563565623
-59.1220659795460,0.5878390315623
-59.1085659795460,0.6112217065623
-59.0950659795460,0.6346043815623
-59.0815659795460,0.6579870565623
-59.0680659795460,0.6813697315623
-59.0545659795460,0.7047524065623
-59.0410659795460,0.7281350815623
-59.0275659795460,0.7515177565623
-59.0140659795460,0.7749004315623
-59.0005659795460,0.7982831065623
-58.9870659795460,0.8216657815623
-58.9735659795460,0.8450484565623
-58.9600659795460,0.8684311315623
-58.9465659795460,0.8918138065623
-58.9060659795460,0.9151964815623
-59.1220659795460,1.2893192815623
-59.5540659795461,1.2893192815623
-59.5540659795461,0.5410736815623
-59.1220659795460,0.5410736815623
-58.9195659795460,0.9385791565623
-58.9330659795460,0.9619618315623
-58.9465659795460,0.9853445065623
-58.9600659795460,1.0087271815623
-58.9735659795460,1.0321098565623
-58.9870659795460,1.0554925315623
-59.0005659795460,1.0788752065623
-59.0140659795460,1.1022578815623
-59.0275659795460,1.1256405565623
-59.0410659795460,1.1490232315623
-59.0545659795460,1.1724059065623
-59.0680659795460,1.1957885815623
-59.0815659795460,1.2191712565623
-59.0950659795460,1.2425539315623
-59.1085659795460,1.2659366065623
-59.1490659795460,1.2893192815623
-59.1760659795460,1.2893192815623
-59.2030659795460,1.2893192815623
-59.2300659795460,1.2893192815623
-59.2570659795460,1.2893192815623
-59.2840659795460,1.2893192815623
-59.3110659795460,1.2893192815623
-59.3380659795460,1.2893192815623
-59.3650659795460,1.2893192815623
-59.3920659795460,1.2893192815623
-59.4190659795460,1.2893192815623
-59.4460659795460,1.2893192815623
-59.4730659795460,1.2893192815623
-59.5000659795461,1.2893192815623
-59.5270659795461,1.2893192815623
-59.5675659795461,1.2659366065623
-59.5810659795461,1.2425539315623
-59.5945659795461,1.2191712565623
-59.6080659795461,1.1957885815623
-59.6215659795461,1.1724059065623
-59.6350659795461,1.1490232315623
-59.6485659795461,1.1256405565623
-59.6620659795461,1.1022578815623
-59.6755659795461,1.0788752065623
-59.6890659795461,1.0554925315623
-59.7025659795461,1.0321098565623
-59.7160659795461,1.0087271815623
-59.7295659795461,0.9853445065623
-59.7430659795461,0.9619618315623
-59.7565659795461,0.9385791565623
-59.7565659795461,0.8918138065623
-59.7430659795461,0.8684311315623
-59.7295659795461,0.8450484565623
-59.7160659795461,0.8216657815623
-59.7025659795461,0.7982831065623
-59.6890659795461,0.7749004315623
-59.6755659795461,0.7515177565623
-59.6620659795461,0.7281350815623
-59.6485659795461,0.7047524065623
-59.6350659795461,0.6813697315623
-59.6215659795461,0.6579870565623
-59.6080659795461,0.6346043815623
-59.5945659795461,0.6112217065623
-59.5810659795461,0.5878390315623
-59.5675659795461,0.5644563565623
-59.5270659795461,0.5410736815623
-59.5000659795461,0.5410736815623
-59.4730659795460,0.5410736815623
-59.4460659795460,0.5410736815623
-59.4190659795460,0.5410736815623
-59.3920659795460,0.5410736815623
-59.3650659795460,0.5410736815623
-59.3380659795460,0.5410736815623
-59.3110659795460,0.5410736815623
-59.2840659795460,0.5410736815623
-59.2570659795460,0.5410736815623
-59.2300659795460,0.5410736815623
-59.2030659795460,0.5410736815623
-59.1760659795460,0.5410736815623
-59.1490659795460,0.5410736815623
-59.1085659795460,0.5644563565623
-59.0950659795460,0.5878390315623
-59.0815659795460,0.6112217065623
-59.0680659795460,0.6346043815623
-59.0545659795460,0.6579870565623
-59.0410659795460,0.6813697315623
-59.0275659795460,0.7047524065623
-59.0140659795460,0.7281350815623
-59.0005659795460,0.7515177565623
-58.9870659795460,0.7749004315623
-58.9735659795460,0.7982831065623
-58.9600659795460,0.8216657815623
-58.9465659795460,0.8450484565623
-58.9330659795460,0.8684311315623
-58.9195659795460,0.8918138065623
-59.1085659795460,1.3127019565623
-59.5675659795461,1.3127019565623
-59.1085659795460,0.5176910065623
-58.9060659795460,0.9619618315623
-58.9195659795460,0.9853445065623
-58.9330659795460,1.0087271815623
-58.9465659795460,1.0321098565623
-58.9600659795460,1.0554925315623
-58.9735659795460,1.0788752065623
-58.9870659795460,1.1022578815623
-59.0005659795460,1.1256405565623
-59.0140659795460,1.1490232315623
-59.0275659795460,1.1724059065623
-59.0410659795460,1.1957885815623
-59.0545659795460,1.2191712565623
-59.0680659795460,1.2425539315623
-59.0815659795460,1.2659366065623
-59.0950659795460,1.2893192815623
-59.1355659795460,1.3127019565623
-59.1625659795460,1.3127019565623
-59.1895659795460,1.3127019565623
-59.2165659795460,1.3127019565623
-59.2435659795460,1.3127019565623
-59.2705659795460,1.3127019565623
-59.2975659795460,1.3127019565623
-59.3245659795460,1.3127019565623
-59.3515659795460,1.3127019565623
-59.3785659795460,1.3127019565623
-59.4055659795460,1.3127019565623
-59.4325659795460,1.3127019565623
-59.4595659795460,1.3127019565623
-59.4865659795461,1.3127019565623
-59.5135659795461,1.3127019565623
-59.5405659795461,1.3127019565623
-59.5810659795461,1.2893192815623
-59.5945659795461,1.2659366065623
-59.6080659795461,1.2425539315623
-59.6215659795461,1.2191712565623
-59.6350659795461,1.1957885815623
-59.6485659795461,1.1724059065623
-59.6620659795461,1.1490232315623
-59.6755659795461,1.1256405565623
-59.6890659795461,1.1022578815623
-59.7025659795461,1.0788752065623
-59.7160659795461,1.0554925315623
-59.7295659795461,1.0321098565623
-59.7430659795461,1.0087271815623
-59.7565659795461,0.8450484565623
-59.7430659795461,0.8216657815623
-59.7295659795461,0.7982831065623
-59.7160659795461,0.7749004315623
-59.7025659795461,0.7515177565623
-59.6890659795461,0.7281350815623
-59.6755659795461,0.7047524065623
-59.6620659795461,0.6813697315623
-59.6485659795461,0.6579870565623
-59.6350659795461,0.6346043815623
-59.6215659795461,0.6112217065623
-59.6080659795461,0.5878390315623
-59.5945659795461,0.5644563565623
-59.5810659795461,0.5410736815623
-59.5405659795461,0.5176910065623
-59.5135659795461,0.5176910065623
-59.4865659795461,0.5176910065623
-59.4595659795460,0.5176910065623
-59.4325659795460,0.5176910065623
-59.4055659795460,0.5176910065623
-59.3785659795460,0.5176910065623
-59.3515659795460,0.5176910065623
-59.3245659795460,0.5176910065623
-59.2975659795460,0.5176910065623
-59.2705659795460,0.5176910065623
-59.2435659795460,0.5176910065623
-59.2165659795460,0.5176910065623
-59.1895659795460,0.5176910065623
-59.1625659795460,0.5176910065623
-59.1355659795460,0.5176910065623
-59.0950659795460,0.5410736815623
-59.0815659795460,0.5644563565623
-59.0680659795460,0.5878390315623
-59.0545659795460,0.6112217065623
-59.0410659795460,0.6346043815623
-59.0275659795460,0.6579870565623
-59.0140659795460,0.6813697315623
-59.0005659795460,0.7047524065623
-58.9870659795460,0.7281350815623
-58.9735659795460,0.7515177565623
-58.9600659795460,0.7749004315623
-58.9465659795460,0.7982831065623
-58.9330659795460,0.8216657815623
-58.9195659795460,0.8450484565623
-58.9060659795460,0.8684311315623
-59.0950659795460,1.3360846315623
-59.5810659795461,1.3360846315623
-59.0950659795460,0.4943083315623
-58.9060659795460,1.0087271815623
-58.9195659795460,1.0321098565623
-58.9330659795460,1.0554925315623
-58.9465659795460,1.0788752065623
-58.9600659795460,1.1022578815623
-58.9735659795460,1.1256405565623
-58.9870659795460,1.1490232315623
-59.0005659795460,1.1724059065623
-59.0140659795460,1.1957885815623
-59.0275659795460,1.2191712565623
-59.0410659795460,1.2425539315623
-59.0545659795460,1.2659366065623
-59.0680659795460,1.2893192815623
-59.0815659795460,1.3127019565623
-59.1220659795460,1.3360846315623
-59.1490659795460,1.3360846315623
-59.1760659795460,1.3360846315623
-59.2030659795460,1.3360846315623
-59.2300659795460,1.3360846315623
-59.2570659795460,1.3360846315623
-59.2840659795460,1.3360846315623
-59.3110659795460,1.3360846315623
-59.3380659795460,1.3360846315623
-59.3650659795460,1.3360846315623
-59.3920659795460,1.3360846315623
-59.4190659795460,1.3360846315623
-59.4460659795460,1.3360846315623
-59.4730659795460,1.3360846315623
-59.5000659795461,1.3360846315623
-59.5270659795461,1.3360846315623
-59.5540659795461,1.3360846315623
-59.5945659795461,1.3127019565623
-59.6080659795461,1.2893192815623
-59.6215659795461,1.2659366065623
-59.6350659795461,1.2425539315623
-59.6485659795461,1.2191712565623
-59.6620659795461,1.1957885815623
-59.6755659795461,1.1724059065623
-59.6890659795461,1.1490232315623
-59.7025659795461,1.1256405565623
-59.7160659795461,1.1022578815623
-59.7295659795461,1.0788752065623
-59.7700659795461,0.8216657815623
-59.7565659795461,0.7982831065623
-59.7430659795461,0.7749004315623
-59.7295659795461,0.7515177565623
-59.7160659795461,0.7281350815623
-59.7025659795461,0.7047524065623
-59.6890659795461,0.6813697315623
-59.6755659795461,0.6579870565623
-59.6620659795461,0.6346043815623
-59.6485659795461,0.6112217065623
-59.6350659795461,0.5878390315623
-59.5270659795461,0.4943083315623
-59.5000659795461,0.4943083315623
-59.4730659795460,0.4943083315623
-59.4460659795460,0.4943083315623
-59.4190659795460,0.4943083315623
-59.3920659795460,0.4943083315623
-59.3650659795460,0.4943083315623
-59.3380659795460,0.4943083315623
-59.3110659795460,0.4943083315623
-59.2840659795460,0.4943083315623
-59.2570659795460,0.4943083315623
-59.2300659795460,0.4943083315623
-59.2030659795460,0.4943083315623
-59.1760659795460,0.4943083315623
-59.1490659795460,0.4943083315623
-59.1220659795460,0.4943083315623
-59.0815659795460,0.5176910065623
-59.0680659795460,0.5410736815623
-59.0545659795460,0.5644563565623
-59.0410659795460,0.5878390315623
-59.0275659795460,0.6112217065623
-59.0140659795460,0.6346043815623
-59.0005659795460,0.6579870565623
-58.9870659795460,0.6813697315623
-58.9735659795460,0.7047524065623
-58.9600659795460,0.7281350815623
-58.9465659795460,0.7515177565623
-58.9330659795460,0.7749004315623
-58.9195659795460,0.7982831065623
-58.9060659795460,0.8216657815623
-59.5945659795461,1.3594673065623
-59.0815659795460,0.4709256565623
-58.9060659795460,1.0554925315623
-58.9195659795460,1.0788752065623
-58.9330659795460,1.1022578815623
-58.9465659795460,1.1256405565623
-58.9600659795460,1.1490232315623
-58.9735659795460,1.1724059065623
-58.9870659795460,1.1957885815623
-59.0005659795460,1.2191712565623
-59.0140659795460,1.2425539315623
-59.0275659795460,1.2659366065623
-59.0410659795460,1.2893192815623
-59.0545659795460,1.3127019565623
-59.1895659795460,1.3594673065623
-59.2165659795460,1.3594673065623
-59.2435659795460,1.3594673065623
-59.2705659795460,1.3594673065623
-59.2975659795460,1.3594673065623
-59.3245659795460,1.3594673065623
-59.3515659795460,1.3594673065623
-59.3785659795460,1.3594673065623
-59.4055659795460,1.3594673065623
-59.4325659795460,1.3594673065623
-59.4595659795460,1.3594673065623
-59.4865659795461,1.3594673065623
-59.5135659795461,1.3594673065623
-59.5405659795461,1.3594673065623
-59.5675659795461,1.3594673065623
-59.6080659795461,1.3360846315623
-59.6215659795461,1.3127019565623
-59.6350659795461,1.2893192815623
-59.6485659795461,1.2659366065623
-59.6620659795461,1.2425539315623
-59.6755659795461,1.2191712565623
-59.6890659795461,1.1957885815623
-59.7025659795461,1.1724059065623
-59.7160659795461,1.1490232315623
-59.7295659795461,1.1256405565623
-59.7700659795461,0.7749004315623
-59.7565659795461,0.7515177565623
-59.7430659795461,0.7281350815623
-59.7295659795461,0.7047524065623
-59.7160659795461,0.6813697315623
-59.7025659795461,0.6579870565623
-59.6890659795461,0.6346043815623
-59.6755659795461,0.6112217065623
-59.6620659795461,0.5878390315623
-59.5135659795461,0.4709256565623
-59.4865659795461,0.4709256565623
-59.4595659795460,0.4709256565623
-59.4325659795460,0.4709256565623
-59.4055659795460,0.4709256565623
-59.3785659795460,0.4709256565623
-59.3515659795460,0.4709256565623
-59.3245659795460,0.4709256565623
-59.2975659795460,0.4709256565623
-59.2705659795460,0.4709256565623
-59.2435659795460,0.4709256565623
-59.2165659795460,0.4709256565623
-59.1895659795460,0.4709256565623
-59.1625659795460,0.4709256565623
-59.1355659795460,0.4709256565623
-59.1085659795460,0.4709256565623
-59.0680659795460,0.4943083315623
-59.0545659795460,0.5176910065623
-59.0410659795460,0.5410736815623
-59.0275659795460,0.5644563565623
-59.0140659795460,0.5878390315623
-59.0005659795460,0.6112217065623
-58.9870659795460,0.6346043815623
-58.9735659795460,0.6579870565623
-58.9600659795460,0.6813697315623
-58.9465659795460,0.7047524065623
-58.9330659795460,0.7281350815623
-58.9195659795460,0.7515177565623
-58.9060659795460,0.7749004315623
-59.6080659795461,1.3828499815623
-59.0680659795460,0.4475429815623
-58.9060659795460,1.1022578815623
-58.9195659795460,1.1256405565623
-58.9330659795460,1.1490232315623
-58.9465659795460,1.1724059065623
-58.9600659795460,1.1957885815623
-58.9735659795460,1.2191712565623
-58.9870659795460,1.2425539315623
-59.0005659795460,1.2659366065623
-59.0140659795460,1.2893192815623
-59.0275659795460,1.3127019565623
-59.2570659795460,1.3828499815623
-59.2840659795460,1.3828499815623
-59.3110659795460,1.3828499815623
-59.3380659795460,1.3828499815623
-59.3650659795460,1.3828499815623
-59.3920659795460,1.3828499815623
-59.4190659795460,1.3828499815623
-59.4460659795460,1.3828499815623
-59.4730659795460,1.3828499815623
-59.5000659795461,1.3828499815623
-59.5270659795461,1.3828499815623
-59.5540659795461,1.3828499815623
-59.5810659795461,1.3828499815623
-59.6215659795461,1.3594673065623
-59.6350659795461,1.3360846315623
-59.6485659795461,1.3127019565623
-59.6620659795461,1.2893192815623
-59.6755659795461,1.2659366065623
-59.6890659795461,1.2425539315623
-59.7025659795461,1.2191712565623
-59.7160659795461,1.1957885815623
-59.7295659795461,1.1724059065623
-59.7430659795461,1.1490232315623
-59.7835659795461,0.7515177565623
-59.7700659795461,0.7281350815623
-59.7565659795461,0.7047524065623
-59.7430659795461,0.6813697315623
-59.7295659795461,0.6579870565623
-59.7160659795461,0.6346043815623
-59.7025659795461,0.6112217065623
-59.6890659795461,0.5878390315623
-59.6755659795461,0.5644563565623
-59.5000659795461,0.4475429815623
-59.4730659795460,0.4475429815623
-59.4460659795460,0.4475429815623
-59.4190659795460,0.4475429815623
-59.3920659795460,0.4475429815623
-59.3650659795460,0.4475429815623
-59.3380659795460,0.4475429815623
-59.3110659795460,0.4475429815623
-59.2840659795460,0.4475429815623
-59.2570659795460,0.4475429815623
-59.2300659795460,0.4475429815623
-59.2030659795460,0.4475429815623
-59.1760659795460,0.4475429815623
-59.1490659795460,0.4475429815623
-59.1220659795460,0.4475429815623
-59.0950659795460,0.4475429815623
-59.0545659795460,0.4709256565623
-59.0410659795460,0.4943083315623
-59.0275659795460,0.5176910065623
-59.0140659795460,0.5410736815623
-59.0005659795460,0.5644563565623
-58.9870659795460,0.5878390315623
-58.9735659795460,0.6112217065623
-58.9600659795460,0.6346043815623
-58.9465659795460,0.6579870565623
-58.9330659795460,0.6813697315623
-58.9195659795460,0.7047524065623
-58.9060659795460,0.7281350815623
-59.6215659795461,1.4062326565623
-59.0545659795460,0.4241603065623
-58.9060659795460,1.1490232315623
-58.9195659795460,1.1724059065623
-58.9330659795460,1.1957885815623
-58.9465659795460,1.2191712565623
-58.9600659795460,1.2425539315623
-58.9735659795460,1.2659366065623
-58.9870659795460,1.2893192815623
-59.0005659795460,1.3127019565623
-59.2975659795460,1.4062326565623
-59.3245659795460,1.4062326565623
-59.3515659795460,1.4062326565623
-59.3785659795460,1.4062326565623
-59.4055659795460,1.4062326565623
-59.4325659795460,1.4062326565623
-59.4595659795460,1.4062326565623
-59.4865659795461,1.4062326565623
-59.5135659795461,1.4062326565623
-59.5405659795461,1.4062326565623
-59.5675659795461,1.4062326565623
-59.5945659795461,1.4062326565623
-59.6350659795461,1.3828499815623
-59.6485659795461,1.3594673065623
-59.6620659795461,1.3360846315623
-59.6755659795461,1.3127019565623
-59.6890659795461,1.2893192815623
-59.7025659795461,1.2659366065623
-59.7160659795461,1.2425539315623
-59.7295659795461,1.2191712565623
-59.7430659795461,1.1957885815623
-59.7835659795461,0.7047524065623
-59.7700659795461,0.6813697315623
-59.7565659795461,0.6579870565623
-59.7430659795461,0.6346043815623
-59.7295659795461,0.6112217065623
-59.7160659795461,0.5878390315623
-59.7025659795461,0.5644563565623
-59.4595659795460,0.4241603065623
-59.4325659795460,0.4241603065623
-59.4055659795460,0.4241603065623
-59.3785659795460,0.4241603065623
-59.3515659795460,0.4241603065623
-59.3245659795460,0.4241603065623
-59.2975659795460,0.4241603065623
-59.2705659795460,0.4241603065623
-59.2435659795460,0.4241603065623
-59.2165659795460,0.4241603065623
-59.1895659795460,0.4241603065623
-59.1625659795460,0.4241603065623
-59.1355659795460,0.4241603065623
-59.1085659795460,0.4241603065623
-59.0815659795460,0.4241603065623
-59.0410659795460,0.4475429815623
-59.0275659795460,0.4709256565623
-59.0140659795460,0.4943083315623
-59.0005659795460,0.5176910065623
-58.9870659795460,0.5410736815623
-58.9735659795460,0.5644563565623
-58.9600659795460,0.5878390315623
-58.9465659795460,0.6112217065623
-58.9330659795460,0.6346043815623
-58.9195659795460,0.6579870565623
-58.9060659795460,0.6813697315623
-59.6350659795461,1.4296153315623
-59.0410659795460,0.4007776315623
-58.9060659795460,1.1957885815623
-58.9195659795460,1.2191712565623
-58.9330659795460,1.2425539315623
-58.9465659795460,1.2659366065623
-58.9600659795460,1.2893192815623
-59.2840659795460,1.4296153315623
-59.3110659795460,1.4296153315623
-59.3380659795460,1.4296153315623
-59.3650659795460,1.4296153315623
-59.3920659795460,1.4296153315623
-59.4190659795460,1.4296153315623
-59.4460659795460,1.4296153315623
-59.4730659795460,1.4296153315623
-59.5000659795461,1.4296153315623
-59.5270659795461,1.4296153315623
-59.5540659795461,1.4296153315623
-59.5810659795461,1.4296153315623
-59.6080659795461,1.4296153315623
-59.6485659795461,1.4062326565623
-59.6620659795461,1.3828499815623
-59.6755659795461,1.3594673065623
-59.6890659795461,1.3360846315623
-59.7025659795461,1.3127019565623
-59.7160659795461,1.2893192815623
-59.7295659795461,1.2659366065623
-59.7430659795461,1.2425539315623
-59.7565659795461,1.2191712565623
-59.7970659795461,0.6813697315623
-59.7835659795461,0.6579870565623
-59.7700659795461,0.6346043815623
-59.7565659795461,0.6112217065623
-59.7430659795461,0.5878390315623
-59.7295659795461,0.5644563565623
-59.4460659795460,0.4007776315623
-59.4190659795460,0.4007776315623
-59.3920659795460,0.4007776315623
-59.3650659795460,0.4007776315623
-59.3380659795460,0.4007776315623
-59.3110659795460,0.4007776315623
-59.2840659795460,0.4007776315623
-59.2570659795460,0.4007776315623
-59.2300659795460,0.4007776315623
-59.2030659795460,0.4007776315623
-59.1760659795460,0.4007776315623
-59.1490659795460,0.4007776315623
-59.1220659795460,0.4007776315623
-59.0950659795460,0.4007776315623
-59.0680659795460,0.4007776315623
-59.0275659795460,0.4241603065623
-59.0140659795460,0.4475429815623
-59.0005659795460,0.4709256565623
-58.9870659795460,0.4943083315623
-58.9735659795460,0.5176910065623
-58.9600659795460,0.5410736815623
-58.9465659795460,0.5644563565623
-58.9330659795460,0.5878390315623
-58.9195659795460,0.6112217065623
-58.9060659795460,0.6346043815623
-59.6485659795461,1.4529980065623
-59.0275659795460,0.3773949565623
-58.9195659795460,1.2659366065623
-58.9330659795460,1.2893192815623
-59.2975659795460,1.4529980065623
-59.3245659795460,1.4529980065623
-59.3515659795460,1.4529980065623
-59.3785659795460,1.4529980065623
-59.4055659795460,1.4529980065623
-59.4325659795460,1.4529980065623
-59.4595659795460,1.4529980065623
-59.4865659795461,1.4529980065623
-59.5135659795461,1.4529980065623
-59.5405659795461,1.4529980065623
-59.5675659795461,1.4529980065623
-59.5945659795461,1.4529980065623
-59.6215659795461,1.4529980065623
-59.6620659795461,1.4296153315623
-59.6755659795461,1.4062326565623
-59.6890659795461,1.3828499815623
-59.7025659795461,1.3594673065623
-59.7160659795461,1.3360846315623
-59.7295659795461,1.3127019565623
-59.7430659795461,1.2893192815623
-59.7565659795461,1.2659366065623
-59.7970659795461,0.6346043815623
-59.7835659795461,0.6112217065623
-59.7700659795461,0.5878390315623
-59.7565659795461,0.5644563565623
-59.4325659795460,0.3773949565623
-59.4055659795460,0.3773949565623
-59.3785659795460,0.3773949565623
-59.3515659795460,0.3773949565623
-59.3245659795460,0.3773949565623
-59.2975659795460,0.3773949565623
-59.2705659795460,0.3773949565623
-59.2435659795460,0.3773949565623
-59.2165659795460,0.3773949565623
-59.1895659795460,0.3773949565623
-59.1625659795460,0.3773949565623
-59.1355659795460,0.3773949565623
-59.1085659795460,0.3773949565623
-59.0815659795460,0.3773949565623
-59.0545659795460,0.3773949565623
-59.0140659795460,0.4007776315623
-59.0005659795460,0.4241603065623
-58.9870659795460,0.4475429815623
-58.9735659795460,0.4709256565623
-58.9600659795460,0.4943083315623
-58.9465659795460,0.5176910065623
-58.9330659795460,0.5410736815623
-58.9195659795460,0.5644563565623
-58.9060659795460,0.5878390315623
-59.6620659795461,1.4763806815623
-59.0140659795460,0.3540122815623
-58.9195659795460,1.3127019565623
-59.3380659795460,1.4763806815623
-59.3650659795460,1.4763806815623
-59.3920659795460,1.4763806815623
-59.4190659795460,1.4763806815623
-59.4460659795460,1.4763806815623
-59.4730659795460,1.4763806815623
-59.5000659795461,1.4763806815623
-59.5270659795461,1.4763806815623
-59.5540659795461,1.4763806815623
-59.5810659795461,1.4763806815623
-59.6080659795461,1.4763806815623
-59.6350659795461,1.4763806815623
-59.6755659795461,1.4529980065623
-59.6890659795461,1.4296153315623
-59.7025659795461,1.4062326565623
-59.7160659795461,1.3828499815623
-59.7295659795461,1.3594673065623
-59.7430659795461,1.3360846315623
-59.7565659795461,1.3127019565623
-59.7700659795461,1.2893192815623
-59.4460659795460,0.3540122815623
-59.4190659795460,0.3540122815623
-59.3920659795460,0.3540122815623
-59.3650659795460,0.3540122815623
-59.3380659795460,0.3540122815623
-59.3110659795460,0.3540122815623
-59.2840659795460,0.3540122815623
-59.2570659795460,0.3540122815623
-59.2300659795460,0.3540122815623
-59.2030659795460,0.3540122815623
-59.1760659795460,0.3540122815623
-59.1490659795460,0.3540122815623
-59.1220659795460,0.3540122815623
-59.0950659795460,0.3540122815623
-59.0680659795460,0.3540122815623
-59.0410659795460,0.3540122815623
-59.0005659795460,0.3773949565623
-58.9870659795460,0.4007776315623
-58.9735659795460,0.4241603065623
-58.9600659795460,0.4475429815623
-58.9465659795460,0.4709256565623
-58.9330659795460,0.4943083315623
-58.9195659795460,0.5176910065623
-58.9060659795460,0.5410736815623
-59.6755659795461,1.4997633565623
-59.0005659795460,0.3306296065623
-59.3515659795460,1.4997633565623
-59.3785659795460,1.4997633565623
-59.4055659795460,1.4997633565623
-59.4325659795460,1.4997633565623
-59.4595659795460,1.4997633565623
-59.4865659795461,1.4997633565623
-59.5135659795461,1.4997633565623
-59.5405659795461,1.4997633565623
-59.5675659795461,1.4997633565623
-59.5945659795461,1.4997633565623
-59.6215659795461,1.4997633565623
-59.6485659795461,1.4997633565623
-59.6890659795461,1.4763806815623
-59.7025659795461,1.4529980065623
-59.7160659795461,1.4296153315623
-59.7295659795461,1.4062326565623
-59.7430659795461,1.3828499815623
-59.7565659795461,1.3594673065623
-59.7700659795461,1.3360846315623
-59.4595659795460,0.3306296065623
-59.4325659795460,0.3306296065623
-59.4055659795460,0.3306296065623
-59.3785659795460,0.3306296065623
-59.3515659795460,0.3306296065623
-59.3245659795460,0.3306296065623
-59.2975659795460,0.3306296065623
-59.2705659795460,0.3306296065623
-59.2435659795460,0.3306296065623
-59.2165659795460,0.3306296065623
-59.1895659795460,0.3306296065623
-59.1625659795460,0.3306296065623
-59.1355659795460,0.3306296065623
-59.1085659795460,0.3306296065623
-59.0815659795460,0.3306296065623
-59.0545659795460,0.3306296065623
-59.0275659795460,0.3306296065623
-58.9870659795460,0.3540122815623
-58.9735659795460,0.3773949565623
-58.9600659795460,0.4007776315623
-58.9465659795460,0.4241603065623
-58.9330659795460,0.4475429815623
-58.9195659795460,0.4709256565623
-58.9060659795460,0.4943083315623
-59.6890659795461,1.5231460315623
-58.9870659795460,0.3072469315623
-59.3920659795460,1.5231460315623
-59.4190659795460,1.5231460315623
-59.4460659795460,1.5231460315623
-59.4730659795460,1.5231460315623
-59.5000659795461,1.5231460315623
-59.5270659795461,1.5231460315623
-59.5540659795461,1.5231460315623
-59.5810659795461,1.5231460315623
-59.6080659795461,1.5231460315623
-59.6350659795461,1.5231460315623
-59.6620659795461,1.5231460315623
-59.7025659795461,1.4997633565623
-59.7160659795461,1.4763806815623
-59.7295659795461,1.4529980065623
-59.7430659795461,1.4296153315623
-59.7565659795461,1.4062326565623
-59.7700659795461,1.3828499815623
-59.4460659795460,0.3072469315623
-59.4190659795460,0.3072469315623
-59.3920659795460,0.3072469315623
-59.3650659795460,0.3072469315623
-59.3380659795460,0.3072469315623
-59.3110659795460,0.3072469315623
-59.2840659795460,0.3072469315623
-59.2570659795460,0.3072469315623
-59.2300659795460,0.3072469315623
-59.2030659795460,0.3072469315623
-59.1760659795460,0.3072469315623
-59.1490659795460,0.3072469315623
-59.1220659795460,0.3072469315623
-59.0950659795460,0.3072469315623
-59.0680659795460,0.3072469315623
-59.0410659795460,0.3072469315623
-59.0140659795460,0.3072469315623
-58.9735659795460,0.3306296065623
-58.9600659795460,0.3540122815623
-58.9465659795460,0.3773949565623
-58.9330659795460,0.4007776315623
-58.9195659795460,0.4241603065623
-58.9060659795460,0.4475429815623
-59.7025659795461,1.5465287065623
-58.9735659795460,0.2838642565623
-59.4055659795460,1.5465287065623
-59.4325659795460,1.5465287065623
-59.4595659795460,1.5465287065623
-59.4865659795461,1.5465287065623
-59.5135659795461,1.5465287065623
-59.5405659795461,1.5465287065623
-59.5675659795461,1.5465287065623
-59.5945659795461,1.5465287065623
-59.6215659795461,1.5465287065623
-59.6485659795461,1.5465287065623
-59.6755659795461,1.5465287065623
-59.7160659795461,1.5231460315623
-59.7295659795461,1.4997633565623
-59.7430659795461,1.4763806815623
-59.7565659795461,1.4529980065623
-59.7700659795461,1.4296153315623
-59.4325659795460,0.2838642565623
-59.4055659795460,0.2838642565623
-59.3785659795460,0.2838642565623
-59.3515659795460,0.2838642565623
-59.3245659795460,0.2838642565623
-59.2975659795460,0.2838642565623
-59.2705659795460,0.2838642565623
-59.2435659795460,0.2838642565623
-59.2165659795460,0.2838642565623
-59.1895659795460,0.2838642565623
-59.1625659795460,0.2838642565623
-59.1355659795460,0.2838642565623
-59.1085659795460,0.2838642565623
-59.0815659795460,0.2838642565623
-59.0545659795460,0.2838642565623
-59.0275659795460,0.2838642565623
-59.0005659795460,0.2838642565623
-58.9600659795460,0.3072469315623
-58.9465659795460,0.3306296065623
-58.9330659795460,0.3540122815623
-58.9195659795460,0.3773949565623
-58.9060659795460,0.4007776315623
-59.7160659795461,1.5699113815623
-59.4730659795460,1.5699113815623
-59.5000659795461,1.5699113815623
-59.5270659795461,1.5699113815623
-59.5540659795461,1.5699113815623
-59.5810659795461,1.5699113815623
-59.6080659795461,1.5699113815623
-59.6350659795461,1.5699113815623
-59.6620659795461,1.5699113815623
-59.6890659795461,1.5699113815623
-59.7295659795461,1.5465287065623
-59.7430659795461,1.5231460315623
-59.7565659795461,1.4997633565623
-59.7700659795461,1.4763806815623
-59.7835659795461,1.4529980065623
-58.9465659795460,0.2838642565623
-58.9330659795460,0.3072469315623
-58.9195659795460,0.3306296065623
-58.9060659795460,0.3540122815623
-59.7295659795461,1.5932940565623
-59.4865659795461,1.5932940565623
-59.5405659795461,1.5932940565623
-59.5675659795461,1.5932940565623
-59.5945659795461,1.5932940565623
-59.6215659795461,1.5932940565623
-59.6485659795461,1.5932940565623
-59.6755659795461,1.5932940565623
-59.7025659795461,1.5932940565623
-59.7430659795461,1.5699113815623
-59.7565659795461,1.5465287065623
-59.7700659795461,1.5231460315623
-59.7835659795461,1.4997633565623
-59.7970659795461,1.4763806815623
-59.8105659795461,1.4529980065623
-58.9195659795460,0.2838642565623
-58.9060659795460,0.3072469315623
-59.6080659795461,1.6166767315623
-59.6350659795461,1.6166767315623
-59.6890659795461,1.6166767315623
-59.7565659795461,1.5932940565623
-59.7835659795461,1.5465287065623
-59.7970659795461,1.5231460315623
-59.8105659795461,1.4997633565623
