-34.8698907922631,-7.1651009337350
-34.8428907922631,-7.1651009337350
-34.8563907922631,-7.1417182587350
-34.8833907922631,-7.1417182587350
-34.8968907922631,-7.1651009337350
-34.8833907922631,-7.1884836087350
-34.8563907922631,-7.1884836087350
-34.8158907922631,-7.1651009337350
-34.8428907922631,-7.1183355837350
-34.8968907922631,-7.2118662837350
-34.8428907922631,-7.2118662837350
-34.8293907922631,-7.1417182587350
-34.8698907922631,-7.1183355837350
-34.9103907922631,-7.1417182587350
-34.9103907922631,-7.1884836087350
-34.8698907922631,-7.2118662837350
-34.8293907922631,-7.1884836087350
-34.8833907922631,-7.0949529087350
-34.9373907922631,-7.1884836087350
-34.9238907922631,-7.2118662837350
-34.8158907922631,-7.2118662837350
-34.8023907922631,-7.1884836087350
-34.8428907922631,-7.0715702337350
-34.8698907922631,-7.0715702337350
-34.9643907922631,-7.1884836087350
-34.9508907922631,-7.2118662837350
