-35.8126580957058,-7.5897276413324
-35.7856580957058,-7.5897276413324
-35.7991580957058,-7.5663449663324
-35.8261580957058,-7.5663449663324
-35.8396580957058,-7.5897276413324
-35.8261580957058,-7.6131103163324
-35.7991580957058,-7.6131103163324
-35.7586580957058,-7.5897276413324
-35.8396580957058,-7.5429622913324
-35.8396580957058,-7.6364929913324
-35.7856580957058,-7.6364929913324
-35.7721580957058,-7.5663449663324
-35.8126580957058,-7.5429622913324
-35.8531580957058,-7.6131103163324
-35.8126580957058,-7.6364929913324
-35.7721580957058,-7.6131103163324
-35.8531580957058,-7.5195796163324
-35.8531580957058,-7.6598756663324
-35.8261580957058,-7.5195796163324
-35.8666580957058,-7.5429622913324
-35.8666580957058,-7.6364929913324
-35.8261580957058,-7.6598756663324
-35.7586580957058,-7.6364929913324
-35.7451580957058,-7.6131103163324
-35.8396580957058,-7.4961969413324
-35.7316580957058,-7.6364929913324
