-35.9300979844127,-6.6430915562267
-35.9030979844127,-6.6430915562267
-35.9165979844127,-6.6197088812267
-35.9435979844127,-6.6197088812267
-35.9570979844127,-6.6430915562267
-35.9435979844127,-6.6664742312267
-35.9165979844127,-6.6664742312267
-35.8760979844127,-6.6430915562267
-35.9030979844127,-6.5963262062267
-35.9570979844127,-6.5963262062267
-35.9840979844127,-6.6430915562267
-35.9570979844127,-6.6898569062267
-35.9030979844127,-6.6898569062267
-35.8895979844127,-6.6197088812267
-35.9300979844127,-6.5963262062267
-35.9705979844127,-6.6197088812267
-35.9705979844127,-6.6664742312267
-35.9300979844127,-6.6898569062267
-35.8895979844127,-6.6664742312267
-35.8895979844127,-6.5729435312267
-35.8760979844127,-6.5963262062267
-35.9165979844127,-6.5729435312267
-35.9975979844127,-6.6664742312267
-35.9840979844127,-6.6898569062267
-35.9165979844127,-6.7132395812267
-35.8760979844127,-6.6898569062267
