-35.6036059169692,-7.0594823380831
-35.5766059169692,-7.0594823380831
-35.5901059169692,-7.0360996630831
-35.6171059169692,-7.0360996630831
-35.6306059169692,-7.0594823380831
-35.6171059169692,-7.0828650130831
-35.5901059169692,-7.0828650130831
-35.5496059169692,-7.0594823380831
-35.5766059169692,-7.0127169880831
-35.6306059169692,-7.0127169880831
-35.6576059169692,-7.0594823380831
-35.6306059169692,-7.1062476880831
-35.5766059169692,-7.1062476880831
-35.5631059169692,-7.0360996630831
-35.6036059169692,-7.0127169880831
-35.6441059169692,-7.0360996630831
-35.6441059169692,-7.0828650130831
-35.6036059169692,-7.1062476880831
-35.5631059169692,-7.0828650130831
-35.5226059169692,-7.0594823380831
-35.5631059169692,-6.9893343130831
-35.6441059169692,-6.9893343130831
-35.6846059169692,-7.0594823380831
-35.6441059169692,-7.1296303630831
-35.5361059169692,-7.0360996630831
-35.5496059169692,-7.0127169880831
-35.5901059169692,-6.9893343130831
-35.6171059169692,-6.9893343130831
-35.6576059169692,-7.0127169880831
-35.6711059169692,-7.0360996630831
-35.6711059169692,-7.0828650130831
-35.6576059169692,-7.1062476880831
-35.6171059169692,-7.1296303630831
-35.5496059169692,-7.1062476880831
-35.5361059169692,-7.0828650130831
-35.4956059169692,-7.0594823380831
-35.5091059169692,-7.0360996630831
-35.5766059169692,-6.9659516380831
-35.6981059169692,-7.0828650130831
-35.6846059169692,-7.1062476880831
-35.6711059169692,-7.1296303630831
-35.5091059169692,-7.0828650130831
