-35.8663345652649,-7.1460893857789
-35.8393345652649,-7.1460893857789
-35.8528345652649,-7.1227067107789
-35.8798345652649,-7.1227067107789
-35.8933345652649,-7.1460893857789
-35.8798345652649,-7.1694720607789
-35.8528345652649,-7.1694720607789
-35.8123345652649,-7.1460893857789
-35.8933345652649,-7.0993240357789
-35.9203345652649,-7.1460893857789
-35.8393345652649,-7.1928547357789
-35.9068345652649,-7.1227067107789
-35.9068345652649,-7.1694720607789
-35.8663345652649,-7.1928547357789
-35.8258345652649,-7.1694720607789
