-37.1394733991774,-7.0420196718218
-37.1124733991774,-7.0420196718218
-37.1259733991774,-7.0186369968218
-37.1529733991774,-7.0186369968218
-37.1664733991774,-7.0420196718218
-37.1529733991774,-7.0654023468218
-37.1259733991774,-7.0654023468218
-37.0854733991774,-7.0420196718218
-37.1664733991774,-6.9952543218218
-37.1934733991774,-7.0420196718218
-37.1124733991774,-7.0887850218218
-37.1799733991774,-7.0186369968218
-37.0989733991774,-7.0654023468218
-37.0584733991774,-7.0420196718218
-37.2204733991774,-7.0420196718218
-37.0719733991774,-7.0186369968218
-37.1934733991774,-6.9952543218218
-37.2069733991774,-7.0186369968218
-37.2069733991774,-7.0654023468218
-37.0719733991774,-7.0654023468218
