-36.8394686840689,-7.0980495311049
-36.8124686840689,-7.0980495311049
-36.8259686840689,-7.0746668561049
-36.8529686840689,-7.0746668561049
-36.8664686840689,-7.0980495311049
-36.8529686840689,-7.1214322061049
-36.8259686840689,-7.1214322061049
-36.7854686840689,-7.0980495311049
-36.8124686840689,-7.0512841811049
-36.8934686840689,-7.0980495311049
-36.8664686840689,-7.1448148811049
-36.8124686840689,-7.1448148811049
-36.7989686840689,-7.0746668561049
-36.8799686840689,-7.0746668561049
-36.8799686840689,-7.1214322061049
-36.8394686840689,-7.1448148811049
-36.7989686840689,-7.1214322061049
-36.9204686840689,-7.0980495311049
-36.7719686840689,-7.0746668561049
-36.7854686840689,-7.0512841811049
-36.9069686840689,-7.1214322061049
-36.8934686840689,-7.1448148811049
-36.7584686840689,-7.0512841811049
-36.9204686840689,-7.1448148811049
-36.7449686840689,-7.0279015061049
