-35.0369239231070,-6.7960893570888
-35.0099239231070,-6.7960893570888
-35.0639239231070,-6.7960893570888
-35.0504239231070,-6.8194720320888
-35.0234239231070,-6.8194720320888
-34.9829239231070,-6.7960893570888
-35.0909239231070,-6.7960893570888
-35.0639239231070,-6.8428547070888
-35.0099239231070,-6.8428547070888
-35.0774239231070,-6.7727066820888
-35.0774239231070,-6.8194720320888
-35.0369239231070,-6.8428547070888
-34.9964239231070,-6.8194720320888
-34.9559239231070,-6.7960893570888
-35.1179239231070,-6.7960893570888
-35.0774239231070,-6.8662373820888
-34.9964239231070,-6.8662373820888
-35.0909239231070,-6.7493240070888
-35.1044239231070,-6.7727066820888
-35.1044239231070,-6.8194720320888
-35.0504239231070,-6.8662373820888
-35.0234239231070,-6.8662373820888
-34.9829239231070,-6.8428547070888
-34.9694239231070,-6.8194720320888
-34.9289239231070,-6.7960893570888
-35.0909239231070,-6.7025586570888
-35.0909239231070,-6.8896200570888
-34.9829239231070,-6.8896200570888
-34.9424239231070,-6.7727066820888
-35.0369239231070,-6.7025586570888
-35.0639239231070,-6.7025586570888
-35.1044239231070,-6.7259413320888
-35.1179239231070,-6.7493240070888
-35.1314239231070,-6.7727066820888
-35.0639239231070,-6.8896200570888
-35.0369239231070,-6.8896200570888
-35.0099239231070,-6.8896200570888
-34.9694239231070,-6.8662373820888
-34.9559239231070,-6.8428547070888
-34.9424239231070,-6.8194720320888
-35.1044239231070,-6.6791759820888
-35.1044239231070,-6.9130027320888
-35.0504239231070,-6.6791759820888
-35.0774239231070,-6.6791759820888
-35.0774239231070,-6.9130027320888
-35.0504239231070,-6.9130027320888
-35.0234239231070,-6.9130027320888
-34.9559239231070,-6.8896200570888
-34.9424239231070,-6.8662373820888
-34.9289239231070,-6.8428547070888
-34.9154239231070,-6.8194720320888
-35.1179239231070,-6.6557933070888
-35.0369239231070,-6.6557933070888
-35.0639239231070,-6.6557933070888
-35.0909239231070,-6.6557933070888
-35.0909239231070,-6.9363854070888
-34.9154239231070,-6.8662373820888
-35.0504239231070,-6.6324106320888
-35.0774239231070,-6.6324106320888
-35.0369239231070,-6.6090279570888
