-37.0288847855329,-6.7883615112444
-37.0018847855329,-6.7883615112444
-37.0153847855329,-6.7649788362444
-37.0423847855329,-6.7649788362444
-37.0558847855329,-6.7883615112444
-37.0423847855329,-6.8117441862444
-37.0153847855329,-6.8117441862444
-36.9748847855329,-6.7883615112444
-37.0018847855329,-6.7415961612444
-37.0828847855329,-6.7883615112444
-37.0558847855329,-6.8351268612444
-37.0018847855329,-6.8351268612444
-36.9883847855329,-6.7649788362444
-37.0288847855329,-6.7415961612444
-37.0693847855329,-6.7649788362444
-37.0693847855329,-6.8117441862444
-37.0288847855329,-6.8351268612444
-36.9883847855329,-6.8117441862444
-36.9883847855329,-6.7182134862444
-37.1098847855329,-6.7883615112444
-36.9613847855329,-6.7649788362444
-36.9748847855329,-6.7415961612444
-37.0963847855329,-6.7649788362444
-37.0153847855329,-6.8585095362444
-36.9748847855329,-6.8351268612444
-36.9613847855329,-6.8117441862444
