-38.5845812394770,-6.7314473420387
-38.5575812394770,-6.7314473420387
-38.5710812394770,-6.7080646670387
-38.5980812394770,-6.7080646670387
-38.6115812394770,-6.7314473420387
-38.5980812394770,-6.7548300170387
-38.5710812394770,-6.7548300170387
-38.5305812394770,-6.7314473420387
-38.6115812394770,-6.6846819920387
-38.6385812394770,-6.7314473420387
-38.6115812394770,-6.7782126920387
-38.5575812394770,-6.7782126920387
-38.5440812394770,-6.7080646670387
-38.6250812394770,-6.7080646670387
-38.6250812394770,-6.7548300170387
-38.5845812394770,-6.7782126920387
-38.5440812394770,-6.7548300170387
-38.5035812394770,-6.7314473420387
-38.6250812394770,-6.6612993170387
-38.5170812394770,-6.7080646670387
-38.6385812394770,-6.6846819920387
-38.6520812394770,-6.7080646670387
-38.5305812394770,-6.7782126920387
-38.5170812394770,-6.7548300170387
-38.6385812394770,-6.6379166420387
-38.6655812394770,-6.6846819920387
-38.5035812394770,-6.7782126920387
-38.4900812394770,-6.7548300170387
