-35.4286377772306,-6.4487046732356
-35.4016377772306,-6.4487046732356
-35.4151377772306,-6.4253219982356
-35.4421377772306,-6.4253219982356
-35.4556377772306,-6.4487046732356
-35.4421377772306,-6.4720873482356
-35.4151377772306,-6.4720873482356
-35.3746377772306,-6.4487046732356
-35.4016377772306,-6.4019393232356
-35.4826377772307,-6.4487046732356
-35.3881377772306,-6.4253219982356
-35.4286377772306,-6.4019393232356
-35.4691377772306,-6.4253219982356
-35.4691377772306,-6.4720873482356
-35.3881377772306,-6.4720873482356
-35.3476377772306,-6.4487046732356
-35.5096377772307,-6.4487046732356
-35.3611377772306,-6.4253219982356
-35.4961377772307,-6.4253219982356
-35.4961377772307,-6.4720873482356
-35.3746377772306,-6.4954700232356
-35.3611377772306,-6.4720873482356
-35.3206377772306,-6.4487046732356
-35.5366377772307,-6.4487046732356
-35.3341377772306,-6.4253219982356
-35.5231377772307,-6.4253219982356
-35.5231377772307,-6.4720873482356
-35.3476377772306,-6.4954700232356
-35.3341377772306,-6.4720873482356
-35.5636377772307,-6.4487046732356
-35.3071377772306,-6.4253219982356
-35.3206377772306,-6.4019393232356
-35.5501377772307,-6.4253219982356
-35.5501377772307,-6.4720873482356
-35.5771377772307,-6.4720873482356
