-37.6213446191804,-6.0868670503982
-37.5943446191804,-6.0868670503982
-37.6078446191804,-6.0634843753982
-37.6348446191804,-6.0634843753982
-37.6483446191804,-6.0868670503982
-37.6348446191804,-6.1102497253982
-37.6078446191804,-6.1102497253982
-37.5673446191804,-6.0868670503982
-37.5943446191804,-6.0401017003982
-37.6483446191804,-6.0401017003982
-37.6753446191804,-6.0868670503982
-37.6483446191804,-6.1336324003982
-37.5943446191804,-6.1336324003982
-37.5808446191804,-6.0634843753982
-37.6213446191804,-6.0401017003982
-37.6618446191804,-6.0634843753982
-37.6618446191804,-6.1102497253982
-37.6213446191804,-6.1336324003982
-37.5808446191804,-6.1102497253982
-37.5808446191804,-6.0167190253982
-37.6618446191804,-6.0167190253982
-37.6618446191804,-6.1570150753982
-37.5808446191804,-6.1570150753982
-37.6078446191804,-6.0167190253982
-37.6348446191804,-6.0167190253982
-37.6753446191804,-6.1336324003982
-37.6348446191804,-6.1570150753982
-37.6078446191804,-6.1570150753982
-37.5673446191804,-6.1336324003982
-37.5538446191804,-6.1102497253982
-37.6753446191804,-6.1803977503982
-37.5943446191804,-5.9933363503982
-37.6213446191804,-5.9933363503982
-37.6483446191804,-5.9933363503982
-37.6888446191804,-6.1570150753982
-37.6483446191804,-6.1803977503982
-37.5538446191804,-6.1570150753982
-37.5403446191804,-6.1336324003982
-37.6348446191804,-5.9699536753982
-37.7023446191804,-6.1803977503982
-37.6483446191804,-5.9465710003982
