-36.6000164952234,-5.4715355855296
-36.5730164952234,-5.4715355855296
-36.5865164952234,-5.4481529105296
-36.6135164952235,-5.4481529105296
-36.6270164952235,-5.4715355855296
-36.6135164952235,-5.4949182605296
-36.5865164952234,-5.4949182605296
-36.5460164952234,-5.4715355855296
-36.5730164952234,-5.4247702355296
-36.6270164952235,-5.4247702355296
-36.6540164952235,-5.4715355855296
-36.6270164952235,-5.5183009355296
-36.5730164952234,-5.5183009355296
-36.5595164952234,-5.4481529105296
-36.6000164952234,-5.4247702355296
-36.6405164952235,-5.4481529105296
-36.6405164952235,-5.4949182605296
-36.6000164952234,-5.5183009355296
-36.5595164952234,-5.4949182605296
-36.5190164952234,-5.4715355855296
-36.6810164952235,-5.4715355855296
-36.5595164952234,-5.5416836105296
-36.5325164952234,-5.4481529105296
-36.5460164952234,-5.4247702355296
-36.6540164952235,-5.4247702355296
-36.6675164952235,-5.4481529105296
-36.6675164952235,-5.4949182605296
-36.6540164952235,-5.5183009355296
-36.5460164952234,-5.5183009355296
-36.5325164952234,-5.4949182605296
-36.4920164952234,-5.4715355855296
-36.5460164952234,-5.5650662855296
-36.5055164952234,-5.4481529105296
-36.5190164952234,-5.4247702355296
-36.6810164952235,-5.4247702355296
-36.6945164952235,-5.4481529105296
-36.6945164952235,-5.4949182605296
-36.6810164952235,-5.5183009355296
-36.5730164952234,-5.5650662855296
-36.5325164952234,-5.5416836105296
-36.5190164952234,-5.5183009355296
-36.5055164952234,-5.4949182605296
-36.4650164952234,-5.4715355855296
-36.5325164952234,-5.5884489605296
-36.4785164952234,-5.4481529105296
-36.4920164952234,-5.4247702355296
-36.5055164952234,-5.4013875605296
-36.7080164952235,-5.4247702355296
-36.7215164952235,-5.4481529105296
-36.5190164952234,-5.5650662855296
-36.5055164952234,-5.5416836105296
-36.4920164952234,-5.5183009355296
-36.4785164952234,-5.4949182605296
-36.4515164952234,-5.4481529105296
-36.4650164952234,-5.4247702355296
-36.4785164952234,-5.4013875605296
-36.7215164952235,-5.4013875605296
-36.7350164952235,-5.4247702355296
-36.7485164952235,-5.4481529105296
-36.5055164952234,-5.5884489605296
-36.4920164952234,-5.5650662855296
-36.4785164952234,-5.5416836105296
-36.4650164952234,-5.5183009355296
-36.4515164952234,-5.4013875605296
-36.7485164952235,-5.4013875605296
-36.7620164952235,-5.4247702355296
-36.7755164952235,-5.4481529105296
-36.4785164952234,-5.5884489605296
-36.7755164952235,-5.4013875605296
-36.7890164952235,-5.4247702355296
-36.8025164952235,-5.4481529105296
-36.8025164952235,-5.4013875605296
-36.8160164952235,-5.4247702355296
-36.8295164952235,-5.4013875605296
-36.8430164952235,-5.4247702355296
