-35.3652894385237,-5.7876218867235
-35.3382894385237,-5.7876218867235
-35.3517894385237,-5.7642392117235
-35.3787894385237,-5.7642392117235
-35.3922894385237,-5.7876218867235
-35.3787894385237,-5.8110045617235
-35.3517894385237,-5.8110045617235
-35.3112894385237,-5.7876218867235
-35.3382894385237,-5.7408565367235
-35.3922894385237,-5.7408565367235
-35.4192894385237,-5.7876218867235
-35.3922894385237,-5.8343872367235
-35.3382894385237,-5.8343872367235
-35.3247894385237,-5.7642392117235
-35.3652894385237,-5.7408565367235
-35.4057894385237,-5.7642392117235
-35.4057894385237,-5.8110045617235
-35.3652894385237,-5.8343872367235
-35.3247894385237,-5.8110045617235
-35.2842894385237,-5.7876218867235
-35.4462894385237,-5.7876218867235
-35.2977894385237,-5.7642392117235
-35.3112894385237,-5.7408565367235
-35.4192894385237,-5.7408565367235
-35.4327894385237,-5.7642392117235
-35.4327894385237,-5.8110045617235
-35.4192894385237,-5.8343872367235
-35.2977894385237,-5.8110045617235
-35.2572894385237,-5.7876218867235
-35.4462894385237,-5.7408565367235
-35.4597894385237,-5.8110045617235
-35.4462894385237,-5.8343872367235
-35.2707894385237,-5.8110045617235
