-48.1873753603095,-6.2318407127823
-48.1603753603095,-6.2318407127823
-48.1738753603095,-6.2084580377823
-48.2008753603095,-6.2084580377823
-48.2143753603095,-6.2318407127823
-48.2008753603095,-6.2552233877823
-48.1738753603095,-6.2552233877823
-48.1333753603095,-6.2318407127823
-48.1603753603095,-6.1850753627823
-48.2143753603095,-6.1850753627823
-48.2413753603095,-6.2318407127823
-48.2143753603095,-6.2786060627823
-48.1603753603095,-6.2786060627823
-48.1468753603095,-6.2084580377823
-48.1873753603095,-6.1850753627823
-48.2278753603095,-6.2084580377823
-48.2278753603095,-6.2552233877823
-48.1873753603095,-6.2786060627823
-48.1468753603095,-6.2552233877823
-48.1063753603095,-6.2318407127823
-48.1468753603095,-6.1616926877823
-48.2278753603095,-6.1616926877823
-48.2683753603095,-6.2318407127823
-48.2278753603095,-6.3019887377823
-48.1468753603095,-6.3019887377823
-48.1198753603095,-6.2084580377823
-48.1333753603095,-6.1850753627823
-48.1738753603095,-6.1616926877823
-48.2008753603095,-6.1616926877823
-48.2413753603095,-6.1850753627823
-48.2548753603095,-6.2084580377823
-48.2548753603095,-6.2552233877823
-48.2413753603095,-6.2786060627823
-48.2008753603095,-6.3019887377823
-48.1738753603095,-6.3019887377823
-48.1333753603095,-6.2786060627823
-48.1198753603095,-6.2552233877823
-48.0793753603095,-6.2318407127823
-48.1333753603095,-6.1383100127823
-48.2413753603095,-6.1383100127823
-48.2953753603095,-6.2318407127823
-48.2413753603095,-6.3253714127823
-48.1333753603095,-6.3253714127823
-48.0928753603095,-6.2084580377823
-48.1063753603095,-6.1850753627823
-48.1198753603095,-6.1616926877823
-48.1603753603095,-6.1383100127823
-48.1873753603095,-6.1383100127823
-48.2143753603095,-6.1383100127823
-48.2548753603095,-6.1616926877823
-48.2683753603095,-6.1850753627823
-48.2818753603095,-6.2084580377823
-48.2818753603095,-6.2552233877823
-48.2683753603095,-6.2786060627823
-48.2548753603095,-6.3019887377823
-48.2143753603095,-6.3253714127823
-48.1873753603095,-6.3253714127823
-48.1603753603095,-6.3253714127823
-48.1198753603095,-6.3019887377823
-48.1063753603095,-6.2786060627823
-48.0928753603095,-6.2552233877823
-48.0523753603095,-6.2318407127823
-48.2548753603095,-6.1149273377823
-48.3223753603095,-6.2318407127823
-48.2548753603095,-6.3487540877823
-48.1198753603095,-6.3487540877823
-48.0658753603095,-6.2084580377823
-48.0793753603095,-6.1850753627823
-48.0928753603095,-6.1616926877823
-48.1063753603095,-6.1383100127823
-48.1738753603095,-6.1149273377823
-48.2008753603095,-6.1149273377823
-48.2278753603095,-6.1149273377823
-48.2683753603095,-6.1383100127823
-48.2818753603095,-6.1616926877823
-48.2953753603095,-6.1850753627823
-48.3088753603095,-6.2084580377823
-48.3088753603095,-6.2552233877823
-48.2953753603095,-6.2786060627823
-48.2818753603095,-6.3019887377823
-48.2683753603095,-6.3253714127823
-48.2278753603095,-6.3487540877823
-48.2008753603095,-6.3487540877823
-48.1468753603095,-6.3487540877823
-48.1063753603095,-6.3253714127823
-48.0928753603095,-6.3019887377823
-48.0793753603095,-6.2786060627823
-48.0658753603095,-6.2552233877823
-48.0253753603095,-6.2318407127823
-48.2683753603095,-6.0915446627823
-48.3493753603095,-6.2318407127823
-48.1063753603095,-6.3721367627823
-48.0388753603095,-6.2084580377823
-48.0523753603095,-6.1850753627823
-48.0658753603095,-6.1616926877823
-48.0793753603095,-6.1383100127823
-48.2143753603095,-6.0915446627823
-48.2413753603095,-6.0915446627823
-48.2818753603095,-6.1149273377823
-48.2953753603095,-6.1383100127823
-48.3088753603095,-6.1616926877823
-48.3223753603095,-6.1850753627823
-48.3358753603095,-6.2084580377823
-48.3358753603095,-6.2552233877823
-48.3223753603095,-6.2786060627823
-48.3088753603095,-6.3019887377823
-48.2953753603095,-6.3253714127823
-48.2818753603095,-6.3487540877823
-48.0928753603095,-6.3487540877823
-48.0793753603095,-6.3253714127823
-48.0658753603095,-6.3019887377823
-48.0523753603095,-6.2786060627823
-48.0388753603095,-6.2552233877823
-47.9983753603095,-6.2318407127823
-48.2818753603095,-6.0681619877823
-48.3763753603095,-6.2318407127823
-48.0928753603095,-6.3955194377823
-48.0118753603095,-6.2084580377823
-48.0253753603095,-6.1850753627823
-48.0388753603095,-6.1616926877823
-48.0523753603095,-6.1383100127823
-48.2278753603095,-6.0681619877823
-48.2548753603095,-6.0681619877823
-48.3223753603095,-6.1383100127823
-48.3358753603095,-6.1616926877823
-48.3493753603095,-6.1850753627823
-48.3628753603095,-6.2084580377823
-48.3628753603095,-6.2552233877823
-48.3493753603095,-6.2786060627823
-48.3358753603095,-6.3019887377823
-48.3223753603095,-6.3253714127823
-48.3088753603095,-6.3487540877823
-48.2953753603095,-6.3721367627823
-48.1198753603095,-6.3955194377823
-48.0793753603095,-6.3721367627823
-48.0658753603095,-6.3487540877823
-48.0523753603095,-6.3253714127823
-48.0388753603095,-6.3019887377823
-48.0253753603095,-6.2786060627823
-48.0118753603095,-6.2552233877823
-47.9713753603095,-6.2318407127823
-48.2953753603095,-6.0447793127823
-48.4033753603095,-6.2318407127823
-48.0793753603095,-6.4189021127823
-47.9848753603095,-6.2084580377823
-47.9983753603095,-6.1850753627823
-48.0118753603095,-6.1616926877823
-48.2143753603095,-6.0447793127823
-48.2413753603095,-6.0447793127823
-48.2683753603095,-6.0447793127823
-48.3628753603095,-6.1616926877823
-48.3763753603095,-6.1850753627823
-48.3898753603095,-6.2084580377823
-48.3898753603095,-6.2552233877823
-48.3763753603095,-6.2786060627823
-48.3628753603095,-6.3019887377823
-48.3493753603095,-6.3253714127823
-48.3358753603095,-6.3487540877823
-48.3223753603095,-6.3721367627823
-48.1063753603095,-6.4189021127823
-48.0658753603095,-6.3955194377823
-48.0523753603095,-6.3721367627823
-48.0388753603095,-6.3487540877823
-48.0253753603095,-6.3253714127823
-48.0118753603095,-6.3019887377823
-47.9983753603095,-6.2786060627823
-47.9848753603095,-6.2552233877823
-48.3088753603095,-6.0213966377823
-48.2278753603095,-6.0213966377823
-48.2548753603095,-6.0213966377823
-48.2818753603095,-6.0213966377823
-48.3898753603095,-6.1616926877823
-48.4033753603095,-6.1850753627823
-48.4168753603095,-6.2084580377823
-48.4168753603095,-6.2552233877823
-48.4033753603095,-6.2786060627823
-48.3898753603095,-6.3019887377823
-48.3763753603095,-6.3253714127823
-48.3628753603095,-6.3487540877823
-48.0523753603095,-6.4189021127823
-48.0388753603095,-6.3955194377823
-48.0253753603095,-6.3721367627823
-48.0118753603095,-6.3487540877823
-47.9983753603095,-6.3253714127823
-47.9848753603095,-6.3019887377823
-47.9713753603095,-6.2786060627823
-47.9578753603095,-6.2552233877823
-48.3223753603095,-5.9980139627824
-48.2413753603095,-5.9980139627824
-48.2683753603095,-5.9980139627824
-48.2953753603095,-5.9980139627824
-48.3358753603095,-6.0213966377823
-48.4168753603095,-6.1616926877823
-48.4303753603095,-6.1850753627823
-48.0253753603095,-6.4189021127823
-48.0118753603095,-6.3955194377823
-47.9983753603095,-6.3721367627823
-47.9848753603095,-6.3487540877823
-47.9713753603095,-6.3253714127823
-47.9578753603095,-6.3019887377823
-48.2548753603095,-5.9746312877824
-48.2818753603095,-5.9746312877824
-48.3088753603095,-5.9746312877824
-47.9848753603095,-6.3955194377823
-47.9713753603095,-6.3721367627823
