-49.3104315485802,-9.4798093215283
-49.2834315485802,-9.4798093215283
-49.2969315485802,-9.4564266465283
-49.3239315485802,-9.4564266465283
-49.3374315485802,-9.4798093215283
-49.3239315485802,-9.5031919965283
-49.2969315485802,-9.5031919965283
-49.2564315485802,-9.4798093215283
-49.2834315485802,-9.4330439715283
-49.3374315485802,-9.4330439715283
-49.3644315485802,-9.4798093215283
-49.3374315485802,-9.5265746715283
-49.2834315485802,-9.5265746715283
-49.2699315485802,-9.4564266465283
-49.3104315485802,-9.4330439715283
-49.3509315485802,-9.4564266465283
-49.3509315485802,-9.5031919965283
-49.3104315485802,-9.5265746715283
-49.2699315485802,-9.5031919965283
-49.2294315485802,-9.4798093215283
-49.2699315485802,-9.4096612965283
-49.3509315485802,-9.4096612965283
-49.3914315485802,-9.4798093215283
-49.3509315485802,-9.5499573465283
-49.2699315485802,-9.5499573465283
-49.2564315485802,-9.4330439715283
-49.2969315485802,-9.4096612965283
-49.3239315485802,-9.4096612965283
-49.3644315485802,-9.4330439715283
-49.3779315485802,-9.4564266465283
-49.3779315485802,-9.5031919965283
-49.3644315485802,-9.5265746715283
-49.3239315485802,-9.5499573465283
-49.2969315485802,-9.5499573465283
-49.2564315485802,-9.5265746715283
-49.2429315485802,-9.5031919965283
-49.3644315485802,-9.3862786215283
-49.4184315485802,-9.4798093215283
-49.3644315485802,-9.5733400215283
-49.2564315485802,-9.5733400215283
-49.2834315485802,-9.3862786215283
-49.3104315485802,-9.3862786215283
-49.3374315485802,-9.3862786215283
-49.3779315485802,-9.4096612965283
-49.3914315485802,-9.4330439715283
-49.4049315485802,-9.4564266465283
-49.4049315485802,-9.5031919965283
-49.3914315485802,-9.5265746715283
-49.3779315485802,-9.5499573465283
-49.3374315485802,-9.5733400215283
-49.3104315485802,-9.5733400215283
-49.2834315485802,-9.5733400215283
-49.2429315485802,-9.5499573465283
-49.2294315485802,-9.5265746715283
-49.2159315485802,-9.5031919965283
-49.3779315485802,-9.3628959465283
-49.2429315485802,-9.5967226965283
-49.2699315485802,-9.3628959465283
-49.2969315485802,-9.3628959465283
-49.3239315485802,-9.3628959465283
-49.3509315485802,-9.3628959465283
-49.3914315485802,-9.3862786215283
-49.4049315485802,-9.4096612965283
-49.4184315485802,-9.4330439715283
-49.4319315485802,-9.4564266465283
-49.3239315485802,-9.5967226965283
-49.2969315485802,-9.5967226965283
-49.2699315485802,-9.5967226965283
-49.2294315485802,-9.5733400215283
-49.2159315485802,-9.5499573465283
-49.2024315485802,-9.5265746715283
-49.3914315485802,-9.3395132715283
-49.2294315485802,-9.6201053715283
-49.2834315485802,-9.3395132715283
-49.3104315485802,-9.3395132715283
-49.3374315485802,-9.3395132715283
-49.3644315485802,-9.3395132715283
-49.4049315485802,-9.3628959465283
-49.4184315485802,-9.3862786215283
-49.4319315485802,-9.4096612965283
-49.4454315485802,-9.4330439715283
-49.3104315485802,-9.6201053715283
-49.2834315485802,-9.6201053715283
-49.2564315485802,-9.6201053715283
-49.2159315485802,-9.5967226965283
-49.2024315485802,-9.5733400215283
-49.1889315485802,-9.5499573465283
-49.4049315485802,-9.3161305965283
-49.2159315485802,-9.6434880465283
-49.3239315485802,-9.3161305965283
-49.3509315485802,-9.3161305965283
-49.3779315485802,-9.3161305965283
-49.4184315485802,-9.3395132715283
-49.4319315485802,-9.3628959465283
-49.4454315485802,-9.3862786215283
-49.4589315485802,-9.4096612965283
-49.4724315485802,-9.4330439715283
-49.2969315485802,-9.6434880465283
-49.2699315485802,-9.6434880465283
-49.2429315485802,-9.6434880465283
-49.2024315485802,-9.6201053715283
-49.1889315485802,-9.5967226965283
-49.1754315485802,-9.5733400215283
-49.1619315485802,-9.5499573465283
-49.4184315485802,-9.2927479215283
-49.2024315485802,-9.6668707215283
-49.3374315485802,-9.2927479215283
-49.3644315485802,-9.2927479215283
-49.3914315485802,-9.2927479215283
-49.4319315485802,-9.3161305965283
-49.4454315485802,-9.3395132715283
-49.4589315485802,-9.3628959465283
-49.4724315485802,-9.3862786215283
-49.4859315485802,-9.4096612965283
-49.2834315485802,-9.6668707215283
-49.2564315485802,-9.6668707215283
-49.2294315485802,-9.6668707215283
-49.1889315485802,-9.6434880465283
-49.1754315485802,-9.6201053715283
-49.1619315485802,-9.5967226965283
-49.1484315485802,-9.5733400215283
-49.4319315485802,-9.2693652465283
-49.1889315485802,-9.6902533965283
-49.3509315485802,-9.2693652465283
-49.3779315485802,-9.2693652465283
-49.4049315485802,-9.2693652465283
-49.4454315485802,-9.2927479215283
-49.4589315485802,-9.3161305965283
-49.4724315485802,-9.3395132715283
-49.4859315485802,-9.3628959465283
-49.4994315485802,-9.3862786215283
-49.5129315485802,-9.4096612965283
-49.2699315485802,-9.6902533965283
-49.2429315485802,-9.6902533965283
-49.2159315485802,-9.6902533965283
-49.1754315485802,-9.6668707215283
-49.1619315485802,-9.6434880465283
-49.1484315485802,-9.6201053715283
-49.1349315485802,-9.5967226965283
-49.1214315485802,-9.5733400215283
-49.4454315485802,-9.2459825715283
-49.1754315485802,-9.7136360715283
-49.3644315485802,-9.2459825715283
-49.3914315485802,-9.2459825715283
-49.4184315485802,-9.2459825715283
-49.4724315485802,-9.2927479215283
-49.4859315485802,-9.3161305965283
-49.4994315485802,-9.3395132715283
-49.5129315485802,-9.3628959465283
-49.5264315485802,-9.3862786215283
-49.2024315485802,-9.7136360715283
-49.1619315485802,-9.6902533965283
-49.1484315485802,-9.6668707215283
-49.1349315485802,-9.6434880465283
-49.1214315485802,-9.6201053715283
-49.1079315485802,-9.5967226965283
-49.0944315485802,-9.5733400215283
-49.1619315485802,-9.7370187465283
-49.3779315485802,-9.2225998965283
-49.4049315485802,-9.2225998965283
-49.4319315485802,-9.2225998965283
-49.4859315485802,-9.2693652465283
-49.4994315485802,-9.2927479215283
-49.5129315485802,-9.3161305965283
-49.5264315485802,-9.3395132715283
-49.5399315485802,-9.3628959465283
-49.5534315485802,-9.3862786215283
-49.1484315485802,-9.7136360715283
-49.1349315485802,-9.6902533965283
-49.1214315485802,-9.6668707215283
-49.1079315485802,-9.6434880465283
-49.0944315485802,-9.6201053715283
-49.0809315485802,-9.5967226965283
-49.0674315485802,-9.5733400215283
-49.3914315485802,-9.1992172215283
-49.5129315485802,-9.2693652465283
-49.5264315485802,-9.2927479215283
-49.5399315485802,-9.3161305965283
-49.5534315485802,-9.3395132715283
-49.5669315485802,-9.3628959465283
-49.1214315485802,-9.7136360715283
-49.1079315485802,-9.6902533965283
-49.0944315485802,-9.6668707215283
-49.0809315485802,-9.6434880465283
-49.0674315485802,-9.6201053715283
-49.0539315485802,-9.5967226965283
-49.5399315485802,-9.2693652465283
-49.5534315485802,-9.2927479215283
-49.5669315485802,-9.3161305965283
-49.5804315485802,-9.3395132715283
-49.0944315485802,-9.7136360715283
-49.0809315485802,-9.6902533965283
-49.0674315485802,-9.6668707215283
-49.0539315485802,-9.6434880465283
-49.0404315485802,-9.6201053715283
-49.0269315485802,-9.5967226965283
-49.5669315485802,-9.2693652465283
-49.5804315485802,-9.2927479215283
-49.5939315485802,-9.3161305965283
-49.0674315485802,-9.7136360715283
-49.0539315485802,-9.6902533965283
-49.0404315485802,-9.6668707215283
-49.0269315485802,-9.6434880465283
-49.0134315485802,-9.6201053715283
-48.9999315485802,-9.5967226965283
-49.5939315485802,-9.2693652465283
-49.6074315485802,-9.2927479215283
-49.0404315485802,-9.7136360715283
-49.0269315485802,-9.6902533965283
-49.0134315485802,-9.6668707215283
-48.9999315485802,-9.6434880465283
-48.9864315485802,-9.6201053715283
-49.6074315485802,-9.2459825715283
-49.6209315485802,-9.2693652465283
-49.6344315485802,-9.2927479215283
-49.6479315485802,-9.3161305965283
-49.0134315485802,-9.7136360715283
-48.9999315485802,-9.6902533965283
-48.9864315485802,-9.6668707215283
-48.9729315485802,-9.6434880465283
-49.6209315485802,-9.2225998965283
-49.6344315485802,-9.2459825715283
-49.6479315485802,-9.2693652465283
-49.6614315485802,-9.2927479215283
-49.6749315485802,-9.3161305965283
-48.9864315485802,-9.7136360715283
-48.9729315485802,-9.6902533965283
-48.9594315485802,-9.6668707215283
-49.6479315485802,-9.2225998965283
-49.6614315485802,-9.2459825715283
-49.6749315485802,-9.2693652465283
-49.6884315485802,-9.2927479215283
-49.7019315485802,-9.3161305965283
-49.7154315485802,-9.3395132715283
-48.9594315485802,-9.7136360715283
-48.9459315485802,-9.6902533965283
-48.9324315485802,-9.6668707215283
-49.6749315485802,-9.2225998965283
-49.6884315485802,-9.2459825715283
-49.7019315485802,-9.2693652465283
-48.9324315485802,-9.7136360715283
-48.9189315485802,-9.6902533965283
-49.6884315485802,-9.1992172215283
-49.7019315485802,-9.2225998965283
-48.9054315485802,-9.7136360715283
-48.8919315485802,-9.6902533965283
-49.7019315485802,-9.1758345465283
-48.8919315485802,-9.7370187465283
-48.8784315485802,-9.7136360715283
