-49.5049744317147,-8.9391587932397
-49.4779744317147,-8.9391587932397
-49.4914744317147,-8.9157761182397
-49.5184744317147,-8.9157761182397
-49.5319744317147,-8.9391587932397
-49.5184744317147,-8.9625414682397
-49.4914744317147,-8.9625414682397
-49.4509744317147,-8.9391587932397
-49.4779744317147,-8.8923934432397
-49.5319744317147,-8.8923934432397
-49.5589744317147,-8.9391587932397
-49.5319744317147,-8.9859241432397
-49.4779744317147,-8.9859241432397
-49.4644744317147,-8.9157761182397
-49.5049744317147,-8.8923934432397
-49.5454744317147,-8.9157761182397
-49.5454744317147,-8.9625414682397
-49.5049744317147,-8.9859241432397
-49.4644744317147,-8.9625414682397
-49.4239744317147,-8.9391587932397
-49.4644744317147,-8.8690107682397
-49.5454744317147,-8.8690107682397
-49.5859744317147,-8.9391587932397
-49.5454744317147,-9.0093068182397
-49.4644744317147,-9.0093068182397
-49.4374744317147,-8.9157761182397
-49.4509744317147,-8.8923934432397
-49.4914744317147,-8.8690107682397
-49.5184744317147,-8.8690107682397
-49.5589744317147,-8.8923934432397
-49.5724744317147,-8.9157761182397
-49.5724744317147,-8.9625414682397
-49.5589744317147,-8.9859241432397
-49.5184744317147,-9.0093068182397
-49.4914744317147,-9.0093068182397
-49.4509744317147,-8.9859241432397
-49.4374744317147,-8.9625414682397
-49.3969744317147,-8.9391587932397
-49.4509744317147,-8.8456280932397
-49.5589744317147,-8.8456280932397
-49.6129744317147,-8.9391587932397
-49.5589744317147,-9.0326894932397
-49.4509744317147,-9.0326894932397
-49.4104744317147,-8.9157761182397
-49.4239744317147,-8.8923934432397
-49.4374744317147,-8.8690107682397
-49.4779744317147,-8.8456280932397
-49.5049744317147,-8.8456280932397
-49.5319744317147,-8.8456280932397
-49.5724744317147,-8.8690107682397
-49.5859744317147,-8.8923934432397
-49.5994744317147,-8.9157761182397
-49.5994744317147,-8.9625414682397
-49.5859744317147,-8.9859241432397
-49.5724744317147,-9.0093068182397
-49.5319744317147,-9.0326894932397
-49.5049744317147,-9.0326894932397
-49.4779744317147,-9.0326894932397
-49.4374744317147,-9.0093068182397
-49.4239744317147,-8.9859241432397
-49.4104744317147,-8.9625414682397
-49.4374744317147,-8.8222454182397
-49.5724744317147,-8.8222454182397
-49.6399744317147,-8.9391587932397
-49.5724744317147,-9.0560721682397
-49.4374744317147,-9.0560721682397
-49.3969744317147,-8.8923934432397
-49.4104744317147,-8.8690107682397
-49.4239744317147,-8.8456280932397
-49.4644744317147,-8.8222454182397
-49.4914744317147,-8.8222454182397
-49.5184744317147,-8.8222454182397
-49.5454744317147,-8.8222454182397
-49.5859744317147,-8.8456280932397
-49.5994744317147,-8.8690107682397
-49.6129744317147,-8.8923934432397
-49.6264744317147,-8.9157761182397
-49.6264744317147,-8.9625414682397
-49.6129744317147,-8.9859241432397
-49.5994744317147,-9.0093068182397
-49.5859744317147,-9.0326894932397
-49.5454744317147,-9.0560721682397
-49.5184744317147,-9.0560721682397
-49.4914744317147,-9.0560721682397
-49.4644744317147,-9.0560721682397
-49.4239744317147,-9.0326894932397
-49.4104744317147,-9.0093068182397
-49.3969744317147,-8.9859241432397
-49.3834744317147,-8.9625414682397
-49.4239744317147,-8.7988627432397
-49.6669744317147,-8.9391587932397
-49.5859744317147,-9.0794548432397
-49.4239744317147,-9.0794548432397
-49.3564744317147,-8.9157761182397
-49.3699744317147,-8.8923934432397
-49.3834744317147,-8.8690107682397
-49.3969744317147,-8.8456280932397
-49.4104744317147,-8.8222454182397
-49.4509744317147,-8.7988627432397
-49.4779744317147,-8.7988627432397
-49.5049744317147,-8.7988627432397
-49.5319744317147,-8.7988627432397
-49.5589744317147,-8.7988627432397
-49.6264744317147,-8.8690107682397
-49.6399744317147,-8.8923934432397
-49.6534744317147,-8.9157761182397
-49.6534744317147,-8.9625414682397
-49.6399744317147,-8.9859241432397
-49.6264744317147,-9.0093068182397
-49.6129744317147,-9.0326894932397
-49.5994744317147,-9.0560721682397
-49.5589744317147,-9.0794548432397
-49.5319744317147,-9.0794548432397
-49.5049744317147,-9.0794548432397
-49.4779744317147,-9.0794548432397
-49.4509744317147,-9.0794548432397
-49.4104744317147,-9.0560721682397
-49.3969744317147,-9.0326894932397
-49.4104744317147,-8.7754800682397
-49.6939744317147,-8.9391587932397
-49.5994744317147,-9.1028375182397
-49.4104744317147,-9.1028375182397
-49.3294744317147,-8.9157761182397
-49.3429744317147,-8.8923934432397
-49.3564744317147,-8.8690107682397
-49.3699744317147,-8.8456280932397
-49.3834744317147,-8.8222454182397
-49.3969744317147,-8.7988627432397
-49.4374744317147,-8.7754800682397
-49.4644744317147,-8.7754800682397
-49.4914744317147,-8.7754800682397
-49.5184744317147,-8.7754800682397
-49.5454744317147,-8.7754800682397
-49.6534744317147,-8.8690107682397
-49.6669744317147,-8.8923934432397
-49.6804744317147,-8.9157761182397
-49.6804744317147,-8.9625414682397
-49.6669744317147,-8.9859241432397
-49.6534744317147,-9.0093068182397
-49.6399744317147,-9.0326894932397
-49.6264744317147,-9.0560721682397
-49.6129744317147,-9.0794548432397
-49.5724744317147,-9.1028375182397
-49.5454744317147,-9.1028375182397
-49.5184744317147,-9.1028375182397
-49.4914744317147,-9.1028375182397
-49.4644744317147,-9.1028375182397
-49.4374744317147,-9.1028375182397
-49.3969744317147,-9.0794548432397
-49.3834744317147,-9.0560721682397
-49.2889744317147,-8.9391587932397
-49.3969744317147,-8.7520973932397
-49.7209744317147,-8.9391587932397
-49.6129744317147,-9.1262201932397
-49.3024744317147,-8.9157761182397
-49.3159744317147,-8.8923934432397
-49.3294744317147,-8.8690107682397
-49.3429744317147,-8.8456280932397
-49.3564744317147,-8.8222454182397
-49.3699744317147,-8.7988627432397
-49.3834744317147,-8.7754800682397
-49.4239744317147,-8.7520973932397
-49.4509744317147,-8.7520973932397
-49.4779744317147,-8.7520973932397
-49.5049744317147,-8.7520973932397
-49.5319744317147,-8.7520973932397
-49.6804744317147,-8.8690107682397
-49.6939744317147,-8.8923934432397
-49.7074744317147,-8.9157761182397
-49.7074744317147,-8.9625414682397
-49.6939744317147,-8.9859241432397
-49.6804744317147,-9.0093068182397
-49.6669744317147,-9.0326894932397
-49.6534744317147,-9.0560721682397
-49.6399744317147,-9.0794548432397
-49.6264744317147,-9.1028375182397
-49.5859744317147,-9.1262201932397
-49.5589744317147,-9.1262201932397
-49.5319744317147,-9.1262201932397
-49.5049744317147,-9.1262201932397
-49.4779744317147,-9.1262201932397
-49.4509744317147,-9.1262201932397
-49.4239744317147,-9.1262201932397
-49.2619744317147,-8.9391587932397
-49.3834744317147,-8.7287147182397
-49.7479744317147,-8.9391587932397
-49.6264744317147,-9.1496028682397
-49.2754744317147,-8.9157761182397
-49.2889744317147,-8.8923934432397
-49.3024744317147,-8.8690107682397
-49.3159744317147,-8.8456280932397
-49.3294744317147,-8.8222454182397
-49.3429744317147,-8.7988627432397
-49.3564744317147,-8.7754800682397
-49.3699744317147,-8.7520973932397
-49.4104744317147,-8.7287147182397
-49.4374744317147,-8.7287147182397
-49.4644744317147,-8.7287147182397
-49.4914744317147,-8.7287147182397
-49.5184744317147,-8.7287147182397
-49.7209744317147,-8.8923934432397
-49.7344744317147,-8.9157761182397
-49.7344744317147,-8.9625414682397
-49.7209744317147,-8.9859241432397
-49.7074744317147,-9.0093068182397
-49.6939744317147,-9.0326894932397
-49.6804744317147,-9.0560721682397
-49.6669744317147,-9.0794548432397
-49.6534744317147,-9.1028375182397
-49.6399744317147,-9.1262201932397
-49.5994744317147,-9.1496028682397
-49.5724744317147,-9.1496028682397
-49.5454744317147,-9.1496028682397
-49.5184744317147,-9.1496028682397
-49.4914744317147,-9.1496028682397
-49.4644744317147,-9.1496028682397
-49.4374744317147,-9.1496028682397
-49.4104744317147,-9.1496028682397
-49.2349744317147,-8.9391587932397
-49.3699744317147,-8.7053320432397
-49.6399744317147,-9.1729855432397
-49.2484744317147,-8.9157761182397
-49.2619744317147,-8.8923934432397
-49.2754744317147,-8.8690107682397
-49.2889744317147,-8.8456280932397
-49.3024744317147,-8.8222454182397
-49.3159744317147,-8.7988627432397
-49.3294744317147,-8.7754800682397
-49.3429744317147,-8.7520973932397
-49.3564744317147,-8.7287147182397
-49.3969744317147,-8.7053320432397
-49.4239744317147,-8.7053320432397
-49.4509744317147,-8.7053320432397
-49.4779744317147,-8.7053320432397
-49.7614744317147,-8.9625414682397
-49.7479744317147,-8.9859241432397
-49.7344744317147,-9.0093068182397
-49.7209744317147,-9.0326894932397
-49.7074744317147,-9.0560721682397
-49.6939744317147,-9.0794548432397
-49.6804744317147,-9.1028375182397
-49.6669744317147,-9.1262201932397
-49.6534744317147,-9.1496028682397
-49.6129744317147,-9.1729855432397
-49.5859744317147,-9.1729855432397
-49.5589744317147,-9.1729855432397
-49.5319744317147,-9.1729855432397
-49.5049744317147,-9.1729855432397
-49.4779744317147,-9.1729855432397
-49.4509744317147,-9.1729855432397
-49.4239744317147,-9.1729855432397
-49.3969744317147,-9.1729855432397
-49.3564744317147,-8.6819493682397
-49.6534744317147,-9.1963682182397
-49.2349744317147,-8.8923934432397
-49.2619744317147,-8.8456280932397
-49.2754744317147,-8.8222454182397
-49.2889744317147,-8.7988627432397
-49.3024744317147,-8.7754800682397
-49.3159744317147,-8.7520973932397
-49.3294744317147,-8.7287147182397
-49.3429744317147,-8.7053320432397
-49.3834744317147,-8.6819493682397
-49.4104744317147,-8.6819493682397
-49.4374744317147,-8.6819493682397
-49.4644744317147,-8.6819493682397
-49.7749744317147,-8.9859241432397
-49.7614744317147,-9.0093068182397
-49.7479744317147,-9.0326894932397
-49.7344744317147,-9.0560721682397
-49.7209744317147,-9.0794548432397
-49.7074744317147,-9.1028375182397
-49.6939744317147,-9.1262201932397
-49.6804744317147,-9.1496028682397
-49.6669744317147,-9.1729855432397
-49.6264744317147,-9.1963682182397
-49.5994744317147,-9.1963682182397
-49.5724744317147,-9.1963682182397
-49.5454744317147,-9.1963682182397
-49.5184744317147,-9.1963682182397
-49.4914744317147,-9.1963682182397
-49.4644744317147,-9.1963682182397
-49.4374744317147,-9.1963682182397
-49.3429744317147,-8.6585666932397
-49.2484744317147,-8.8222454182397
-49.2619744317147,-8.7988627432397
-49.2754744317147,-8.7754800682397
-49.2889744317147,-8.7520973932397
-49.3024744317147,-8.7287147182397
-49.3159744317147,-8.7053320432397
-49.3294744317147,-8.6819493682397
-49.3699744317147,-8.6585666932397
-49.3969744317147,-8.6585666932397
-49.4239744317147,-8.6585666932397
-49.4509744317147,-8.6585666932397
-49.7884744317147,-9.0093068182397
-49.7749744317147,-9.0326894932397
-49.7614744317147,-9.0560721682397
-49.7479744317147,-9.0794548432397
-49.7344744317147,-9.1028375182397
-49.7209744317147,-9.1262201932397
-49.7074744317147,-9.1496028682397
-49.6129744317147,-9.2197508932397
-49.5859744317147,-9.2197508932397
-49.5589744317147,-9.2197508932397
-49.5319744317147,-9.2197508932397
-49.5049744317147,-9.2197508932397
-49.4779744317147,-9.2197508932397
-49.4509744317147,-9.2197508932397
-49.3294744317147,-8.6351840182397
-49.2349744317147,-8.7988627432397
-49.2484744317147,-8.7754800682397
-49.2619744317147,-8.7520973932397
-49.2754744317147,-8.7287147182397
-49.2889744317147,-8.7053320432397
-49.3024744317147,-8.6819493682397
-49.3159744317147,-8.6585666932397
-49.3564744317147,-8.6351840182397
-49.3834744317147,-8.6351840182397
-49.4104744317147,-8.6351840182397
-49.4374744317147,-8.6351840182397
-49.8154744317147,-9.0093068182397
-49.8019744317147,-9.0326894932397
-49.7884744317147,-9.0560721682397
-49.7749744317147,-9.0794548432397
-49.7614744317147,-9.1028375182397
-49.7479744317147,-9.1262201932397
-49.7344744317147,-9.1496028682397
-49.5994744317147,-9.2431335682397
-49.5724744317147,-9.2431335682397
-49.5454744317147,-9.2431335682397
-49.5184744317147,-9.2431335682397
-49.4914744317147,-9.2431335682397
-49.4644744317147,-9.2431335682397
-49.3159744317147,-8.6118013432397
-49.2349744317147,-8.7520973932397
-49.2484744317147,-8.7287147182397
-49.2619744317147,-8.7053320432397
-49.2754744317147,-8.6819493682397
-49.2889744317147,-8.6585666932397
-49.3024744317147,-8.6351840182397
-49.3429744317147,-8.6118013432397
-49.3699744317147,-8.6118013432397
-49.3969744317147,-8.6118013432397
-49.4239744317147,-8.6118013432397
-49.8289744317147,-9.0326894932397
-49.8154744317147,-9.0560721682397
-49.8019744317147,-9.0794548432397
-49.7884744317147,-9.1028375182397
-49.5589744317147,-9.2665162432397
-49.4779744317147,-9.2665162432397
-49.3294744317147,-8.5884186682397
-49.3564744317147,-8.5884186682397
-49.3834744317147,-8.5884186682397
-49.4104744317147,-8.5884186682397
-49.8424744317147,-9.0560721682397
-49.3429744317147,-8.5650359932397
-49.3699744317147,-8.5650359932397
-49.3969744317147,-8.5650359932397
