-47.7930165667131,-7.4979848769233
-47.7660165667131,-7.4979848769233
-47.7795165667131,-7.4746022019233
-47.8065165667131,-7.4746022019233
-47.8200165667131,-7.4979848769233
-47.8065165667131,-7.5213675519233
-47.7795165667131,-7.5213675519233
-47.7390165667131,-7.4979848769233
-47.7660165667131,-7.4512195269233
-47.8200165667131,-7.4512195269233
-47.8470165667131,-7.4979848769233
-47.8200165667131,-7.5447502269233
-47.7660165667131,-7.5447502269233
-47.7525165667131,-7.4746022019233
-47.7930165667131,-7.4512195269233
-47.8335165667131,-7.4746022019233
-47.8335165667131,-7.5213675519233
-47.7930165667131,-7.5447502269233
-47.7525165667131,-7.5213675519233
-47.7120165667131,-7.4979848769233
-47.7525165667131,-7.4278368519233
-47.8335165667131,-7.4278368519233
-47.8740165667131,-7.4979848769233
-47.8335165667131,-7.5681329019233
-47.7525165667131,-7.5681329019233
-47.7255165667131,-7.4746022019233
-47.7390165667131,-7.4512195269233
-47.7795165667131,-7.4278368519233
-47.8065165667131,-7.4278368519233
-47.8470165667131,-7.4512195269233
-47.8605165667131,-7.4746022019233
-47.8605165667131,-7.5213675519233
-47.8470165667131,-7.5447502269233
-47.8065165667131,-7.5681329019233
-47.7795165667131,-7.5681329019233
-47.7390165667131,-7.5447502269233
-47.7255165667131,-7.5213675519233
-47.6850165667131,-7.4979848769233
-47.7390165667131,-7.4044541769233
-47.8470165667131,-7.4044541769233
-47.9010165667131,-7.4979848769233
-47.8470165667131,-7.5915155769233
-47.7390165667131,-7.5915155769233
-47.6985165667131,-7.4746022019233
-47.7120165667131,-7.4512195269233
-47.7255165667131,-7.4278368519233
-47.7660165667131,-7.4044541769233
-47.7930165667131,-7.4044541769233
-47.8200165667131,-7.4044541769233
-47.8605165667131,-7.4278368519233
-47.8740165667131,-7.4512195269233
-47.8875165667131,-7.4746022019233
-47.8875165667131,-7.5213675519233
-47.8740165667131,-7.5447502269233
-47.8605165667131,-7.5681329019233
-47.8200165667131,-7.5915155769233
-47.7930165667131,-7.5915155769233
-47.7660165667131,-7.5915155769233
-47.7255165667131,-7.5681329019233
-47.7120165667131,-7.5447502269233
-47.6985165667131,-7.5213675519233
-47.6580165667131,-7.4979848769233
-47.7255165667131,-7.3810715019233
-47.8605165667131,-7.3810715019233
-47.9280165667131,-7.4979848769233
-47.8605165667131,-7.6148982519233
-47.7255165667131,-7.6148982519233
-47.6715165667131,-7.4746022019233
-47.6850165667131,-7.4512195269233
-47.6985165667131,-7.4278368519233
-47.7120165667131,-7.4044541769233
-47.7525165667131,-7.3810715019233
-47.7795165667131,-7.3810715019233
-47.8065165667131,-7.3810715019233
-47.8335165667131,-7.3810715019233
-47.8740165667131,-7.4044541769233
-47.8875165667131,-7.4278368519233
-47.9010165667131,-7.4512195269233
-47.9145165667131,-7.4746022019233
-47.9145165667131,-7.5213675519233
-47.9010165667131,-7.5447502269233
-47.8875165667131,-7.5681329019233
-47.8740165667131,-7.5915155769233
-47.8335165667131,-7.6148982519233
-47.8065165667131,-7.6148982519233
-47.7795165667131,-7.6148982519233
-47.7525165667131,-7.6148982519233
-47.7120165667131,-7.5915155769233
-47.6985165667131,-7.5681329019233
-47.6850165667131,-7.5447502269233
-47.6715165667131,-7.5213675519233
-47.7120165667131,-7.3576888269233
-47.9550165667131,-7.4979848769233
-47.8740165667131,-7.6382809269233
-47.7120165667131,-7.6382809269233
-47.6445165667131,-7.4746022019233
-47.6580165667131,-7.4512195269233
-47.6715165667131,-7.4278368519233
-47.6850165667131,-7.4044541769233
-47.6985165667131,-7.3810715019233
-47.7390165667131,-7.3576888269233
-47.7660165667131,-7.3576888269233
-47.9010165667131,-7.4044541769233
-47.9145165667131,-7.4278368519233
-47.9280165667131,-7.4512195269233
-47.9415165667131,-7.4746022019233
-47.9415165667131,-7.5213675519233
-47.9280165667131,-7.5447502269233
-47.9145165667131,-7.5681329019233
-47.9010165667131,-7.5915155769233
-47.8875165667131,-7.6148982519233
-47.8470165667131,-7.6382809269233
-47.8200165667131,-7.6382809269233
-47.7930165667131,-7.6382809269233
-47.7660165667131,-7.6382809269233
-47.7390165667131,-7.6382809269233
-47.6985165667131,-7.6148982519233
-47.6850165667131,-7.5915155769233
-47.6715165667131,-7.5681329019233
-47.6580165667131,-7.5447502269233
-47.6445165667131,-7.5213675519233
-47.6985165667131,-7.3343061519233
-47.9820165667131,-7.4979848769233
-47.8875165667131,-7.6616636019233
-47.6985165667131,-7.6616636019233
-47.6175165667131,-7.4746022019233
-47.6310165667131,-7.4512195269233
-47.6445165667131,-7.4278368519233
-47.6580165667131,-7.4044541769233
-47.6715165667131,-7.3810715019233
-47.6850165667131,-7.3576888269233
-47.7255165667131,-7.3343061519233
-47.9280165667131,-7.4044541769233
-47.9415165667131,-7.4278368519233
-47.9550165667131,-7.4512195269233
-47.9685165667131,-7.4746022019233
-47.9685165667131,-7.5213675519233
-47.9550165667131,-7.5447502269233
-47.9415165667131,-7.5681329019233
-47.9280165667131,-7.5915155769233
-47.9145165667131,-7.6148982519233
-47.9010165667131,-7.6382809269233
-47.8605165667131,-7.6616636019233
-47.8335165667131,-7.6616636019233
-47.8065165667131,-7.6616636019233
-47.7795165667131,-7.6616636019233
-47.7525165667131,-7.6616636019233
-47.7255165667131,-7.6616636019233
-47.6850165667131,-7.6382809269233
-47.6715165667131,-7.6148982519233
-47.6580165667131,-7.5915155769233
-47.6445165667131,-7.5681329019233
-47.6310165667131,-7.5447502269233
-47.6850165667131,-7.3109234769233
-48.0090165667131,-7.4979848769233
-47.6040165667131,-7.4512195269233
-47.6175165667131,-7.4278368519233
-47.6310165667131,-7.4044541769233
-47.6445165667131,-7.3810715019233
-47.6580165667131,-7.3576888269233
-47.6715165667131,-7.3343061519233
-47.7120165667131,-7.3109234769233
-47.9550165667131,-7.4044541769233
-47.9685165667131,-7.4278368519233
-47.9820165667131,-7.4512195269233
-47.9955165667131,-7.4746022019233
-47.9955165667131,-7.5213675519233
-47.9820165667131,-7.5447502269233
-47.9685165667131,-7.5681329019233
-47.9550165667131,-7.5915155769233
-47.9415165667131,-7.6148982519233
-47.9280165667131,-7.6382809269233
-47.9145165667131,-7.6616636019233
-47.8740165667131,-7.6850462769233
-47.8470165667131,-7.6850462769233
-47.8200165667131,-7.6850462769233
-47.7930165667131,-7.6850462769233
-47.7660165667131,-7.6850462769233
-47.7390165667131,-7.6850462769233
-47.7120165667131,-7.6850462769233
-47.6715165667131,-7.6616636019233
-47.6580165667131,-7.6382809269233
-47.6445165667131,-7.6148982519233
-47.6715165667131,-7.2875408019233
-48.0360165667131,-7.4979848769233
-47.5905165667131,-7.4278368519233
-47.6040165667131,-7.4044541769233
-47.6175165667131,-7.3810715019233
-47.6310165667131,-7.3576888269233
-47.6445165667131,-7.3343061519233
-47.6580165667131,-7.3109234769233
-47.9955165667131,-7.4278368519233
-48.0090165667131,-7.4512195269233
-48.0225165667131,-7.4746022019233
-48.0225165667131,-7.5213675519233
-48.0090165667131,-7.5447502269233
-47.9955165667131,-7.5681329019233
-47.9820165667131,-7.5915155769233
-47.9685165667131,-7.6148982519233
-47.9550165667131,-7.6382809269233
-47.8605165667131,-7.7084289519233
-47.8335165667131,-7.7084289519233
-47.8065165667131,-7.7084289519233
-47.7795165667131,-7.7084289519233
-47.7525165667131,-7.7084289519233
-48.0630165667131,-7.4979848769233
-47.5770165667131,-7.4044541769233
-47.5905165667131,-7.3810715019233
-47.6040165667131,-7.3576888269233
-47.6175165667131,-7.3343061519233
-47.6310165667131,-7.3109234769233
-48.0090165667131,-7.4044541769233
-48.0225165667131,-7.4278368519233
-48.0360165667131,-7.4512195269233
-48.0495165667131,-7.4746022019233
-48.0495165667131,-7.5213675519233
-48.0360165667131,-7.5447502269233
-48.0225165667131,-7.5681329019233
-48.0090165667131,-7.5915155769233
-47.8470165667131,-7.7318116269233
-47.8200165667131,-7.7318116269233
-47.7930165667131,-7.7318116269233
-47.7660165667131,-7.7318116269233
-48.0900165667131,-7.4979848769233
-47.5635165667131,-7.3810715019233
-47.5770165667131,-7.3576888269233
-47.5905165667131,-7.3343061519233
-47.6040165667131,-7.3109234769233
-48.0360165667131,-7.4044541769233
-48.0495165667131,-7.4278368519233
-48.0630165667131,-7.4512195269233
-48.0765165667131,-7.4746022019233
-48.0765165667131,-7.5213675519233
-48.0630165667131,-7.5447502269233
-48.0495165667131,-7.5681329019233
-47.8335165667131,-7.7551943019233
-47.8065165667131,-7.7551943019233
-47.5365165667131,-7.3810715019233
-47.5500165667131,-7.3576888269233
-47.5635165667131,-7.3343061519233
-47.5770165667131,-7.3109234769233
-47.5905165667131,-7.2875408019233
-48.0495165667131,-7.3810715019233
-48.0765165667131,-7.4278368519233
-47.5095165667131,-7.3810715019233
-47.5230165667131,-7.3576888269233
-47.5365165667131,-7.3343061519233
-47.5500165667131,-7.3109234769233
-47.5635165667131,-7.2875408019233
-47.4960165667131,-7.3576888269233
-47.5095165667131,-7.3343061519233
-47.5230165667131,-7.3109234769233
-47.5365165667131,-7.2875408019233
-47.4825165667131,-7.3343061519233
-47.4960165667131,-7.3109234769233
