-47.2098999199184,-11.4300405597564
-47.1828999199184,-11.4300405597564
-47.1963999199184,-11.4066578847564
-47.2233999199184,-11.4066578847564
-47.2368999199184,-11.4300405597564
-47.2233999199184,-11.4534232347564
-47.1963999199184,-11.4534232347564
-47.1558999199184,-11.4300405597564
-47.1828999199184,-11.3832752097564
-47.2368999199184,-11.3832752097564
-47.2638999199184,-11.4300405597564
-47.2368999199184,-11.4768059097564
-47.1828999199184,-11.4768059097564
-47.1693999199184,-11.4066578847564
-47.2098999199184,-11.3832752097564
-47.2503999199184,-11.4066578847564
-47.2503999199184,-11.4534232347564
-47.2098999199184,-11.4768059097564
-47.1693999199184,-11.4534232347564
-47.1288999199184,-11.4300405597564
-47.1693999199184,-11.3598925347564
-47.2503999199184,-11.3598925347564
-47.2908999199184,-11.4300405597564
-47.2503999199184,-11.5001885847564
-47.1693999199184,-11.5001885847564
-47.1423999199184,-11.4066578847564
-47.1558999199184,-11.3832752097564
-47.1963999199184,-11.3598925347564
-47.2233999199184,-11.3598925347564
-47.2638999199184,-11.3832752097564
-47.2773999199184,-11.4066578847564
-47.2773999199184,-11.4534232347564
-47.2638999199184,-11.4768059097564
-47.2233999199184,-11.5001885847564
-47.1963999199184,-11.5001885847564
-47.1558999199184,-11.4768059097564
-47.1423999199184,-11.4534232347564
-47.1018999199184,-11.4300405597564
-47.1558999199184,-11.3365098597564
-47.2638999199184,-11.3365098597564
-47.3178999199184,-11.4300405597564
-47.2638999199184,-11.5235712597564
-47.1558999199184,-11.5235712597564
-47.1153999199184,-11.4066578847564
-47.1288999199184,-11.3832752097564
-47.1423999199184,-11.3598925347564
-47.1828999199184,-11.3365098597564
-47.2098999199184,-11.3365098597564
-47.2368999199184,-11.3365098597564
-47.2773999199184,-11.3598925347564
-47.2908999199184,-11.3832752097564
-47.3043999199184,-11.4066578847564
-47.3043999199184,-11.4534232347564
-47.2908999199184,-11.4768059097564
-47.2773999199184,-11.5001885847564
-47.2368999199184,-11.5235712597564
-47.2098999199184,-11.5235712597564
-47.1828999199184,-11.5235712597564
-47.1423999199184,-11.5001885847564
-47.1288999199184,-11.4768059097564
-47.1423999199184,-11.3131271847564
-47.2773999199184,-11.3131271847564
-47.3448999199184,-11.4300405597564
-47.2773999199184,-11.5469539347564
-47.1423999199184,-11.5469539347564
-47.0883999199184,-11.4066578847564
-47.1153999199184,-11.3598925347564
-47.1288999199184,-11.3365098597564
-47.1693999199184,-11.3131271847564
-47.1963999199184,-11.3131271847564
-47.2233999199184,-11.3131271847564
-47.2503999199184,-11.3131271847564
-47.2908999199184,-11.3365098597564
-47.3043999199184,-11.3598925347564
-47.3178999199184,-11.3832752097564
-47.3313999199184,-11.4066578847564
-47.3313999199184,-11.4534232347564
-47.3178999199184,-11.4768059097564
-47.3043999199184,-11.5001885847564
-47.2908999199184,-11.5235712597564
-47.2503999199184,-11.5469539347564
-47.2233999199184,-11.5469539347564
-47.1963999199184,-11.5469539347564
-47.1693999199184,-11.5469539347564
-47.1288999199184,-11.5235712597564
-47.1153999199184,-11.5001885847564
-47.1018999199184,-11.4768059097564
-47.1288999199184,-11.2897445097564
-47.2908999199184,-11.2897445097564
-47.3718999199184,-11.4300405597564
-47.2908999199184,-11.5703366097564
-47.1288999199184,-11.5703366097564
-47.0883999199184,-11.3598925347564
-47.1018999199184,-11.3365098597564
-47.1153999199184,-11.3131271847564
-47.1558999199184,-11.2897445097564
-47.1828999199184,-11.2897445097564
-47.2098999199184,-11.2897445097564
-47.2368999199184,-11.2897445097564
-47.2638999199184,-11.2897445097564
-47.3043999199184,-11.3131271847564
-47.3178999199184,-11.3365098597564
-47.3313999199184,-11.3598925347564
-47.3448999199184,-11.3832752097564
-47.3583999199184,-11.4066578847564
-47.3583999199184,-11.4534232347564
-47.3448999199184,-11.4768059097564
-47.3313999199184,-11.5001885847564
-47.3178999199184,-11.5235712597564
-47.3043999199184,-11.5469539347564
-47.2638999199184,-11.5703366097564
-47.2368999199184,-11.5703366097564
-47.2098999199184,-11.5703366097564
-47.1828999199184,-11.5703366097564
-47.1558999199184,-11.5703366097564
-47.1153999199184,-11.5469539347564
-47.1018999199184,-11.5235712597564
-47.1153999199184,-11.2663618347564
-47.3043999199184,-11.2663618347564
-47.3988999199184,-11.4300405597564
-47.3043999199184,-11.5937192847564
-47.0748999199184,-11.3365098597564
-47.0883999199184,-11.3131271847564
-47.1018999199184,-11.2897445097564
-47.1423999199184,-11.2663618347564
-47.1693999199184,-11.2663618347564
-47.1963999199184,-11.2663618347564
-47.2233999199184,-11.2663618347564
-47.2503999199184,-11.2663618347564
-47.2773999199184,-11.2663618347564
-47.3178999199184,-11.2897445097564
-47.3313999199184,-11.3131271847564
-47.3448999199184,-11.3365098597564
-47.3583999199184,-11.3598925347564
-47.3718999199184,-11.3832752097564
-47.3853999199184,-11.4066578847564
-47.3853999199184,-11.4534232347564
-47.3718999199184,-11.4768059097564
-47.3583999199184,-11.5001885847564
-47.3448999199184,-11.5235712597564
-47.3313999199184,-11.5469539347564
-47.3178999199184,-11.5703366097564
-47.2773999199184,-11.5937192847564
-47.2503999199184,-11.5937192847564
-47.2233999199184,-11.5937192847564
-47.1963999199184,-11.5937192847564
-47.1693999199184,-11.5937192847564
-47.1423999199184,-11.5937192847564
-47.1018999199184,-11.2429791597564
-47.3178999199184,-11.2429791597564
-47.4258999199184,-11.4300405597564
-47.3178999199184,-11.6171019597564
-47.0478999199184,-11.3365098597564
-47.0613999199184,-11.3131271847564
-47.0748999199184,-11.2897445097564
-47.0883999199184,-11.2663618347564
-47.1288999199184,-11.2429791597564
-47.1558999199184,-11.2429791597564
-47.1828999199184,-11.2429791597564
-47.2098999199184,-11.2429791597564
-47.2368999199184,-11.2429791597564
-47.2638999199184,-11.2429791597564
-47.2908999199184,-11.2429791597564
-47.3313999199184,-11.2663618347564
-47.3448999199184,-11.2897445097564
-47.3583999199184,-11.3131271847564
-47.3718999199184,-11.3365098597564
-47.3853999199184,-11.3598925347564
-47.3988999199184,-11.3832752097564
-47.4123999199184,-11.4066578847564
-47.4123999199184,-11.4534232347564
-47.3988999199184,-11.4768059097564
-47.3853999199184,-11.5001885847564
-47.3718999199184,-11.5235712597564
-47.3583999199184,-11.5469539347564
-47.3448999199184,-11.5703366097564
-47.3313999199184,-11.5937192847564
-47.2908999199184,-11.6171019597564
-47.2638999199184,-11.6171019597564
-47.2368999199184,-11.6171019597564
-47.2098999199184,-11.6171019597564
-47.1828999199184,-11.6171019597564
-47.1558999199184,-11.6171019597564
-47.0883999199184,-11.2195964847564
-47.3313999199184,-11.2195964847564
-47.4528999199184,-11.4300405597564
-47.3313999199184,-11.6404846347564
-46.9938999199184,-11.3832752097564
-47.0073999199184,-11.3598925347564
-47.0208999199184,-11.3365098597564
-47.0343999199184,-11.3131271847564
-47.0478999199184,-11.2897445097564
-47.0613999199184,-11.2663618347564
-47.0748999199184,-11.2429791597564
-47.1153999199184,-11.2195964847564
-47.1423999199184,-11.2195964847564
-47.1693999199184,-11.2195964847564
-47.1963999199184,-11.2195964847564
-47.2233999199184,-11.2195964847564
-47.2503999199184,-11.2195964847564
-47.2773999199184,-11.2195964847564
-47.3043999199184,-11.2195964847564
-47.3448999199184,-11.2429791597564
-47.3583999199184,-11.2663618347564
-47.3718999199184,-11.2897445097564
-47.3853999199184,-11.3131271847564
-47.3988999199184,-11.3365098597564
-47.4123999199184,-11.3598925347564
-47.4258999199184,-11.3832752097564
-47.4393999199184,-11.4066578847564
-47.4393999199184,-11.4534232347564
-47.4258999199184,-11.4768059097564
-47.4123999199184,-11.5001885847564
-47.3988999199184,-11.5235712597564
-47.3853999199184,-11.5469539347564
-47.3718999199184,-11.5703366097564
-47.3583999199184,-11.5937192847564
-47.3448999199184,-11.6171019597564
-47.3043999199184,-11.6404846347564
-47.2773999199184,-11.6404846347564
-47.2503999199184,-11.6404846347564
-47.2233999199184,-11.6404846347564
-47.1963999199184,-11.6404846347564
-47.1693999199184,-11.6404846347564
-47.0748999199184,-11.1962138097564
-47.3448999199184,-11.1962138097564
-47.3448999199184,-11.6638673097564
-46.9668999199184,-11.3832752097564
-46.9803999199184,-11.3598925347564
-46.9938999199184,-11.3365098597564
-47.0073999199184,-11.3131271847564
-47.0208999199184,-11.2897445097564
-47.0343999199184,-11.2663618347564
-47.0478999199184,-11.2429791597564
-47.0613999199184,-11.2195964847564
-47.1018999199184,-11.1962138097564
-47.1288999199184,-11.1962138097564
-47.1558999199184,-11.1962138097564
-47.1828999199184,-11.1962138097564
-47.2098999199184,-11.1962138097564
-47.2368999199184,-11.1962138097564
-47.2638999199184,-11.1962138097564
-47.2908999199184,-11.1962138097564
-47.3178999199184,-11.1962138097564
-47.3583999199184,-11.2195964847564
-47.3718999199184,-11.2429791597564
-47.3853999199184,-11.2663618347564
-47.3988999199184,-11.2897445097564
-47.4528999199184,-11.3832752097564
-47.4663999199184,-11.4534232347564
-47.4528999199184,-11.4768059097564
-47.4393999199184,-11.5001885847564
-47.4258999199184,-11.5235712597564
-47.4123999199184,-11.5469539347564
-47.3988999199184,-11.5703366097564
-47.3853999199184,-11.5937192847564
-47.3718999199184,-11.6171019597564
-47.3583999199184,-11.6404846347564
-47.3178999199184,-11.6638673097564
-47.2908999199184,-11.6638673097564
-47.2638999199184,-11.6638673097564
-47.2368999199184,-11.6638673097564
-47.2098999199184,-11.6638673097564
-47.1828999199184,-11.6638673097564
-47.1558999199184,-11.6638673097564
-47.0613999199184,-11.1728311347564
-47.3583999199184,-11.6872499847564
-46.9668999199184,-11.3365098597564
-46.9803999199184,-11.3131271847564
-46.9938999199184,-11.2897445097564
-47.0073999199184,-11.2663618347564
-47.0208999199184,-11.2429791597564
-47.0343999199184,-11.2195964847564
-47.0478999199184,-11.1962138097564
-47.0883999199184,-11.1728311347564
-47.1153999199184,-11.1728311347564
-47.1423999199184,-11.1728311347564
-47.1693999199184,-11.1728311347564
-47.1963999199184,-11.1728311347564
-47.2233999199184,-11.1728311347564
-47.2503999199184,-11.1728311347564
-47.2773999199184,-11.1728311347564
-47.3043999199184,-11.1728311347564
-47.3313999199184,-11.1728311347564
-47.4663999199184,-11.5001885847564
-47.4528999199184,-11.5235712597564
-47.4123999199184,-11.5937192847564
-47.3988999199184,-11.6171019597564
-47.3853999199184,-11.6404846347564
-47.3718999199184,-11.6638673097564
-47.3313999199184,-11.6872499847564
-47.3043999199184,-11.6872499847564
-47.2773999199184,-11.6872499847564
-47.2503999199184,-11.6872499847564
-47.2233999199184,-11.6872499847564
-47.1963999199184,-11.6872499847564
-47.1693999199184,-11.6872499847564
-47.0478999199184,-11.1494484597564
-47.3718999199184,-11.7106326597564
-46.9398999199184,-11.3365098597564
-46.9533999199184,-11.3131271847564
-46.9668999199184,-11.2897445097564
-46.9803999199184,-11.2663618347564
-46.9938999199184,-11.2429791597564
-47.0073999199184,-11.2195964847564
-47.0208999199184,-11.1962138097564
-47.0343999199184,-11.1728311347564
-47.0748999199184,-11.1494484597564
-47.1018999199184,-11.1494484597564
-47.1288999199184,-11.1494484597564
-47.1558999199184,-11.1494484597564
-47.1828999199184,-11.1494484597564
-47.2098999199184,-11.1494484597564
-47.2368999199184,-11.1494484597564
-47.2638999199184,-11.1494484597564
-47.2908999199184,-11.1494484597564
-47.4258999199184,-11.6171019597564
-47.4123999199184,-11.6404846347564
-47.3988999199184,-11.6638673097564
-47.3853999199184,-11.6872499847564
-47.3448999199184,-11.7106326597564
-47.3178999199184,-11.7106326597564
-47.2908999199184,-11.7106326597564
-47.2638999199184,-11.7106326597564
-47.2368999199184,-11.7106326597564
-47.2098999199184,-11.7106326597564
-47.1828999199184,-11.7106326597564
-47.1558999199184,-11.7106326597564
-47.3853999199184,-11.7340153347564
-46.9128999199184,-11.3365098597564
-46.9263999199184,-11.3131271847564
-46.9398999199184,-11.2897445097564
-46.9533999199184,-11.2663618347564
-46.9668999199184,-11.2429791597564
-46.9803999199184,-11.2195964847564
-46.9938999199184,-11.1962138097564
-47.0073999199184,-11.1728311347564
-47.0883999199184,-11.1260657847564
-47.1153999199184,-11.1260657847564
-47.1423999199184,-11.1260657847564
-47.1693999199184,-11.1260657847564
-47.1963999199184,-11.1260657847564
-47.2233999199184,-11.1260657847564
-47.2503999199184,-11.1260657847564
-47.2773999199184,-11.1260657847564
-47.3043999199184,-11.1260657847564
-47.4258999199184,-11.6638673097564
-47.4123999199184,-11.6872499847564
-47.3988999199184,-11.7106326597564
-47.3583999199184,-11.7340153347564
-47.3313999199184,-11.7340153347564
-47.3043999199184,-11.7340153347564
-47.2773999199184,-11.7340153347564
-47.2503999199184,-11.7340153347564
-47.2233999199184,-11.7340153347564
-47.1963999199184,-11.7340153347564
-47.1693999199184,-11.7340153347564
-47.3988999199184,-11.7573980097564
-46.8993999199184,-11.3131271847564
-46.9128999199184,-11.2897445097564
-46.9263999199184,-11.2663618347564
-46.9398999199184,-11.2429791597564
-46.9533999199184,-11.2195964847564
-46.9668999199184,-11.1962138097564
-46.9803999199184,-11.1728311347564
-47.1558999199184,-11.1026831097564
-47.1828999199184,-11.1026831097564
-47.2098999199184,-11.1026831097564
-47.2368999199184,-11.1026831097564
-47.2638999199184,-11.1026831097564
-47.2908999199184,-11.1026831097564
-47.3178999199184,-11.1026831097564
-47.4393999199184,-11.6872499847564
-47.4258999199184,-11.7106326597564
-47.4123999199184,-11.7340153347564
-47.3718999199184,-11.7573980097564
-47.3448999199184,-11.7573980097564
-47.3178999199184,-11.7573980097564
-47.2908999199184,-11.7573980097564
-47.2638999199184,-11.7573980097564
-47.2368999199184,-11.7573980097564
-47.2098999199184,-11.7573980097564
-47.1828999199184,-11.7573980097564
-47.1558999199184,-11.7573980097564
-47.4123999199184,-11.7807806847564
-46.8858999199184,-11.2897445097564
-46.8993999199184,-11.2663618347564
-46.9128999199184,-11.2429791597564
-46.9263999199184,-11.2195964847564
-46.9398999199184,-11.1962138097564
-46.9533999199184,-11.1728311347564
-47.1693999199184,-11.0793004347564
-47.1963999199184,-11.0793004347564
-47.2233999199184,-11.0793004347564
-47.2503999199184,-11.0793004347564
-47.2773999199184,-11.0793004347564
-47.3043999199184,-11.0793004347564
-47.3313999199184,-11.0793004347564
-47.4528999199184,-11.7106326597564
-47.4393999199184,-11.7340153347564
-47.4258999199184,-11.7573980097564
-47.3853999199184,-11.7807806847564
-47.3583999199184,-11.7807806847564
-47.3313999199184,-11.7807806847564
-47.3043999199184,-11.7807806847564
-47.2773999199184,-11.7807806847564
-47.2503999199184,-11.7807806847564
-47.2233999199184,-11.7807806847564
-47.1963999199184,-11.7807806847564
-47.4258999199184,-11.8041633597564
-46.8723999199184,-11.2663618347564
-46.8858999199184,-11.2429791597564
-46.8993999199184,-11.2195964847564
-46.9128999199184,-11.1962138097564
-46.9263999199184,-11.1728311347564
-46.9398999199184,-11.1494484597564
-47.1828999199184,-11.0559177597564
-47.2098999199184,-11.0559177597564
-47.2368999199184,-11.0559177597564
-47.2638999199184,-11.0559177597564
-47.2908999199184,-11.0559177597564
-47.3178999199184,-11.0559177597564
-47.3988999199184,-11.8041633597564
-47.3718999199184,-11.8041633597564
-47.3448999199184,-11.8041633597564
-47.3178999199184,-11.8041633597564
-47.2908999199184,-11.8041633597564
-47.2638999199184,-11.8041633597564
-47.2368999199184,-11.8041633597564
-47.2098999199184,-11.8041633597564
-47.1828999199184,-11.8041633597564
-47.4393999199184,-11.8275460347564
-46.8453999199184,-11.2663618347564
-46.8588999199184,-11.2429791597564
-46.8723999199184,-11.2195964847564
-46.8858999199184,-11.1962138097564
-46.8993999199184,-11.1728311347564
-46.9128999199184,-11.1494484597564
-47.1963999199184,-11.0325350847564
-47.2233999199184,-11.0325350847564
-47.2503999199184,-11.0325350847564
-47.2773999199184,-11.0325350847564
-47.3043999199184,-11.0325350847564
-47.4123999199184,-11.8275460347564
-47.3853999199184,-11.8275460347564
-47.3583999199184,-11.8275460347564
-47.3313999199184,-11.8275460347564
-47.3043999199184,-11.8275460347564
-47.2773999199184,-11.8275460347564
-47.2503999199184,-11.8275460347564
-47.2233999199184,-11.8275460347564
-47.1963999199184,-11.8275460347564
-47.4528999199184,-11.8509287097564
-46.8318999199184,-11.2429791597564
-46.8453999199184,-11.2195964847564
-46.8588999199184,-11.1962138097564
-46.8723999199184,-11.1728311347564
-46.8858999199184,-11.1494484597564
-46.8993999199184,-11.1260657847564
-47.2368999199184,-11.0091524097564
-47.2638999199184,-11.0091524097564
-47.2908999199184,-11.0091524097564
-47.3178999199184,-11.0091524097564
-47.4258999199184,-11.8509287097564
-47.3988999199184,-11.8509287097564
-47.3718999199184,-11.8509287097564
-47.3448999199184,-11.8509287097564
-47.3178999199184,-11.8509287097564
-47.2908999199184,-11.8509287097564
-47.4663999199184,-11.8743113847564
-46.8183999199184,-11.2195964847564
-46.8318999199184,-11.1962138097564
-46.8453999199184,-11.1728311347564
-46.8588999199184,-11.1494484597564
-46.8723999199184,-11.1260657847564
-47.2773999199184,-10.9857697347564
-47.4798999199184,-11.8509287097564
-47.4393999199184,-11.8743113847564
-47.4123999199184,-11.8743113847564
-47.3853999199184,-11.8743113847564
-47.3583999199184,-11.8743113847564
-47.3313999199184,-11.8743113847564
-47.3043999199184,-11.8743113847564
-47.4798999199184,-11.8976940597564
-46.7913999199184,-11.2195964847564
-46.8048999199184,-11.1962138097564
-46.8183999199184,-11.1728311347564
-46.8318999199184,-11.1494484597564
-46.8453999199184,-11.1260657847564
-47.5068999199184,-11.8509287097564
-47.4933999199184,-11.8743113847564
-47.4528999199184,-11.8976940597564
-47.4258999199184,-11.8976940597564
-47.3988999199184,-11.8976940597564
-47.3718999199184,-11.8976940597564
-47.3448999199184,-11.8976940597564
-47.4933999199184,-11.9210767347564
-46.7778999199184,-11.1962138097564
-46.7913999199184,-11.1728311347564
-46.8048999199184,-11.1494484597564
-46.8183999199184,-11.1260657847564
-46.8318999199184,-11.1026831097564
-47.5203999199184,-11.8743113847564
-47.5068999199184,-11.8976940597564
-47.4663999199184,-11.9210767347564
-47.4393999199184,-11.9210767347564
-47.4123999199184,-11.9210767347564
-47.3853999199184,-11.9210767347564
-46.7508999199184,-11.1962138097564
-46.7643999199184,-11.1728311347564
-46.7778999199184,-11.1494484597564
-46.7913999199184,-11.1260657847564
-46.8048999199184,-11.1026831097564
-47.5338999199184,-11.8976940597564
-47.4798999199184,-11.9444594097564
-47.4528999199184,-11.9444594097564
-47.4258999199184,-11.9444594097564
-47.3988999199184,-11.9444594097564
-46.7238999199184,-11.1962138097564
-46.7373999199184,-11.1728311347564
-46.7508999199184,-11.1494484597564
-46.7643999199184,-11.1260657847564
-47.4393999199184,-11.9678420847564
-46.7103999199184,-11.1728311347564
-46.7238999199184,-11.1494484597564
-46.7373999199184,-11.1260657847564
-46.7103999199184,-11.1260657847564
