-49.3908380466910,-11.4279444046864
-49.3638380466910,-11.4279444046864
-49.3773380466910,-11.4045617296864
-49.4043380466910,-11.4045617296864
-49.4178380466910,-11.4279444046864
-49.4043380466910,-11.4513270796864
-49.3773380466910,-11.4513270796864
-49.3368380466910,-11.4279444046864
-49.3638380466910,-11.3811790546864
-49.4178380466910,-11.3811790546864
-49.4448380466910,-11.4279444046864
-49.4178380466910,-11.4747097546864
-49.3638380466910,-11.4747097546864
-49.3503380466910,-11.4045617296864
-49.3908380466910,-11.3811790546864
-49.4313380466910,-11.4045617296864
-49.4313380466910,-11.4513270796864
-49.3908380466910,-11.4747097546864
-49.3503380466910,-11.4513270796864
-49.3098380466910,-11.4279444046864
-49.3503380466910,-11.3577963796864
-49.4313380466910,-11.3577963796864
-49.4718380466910,-11.4279444046864
-49.4313380466910,-11.4980924296864
-49.3503380466910,-11.4980924296864
-49.3233380466910,-11.4045617296864
-49.3368380466910,-11.3811790546864
-49.3773380466910,-11.3577963796864
-49.4043380466910,-11.3577963796864
-49.4448380466910,-11.3811790546864
-49.4583380466910,-11.4045617296864
-49.4583380466910,-11.4513270796864
-49.4448380466910,-11.4747097546864
-49.4043380466910,-11.4980924296864
-49.3773380466910,-11.4980924296864
-49.3368380466910,-11.4747097546864
-49.3233380466910,-11.4513270796864
-49.2828380466910,-11.4279444046864
-49.3368380466910,-11.3344137046864
-49.4448380466910,-11.3344137046864
-49.4988380466910,-11.4279444046864
-49.4448380466910,-11.5214751046864
-49.3368380466910,-11.5214751046864
-49.2963380466910,-11.4045617296864
-49.3098380466910,-11.3811790546864
-49.3233380466910,-11.3577963796864
-49.3638380466910,-11.3344137046864
-49.3908380466910,-11.3344137046864
-49.4178380466910,-11.3344137046864
-49.4583380466910,-11.3577963796864
-49.4718380466910,-11.3811790546864
-49.4853380466910,-11.4045617296864
-49.4853380466910,-11.4513270796864
-49.4718380466910,-11.4747097546864
-49.4583380466910,-11.4980924296864
-49.4178380466910,-11.5214751046864
-49.3908380466910,-11.5214751046864
-49.3638380466910,-11.5214751046864
-49.3233380466910,-11.4980924296864
-49.3098380466910,-11.4747097546864
-49.2963380466910,-11.4513270796864
-49.2558380466910,-11.4279444046864
-49.3233380466910,-11.3110310296864
-49.4583380466910,-11.3110310296864
-49.5258380466910,-11.4279444046864
-49.4583380466910,-11.5448577796864
-49.3233380466910,-11.5448577796864
-49.2693380466910,-11.4045617296864
-49.2828380466910,-11.3811790546864
-49.2963380466910,-11.3577963796864
-49.3098380466910,-11.3344137046864
-49.3503380466910,-11.3110310296864
-49.3773380466910,-11.3110310296864
-49.4043380466910,-11.3110310296864
-49.4313380466910,-11.3110310296864
-49.4718380466910,-11.3344137046864
-49.4853380466910,-11.3577963796864
-49.4988380466910,-11.3811790546864
-49.5123380466910,-11.4045617296864
-49.5123380466910,-11.4513270796864
-49.4988380466910,-11.4747097546864
-49.4853380466910,-11.4980924296864
-49.4718380466910,-11.5214751046864
-49.4313380466910,-11.5448577796864
-49.4043380466910,-11.5448577796864
-49.3773380466910,-11.5448577796864
-49.3503380466910,-11.5448577796864
-49.3098380466910,-11.5214751046864
-49.2963380466910,-11.4980924296864
-49.2828380466910,-11.4747097546864
-49.2693380466910,-11.4513270796864
-49.2288380466910,-11.4279444046864
-49.3098380466910,-11.2876483546864
-49.4718380466910,-11.2876483546864
-49.5528380466910,-11.4279444046864
-49.4718380466910,-11.5682404546864
-49.3098380466910,-11.5682404546864
-49.2423380466910,-11.4045617296864
-49.2558380466910,-11.3811790546864
-49.2693380466910,-11.3577963796864
-49.2828380466910,-11.3344137046864
-49.2963380466910,-11.3110310296864
-49.3368380466910,-11.2876483546864
-49.3638380466910,-11.2876483546864
-49.3908380466910,-11.2876483546864
-49.4178380466910,-11.2876483546864
-49.4448380466910,-11.2876483546864
-49.4853380466910,-11.3110310296864
-49.4988380466910,-11.3344137046864
-49.5123380466910,-11.3577963796864
-49.5258380466910,-11.3811790546864
-49.5393380466910,-11.4045617296864
-49.5393380466910,-11.4513270796864
-49.5258380466910,-11.4747097546864
-49.5123380466910,-11.4980924296864
-49.4988380466910,-11.5214751046864
-49.4853380466910,-11.5448577796864
-49.4448380466910,-11.5682404546864
-49.4178380466910,-11.5682404546864
-49.3908380466910,-11.5682404546864
-49.3638380466910,-11.5682404546864
-49.3368380466910,-11.5682404546864
-49.2963380466910,-11.5448577796864
-49.2828380466910,-11.5214751046864
-49.2693380466910,-11.4980924296864
-49.2558380466910,-11.4747097546864
-49.2423380466910,-11.4513270796864
-49.2018380466910,-11.4279444046864
-49.4853380466910,-11.2642656796864
-49.4853380466910,-11.5916231296864
-49.2963380466910,-11.5916231296864
-49.2153380466910,-11.4045617296864
-49.2288380466910,-11.3811790546864
-49.2423380466910,-11.3577963796864
-49.2558380466910,-11.3344137046864
-49.2693380466910,-11.3110310296864
-49.3233380466910,-11.2642656796864
-49.3503380466910,-11.2642656796864
-49.3773380466910,-11.2642656796864
-49.4043380466910,-11.2642656796864
-49.4313380466910,-11.2642656796864
-49.4583380466910,-11.2642656796864
-49.4988380466910,-11.2876483546864
-49.5123380466910,-11.3110310296864
-49.5258380466910,-11.3344137046864
-49.5393380466910,-11.3577963796864
-49.5528380466910,-11.3811790546864
-49.5663380466910,-11.4045617296864
-49.5663380466910,-11.4513270796864
-49.5528380466910,-11.4747097546864
-49.5393380466910,-11.4980924296864
-49.5258380466910,-11.5214751046864
-49.5123380466910,-11.5448577796864
-49.4988380466910,-11.5682404546864
-49.4583380466910,-11.5916231296864
-49.4313380466910,-11.5916231296864
-49.4043380466910,-11.5916231296864
-49.3773380466910,-11.5916231296864
-49.3503380466910,-11.5916231296864
-49.3233380466910,-11.5916231296864
-49.2828380466910,-11.5682404546864
-49.2693380466910,-11.5448577796864
-49.2558380466910,-11.5214751046864
-49.2423380466910,-11.4980924296864
-49.2288380466910,-11.4747097546864
-49.2153380466910,-11.4513270796864
-49.1748380466910,-11.4279444046864
-49.4988380466910,-11.2408830046864
-49.2828380466910,-11.6150058046864
-49.1883380466910,-11.4045617296864
-49.2018380466910,-11.3811790546864
-49.2153380466910,-11.3577963796864
-49.2288380466910,-11.3344137046864
-49.3638380466910,-11.2408830046864
-49.3908380466910,-11.2408830046864
-49.4178380466910,-11.2408830046864
-49.4448380466910,-11.2408830046864
-49.4718380466910,-11.2408830046864
-49.5123380466910,-11.2642656796864
-49.5258380466910,-11.2876483546864
-49.5393380466910,-11.3110310296864
-49.5528380466910,-11.3344137046864
-49.5663380466910,-11.3577963796864
-49.5798380466910,-11.3811790546864
-49.5933380466910,-11.4045617296864
-49.5663380466910,-11.4980924296864
-49.5528380466910,-11.5214751046864
-49.4718380466910,-11.6150058046864
-49.4448380466910,-11.6150058046864
-49.4178380466910,-11.6150058046864
-49.3908380466910,-11.6150058046864
-49.3638380466910,-11.6150058046864
-49.3368380466910,-11.6150058046864
-49.3098380466910,-11.6150058046864
-49.2693380466910,-11.5916231296864
-49.2558380466910,-11.5682404546864
-49.2423380466910,-11.5448577796864
-49.2288380466910,-11.5214751046864
-49.2153380466910,-11.4980924296864
-49.2018380466910,-11.4747097546864
-49.1883380466910,-11.4513270796864
-49.1478380466910,-11.4279444046864
-49.5123380466910,-11.2175003296864
-49.2693380466910,-11.6383884796864
-49.1613380466910,-11.4045617296864
-49.1748380466910,-11.3811790546864
-49.1883380466910,-11.3577963796864
-49.3773380466910,-11.2175003296864
-49.4043380466910,-11.2175003296864
-49.4313380466910,-11.2175003296864
-49.4583380466910,-11.2175003296864
-49.4853380466910,-11.2175003296864
-49.5258380466910,-11.2408830046864
-49.5393380466910,-11.2642656796864
-49.5528380466910,-11.2876483546864
-49.5663380466910,-11.3110310296864
-49.5798380466910,-11.3344137046864
-49.5933380466910,-11.3577963796864
-49.6068380466910,-11.3811790546864
-49.4853380466910,-11.6383884796864
-49.4583380466910,-11.6383884796864
-49.4313380466910,-11.6383884796864
-49.4043380466910,-11.6383884796864
-49.3773380466910,-11.6383884796864
-49.3503380466910,-11.6383884796864
-49.3233380466910,-11.6383884796864
-49.2963380466910,-11.6383884796864
-49.2558380466910,-11.6150058046864
-49.2423380466910,-11.5916231296864
-49.2288380466910,-11.5682404546864
-49.2153380466910,-11.5448577796864
-49.2018380466910,-11.5214751046864
-49.1883380466910,-11.4980924296864
-49.1748380466910,-11.4747097546864
-49.1613380466910,-11.4513270796864
-49.1208380466910,-11.4279444046864
-49.5258380466910,-11.1941176546864
-49.2558380466910,-11.6617711546864
-49.1343380466910,-11.4045617296864
-49.1478380466910,-11.3811790546864
-49.1613380466910,-11.3577963796864
-49.1748380466910,-11.3344137046864
-49.3908380466910,-11.1941176546864
-49.4178380466910,-11.1941176546864
-49.4448380466910,-11.1941176546864
-49.4718380466910,-11.1941176546864
-49.4988380466910,-11.1941176546864
-49.5393380466910,-11.2175003296864
-49.5528380466910,-11.2408830046864
-49.5663380466910,-11.2642656796864
-49.5798380466910,-11.2876483546864
-49.5933380466910,-11.3110310296864
-49.6068380466910,-11.3344137046864
-49.6203380466910,-11.3577963796864
-49.6338380466910,-11.3811790546864
-49.4718380466910,-11.6617711546864
-49.4448380466910,-11.6617711546864
-49.4178380466910,-11.6617711546864
-49.3908380466910,-11.6617711546864
-49.3638380466910,-11.6617711546864
-49.3368380466910,-11.6617711546864
-49.3098380466910,-11.6617711546864
-49.2828380466910,-11.6617711546864
-49.2423380466910,-11.6383884796864
-49.2288380466910,-11.6150058046864
-49.2153380466910,-11.5916231296864
-49.2018380466910,-11.5682404546864
-49.1883380466910,-11.5448577796864
-49.1748380466910,-11.5214751046864
-49.1613380466910,-11.4980924296864
-49.1478380466910,-11.4747097546864
-49.1343380466910,-11.4513270796864
-49.0938380466910,-11.4279444046864
-49.2423380466910,-11.6851538296864
-49.1073380466910,-11.4045617296864
-49.1208380466910,-11.3811790546864
-49.1343380466910,-11.3577963796864
-49.1478380466910,-11.3344137046864
-49.5528380466910,-11.1941176546864
-49.5663380466910,-11.2175003296864
-49.5798380466910,-11.2408830046864
-49.5933380466910,-11.2642656796864
-49.6068380466910,-11.2876483546864
-49.6203380466910,-11.3110310296864
-49.6338380466910,-11.3344137046864
-49.6473380466910,-11.3577963796864
-49.6608380466910,-11.3811790546864
-49.4853380466910,-11.6851538296864
-49.4583380466910,-11.6851538296864
-49.4313380466910,-11.6851538296864
-49.4043380466910,-11.6851538296864
-49.3773380466910,-11.6851538296864
-49.3503380466910,-11.6851538296864
-49.3233380466910,-11.6851538296864
-49.2963380466910,-11.6851538296864
-49.2693380466910,-11.6851538296864
-49.2288380466910,-11.6617711546864
-49.2153380466910,-11.6383884796864
-49.2018380466910,-11.6150058046864
-49.1883380466910,-11.5916231296864
-49.1748380466910,-11.5682404546864
-49.1613380466910,-11.5448577796864
-49.1478380466910,-11.5214751046864
-49.1343380466910,-11.4980924296864
-49.1208380466910,-11.4747097546864
-49.1073380466910,-11.4513270796864
-49.0668380466910,-11.4279444046864
-49.2288380466910,-11.7085365046864
-49.0803380466910,-11.4045617296864
-49.5663380466910,-11.1707349796864
-49.5798380466910,-11.1941176546864
-49.5933380466910,-11.2175003296864
-49.6068380466910,-11.2408830046864
-49.6203380466910,-11.2642656796864
-49.6338380466910,-11.2876483546864
-49.6473380466910,-11.3110310296864
-49.6608380466910,-11.3344137046864
-49.6743380466910,-11.3577963796864
-49.4448380466910,-11.7085365046864
-49.4178380466910,-11.7085365046864
-49.3908380466910,-11.7085365046864
-49.3638380466910,-11.7085365046864
-49.3368380466910,-11.7085365046864
-49.3098380466910,-11.7085365046864
-49.2828380466910,-11.7085365046864
-49.2558380466910,-11.7085365046864
-49.2153380466910,-11.6851538296864
-49.2018380466910,-11.6617711546864
-49.1883380466910,-11.6383884796864
-49.1748380466910,-11.6150058046864
-49.1613380466910,-11.5916231296864
-49.1478380466910,-11.5682404546864
-49.1343380466910,-11.5448577796864
-49.1208380466910,-11.5214751046864
-49.1073380466910,-11.4980924296864
-49.0938380466910,-11.4747097546864
-49.0803380466910,-11.4513270796864
-49.2153380466910,-11.7319191796864
-49.5933380466910,-11.1707349796864
-49.6068380466910,-11.1941176546864
-49.6203380466910,-11.2175003296864
-49.6338380466910,-11.2408830046864
-49.6473380466910,-11.2642656796864
-49.6608380466910,-11.2876483546864
-49.6743380466910,-11.3110310296864
-49.6878380466910,-11.3344137046864
-49.4043380466910,-11.7319191796864
-49.3773380466910,-11.7319191796864
-49.3503380466910,-11.7319191796864
-49.3233380466910,-11.7319191796864
-49.2963380466910,-11.7319191796864
-49.2693380466910,-11.7319191796864
-49.2423380466910,-11.7319191796864
-49.2018380466910,-11.7085365046864
-49.1883380466910,-11.6851538296864
-49.1748380466910,-11.6617711546864
-49.1613380466910,-11.6383884796864
-49.1478380466910,-11.6150058046864
-49.1343380466910,-11.5916231296864
-49.1208380466910,-11.5682404546864
-49.1073380466910,-11.5448577796864
-49.0938380466910,-11.5214751046864
-49.0803380466910,-11.4980924296864
-49.0668380466910,-11.4747097546864
-49.0533380466910,-11.4513270796864
-49.6203380466910,-11.1707349796864
-49.6338380466910,-11.1941176546864
-49.6473380466910,-11.2175003296864
-49.6608380466910,-11.2408830046864
-49.6743380466910,-11.2642656796864
-49.6878380466910,-11.2876483546864
-49.7013380466910,-11.3110310296864
-49.7148380466910,-11.3344137046864
-49.3908380466910,-11.7553018546864
-49.1883380466910,-11.7319191796864
-49.1748380466910,-11.7085365046864
-49.1478380466910,-11.6617711546864
-49.1343380466910,-11.6383884796864
-49.1208380466910,-11.6150058046864
-49.1073380466910,-11.5916231296864
-49.0938380466910,-11.5682404546864
-49.0803380466910,-11.5448577796864
-49.0668380466910,-11.5214751046864
-49.0533380466910,-11.4980924296864
-49.0398380466910,-11.4747097546864
-49.0263380466910,-11.4513270796864
-49.6338380466910,-11.1473523046864
-49.6473380466910,-11.1707349796864
-49.6608380466910,-11.1941176546864
-49.6743380466910,-11.2175003296864
-49.6878380466910,-11.2408830046864
-49.7013380466910,-11.2642656796864
-49.7148380466910,-11.2876483546864
-49.7283380466910,-11.3110310296864
-49.1073380466910,-11.6383884796864
-49.0803380466910,-11.5916231296864
-49.0668380466910,-11.5682404546864
-49.0533380466910,-11.5448577796864
-49.0398380466910,-11.5214751046864
-49.0263380466910,-11.4980924296864
-49.0128380466910,-11.4747097546864
-49.6608380466910,-11.1473523046864
-49.6743380466910,-11.1707349796864
-49.6878380466910,-11.1941176546864
-49.7013380466910,-11.2175003296864
-49.7148380466910,-11.2408830046864
-49.7283380466910,-11.2642656796864
-49.0533380466910,-11.5916231296864
-49.0398380466910,-11.5682404546864
-49.0263380466910,-11.5448577796864
-49.0128380466910,-11.5214751046864
-48.9993380466910,-11.4980924296864
-49.6743380466910,-11.1239696296864
-49.6878380466910,-11.1473523046864
-49.7013380466910,-11.1707349796864
-49.7148380466910,-11.1941176546864
-49.7283380466910,-11.2175003296864
-49.7418380466910,-11.2408830046864
-49.0128380466910,-11.5682404546864
-48.9993380466910,-11.5448577796864
-48.9858380466910,-11.5214751046864
-49.6878380466910,-11.1005869546864
-49.7013380466910,-11.1239696296864
-49.7148380466910,-11.1473523046864
-49.7283380466910,-11.1707349796864
-49.7418380466910,-11.1941176546864
-48.9993380466910,-11.5916231296864
-48.9723380466910,-11.5448577796864
-48.9588380466910,-11.5214751046864
-49.7148380466910,-11.1005869546864
-49.7283380466910,-11.1239696296864
-49.7418380466910,-11.1473523046864
-49.7553380466910,-11.1707349796864
-49.7283380466910,-11.0772042796864
-49.7418380466910,-11.1005869546864
-49.7553380466910,-11.1239696296864
-49.7688380466910,-11.1473523046864
-49.7418380466910,-11.0538216046864
-49.7553380466910,-11.0772042796864
-49.7688380466910,-11.1005869546864
-49.7823380466910,-11.1239696296864
-49.7553380466910,-11.0304389296864
-49.7688380466910,-11.0538216046864
-49.7823380466910,-11.0772042796864
-49.7958380466910,-11.1005869546864
-49.7823380466910,-11.0304389296864
-49.7958380466910,-11.0538216046864
-49.8093380466910,-11.0772042796864
-49.7958380466910,-11.0070562546864
-49.8093380466910,-11.0304389296864
-49.8228380466910,-11.0538216046864
