-49.0676366888776,-9.9989315861780
-49.0406366888776,-9.9989315861780
-49.0541366888776,-9.9755489111780
-49.0811366888776,-9.9755489111780
-49.0946366888776,-9.9989315861780
-49.0811366888776,-10.0223142611780
-49.0541366888776,-10.0223142611780
-49.0136366888776,-9.9989315861780
-49.0406366888776,-9.9521662361780
-49.1216366888776,-9.9989315861780
-49.0946366888776,-10.0456969361780
-49.0406366888776,-10.0456969361780
-49.0271366888776,-9.9755489111780
-49.1081366888776,-9.9755489111780
-49.1081366888776,-10.0223142611780
-49.0676366888776,-10.0456969361780
-49.0271366888776,-10.0223142611780
-48.9866366888776,-9.9989315861780
-49.0271366888776,-9.9287835611780
-49.1486366888776,-9.9989315861780
-49.1081366888776,-10.0690796111780
-49.0271366888776,-10.0690796111780
-49.0001366888776,-9.9755489111780
-49.0136366888776,-9.9521662361780
-49.1351366888776,-9.9755489111780
-49.1351366888776,-10.0223142611780
-49.1216366888776,-10.0456969361780
-49.0811366888776,-10.0690796111780
-49.0541366888776,-10.0690796111780
-49.0136366888776,-10.0456969361780
-49.0001366888776,-10.0223142611780
-48.9596366888776,-9.9989315861780
-49.0136366888776,-9.9054008861780
-49.1756366888776,-9.9989315861780
-49.1216366888776,-10.0924622861780
-49.0136366888776,-10.0924622861780
-48.9731366888776,-9.9755489111780
-48.9866366888776,-9.9521662361780
-49.0001366888776,-9.9287835611780
-49.0406366888776,-9.9054008861780
-49.1621366888776,-9.9755489111780
-49.1621366888776,-10.0223142611780
-49.1486366888776,-10.0456969361780
-49.1351366888776,-10.0690796111780
-49.0946366888776,-10.0924622861780
-49.0676366888776,-10.0924622861780
-49.0406366888776,-10.0924622861780
-49.0001366888776,-10.0690796111780
-48.9866366888776,-10.0456969361780
-48.9731366888776,-10.0223142611780
-48.9326366888776,-9.9989315861780
-49.0001366888776,-9.8820182111780
-49.2026366888776,-9.9989315861780
-49.1351366888776,-10.1158449611780
-49.0001366888776,-10.1158449611780
-48.9461366888776,-9.9755489111780
-48.9596366888776,-9.9521662361780
-48.9731366888776,-9.9287835611780
-48.9866366888776,-9.9054008861780
-49.0271366888776,-9.8820182111780
-49.0541366888776,-9.8820182111780
-49.1891366888776,-9.9755489111780
-49.1891366888776,-10.0223142611780
-49.1756366888776,-10.0456969361780
-49.1621366888776,-10.0690796111780
-49.1486366888776,-10.0924622861780
-49.1081366888776,-10.1158449611780
-49.0811366888776,-10.1158449611780
-49.0541366888776,-10.1158449611780
-49.0271366888776,-10.1158449611780
-48.9866366888776,-10.0924622861780
-48.9731366888776,-10.0690796111780
-48.9596366888776,-10.0456969361780
-48.9461366888776,-10.0223142611780
-48.9056366888776,-9.9989315861780
-48.9866366888776,-9.8586355361780
-49.2296366888776,-9.9989315861780
-48.9191366888776,-9.9755489111780
-48.9326366888776,-9.9521662361780
-48.9461366888776,-9.9287835611780
-48.9596366888776,-9.9054008861780
-48.9731366888776,-9.8820182111780
-49.2161366888776,-9.9755489111780
-49.2161366888776,-10.0223142611780
-49.2026366888776,-10.0456969361780
-49.1891366888776,-10.0690796111780
-49.1756366888776,-10.0924622861780
-49.1216366888776,-10.1392276361780
-49.0946366888776,-10.1392276361780
-49.0676366888776,-10.1392276361780
-49.0406366888776,-10.1392276361780
-48.9731366888776,-10.1158449611780
-48.9596366888776,-10.0924622861780
-48.9461366888776,-10.0690796111780
-48.9326366888776,-10.0456969361780
-48.9191366888776,-10.0223142611780
-49.2566366888776,-9.9989315861780
-48.8921366888776,-9.9755489111780
-48.9056366888776,-9.9521662361780
-48.9191366888776,-9.9287835611780
-48.9326366888776,-9.9054008861780
-48.9461366888776,-9.8820182111780
-48.9596366888776,-9.8586355361780
-49.2296366888776,-9.9521662361780
-49.2431366888776,-9.9755489111780
-49.2431366888776,-10.0223142611780
-49.2296366888776,-10.0456969361780
-49.2161366888776,-10.0690796111780
-48.9326366888776,-10.0924622861780
-48.9191366888776,-10.0690796111780
-48.9056366888776,-10.0456969361780
-49.2836366888776,-9.9989315861780
-48.8786366888776,-9.9521662361780
-48.8921366888776,-9.9287835611780
-48.9056366888776,-9.9054008861780
-48.9191366888776,-9.8820182111780
-48.9326366888776,-9.8586355361780
-49.2431366888776,-9.9287835611780
-49.2566366888776,-9.9521662361780
-49.2701366888776,-9.9755489111780
-49.2701366888776,-10.0223142611780
-49.2566366888776,-10.0456969361780
-49.3106366888776,-9.9989315861780
-48.8651366888776,-9.9287835611780
-48.8786366888776,-9.9054008861780
-48.8921366888776,-9.8820182111780
-48.9056366888776,-9.8586355361780
-48.9191366888776,-9.8352528611780
-49.2836366888776,-9.9521662361780
-49.2971366888776,-9.9755489111780
-49.2971366888776,-10.0223142611780
-48.8651366888776,-9.8820182111780
-49.3106366888776,-9.9521662361780
-49.3241366888776,-9.9755489111780
-49.3376366888776,-9.9521662361780
-49.3511366888776,-9.9755489111780
-49.3646366888776,-9.9521662361780
