-48.1564473948478,-7.8866856137944
-48.1294473948478,-7.8866856137944
-48.1429473948478,-7.8633029387944
-48.1699473948478,-7.8633029387944
-48.1834473948478,-7.8866856137944
-48.1699473948478,-7.9100682887944
-48.1429473948478,-7.9100682887944
-48.1024473948478,-7.8866856137944
-48.1294473948478,-7.8399202637944
-48.1834473948478,-7.8399202637944
-48.2104473948478,-7.8866856137944
-48.1834473948478,-7.9334509637944
-48.1294473948478,-7.9334509637944
-48.1159473948478,-7.8633029387944
-48.1564473948478,-7.8399202637944
-48.1969473948478,-7.8633029387944
-48.1969473948478,-7.9100682887944
-48.1564473948478,-7.9334509637944
-48.1159473948478,-7.9100682887944
-48.0754473948478,-7.8866856137944
-48.1159473948478,-7.8165375887944
-48.2374473948478,-7.8866856137944
-48.1969473948478,-7.9568336387944
-48.1159473948478,-7.9568336387944
-48.0889473948478,-7.8633029387944
-48.1024473948478,-7.8399202637944
-48.2104473948478,-7.8399202637944
-48.2239473948478,-7.8633029387944
-48.2239473948478,-7.9100682887944
-48.2104473948478,-7.9334509637944
-48.1699473948478,-7.9568336387944
-48.1429473948478,-7.9568336387944
-48.1024473948478,-7.9334509637944
-48.0889473948478,-7.9100682887944
-48.0484473948478,-7.8866856137944
-48.1024473948478,-7.7931549137944
-48.2644473948478,-7.8866856137944
-48.2104473948478,-7.9802163137944
-48.1024473948478,-7.9802163137944
-48.0619473948478,-7.8633029387944
-48.0754473948478,-7.8399202637944
-48.0889473948478,-7.8165375887944
-48.1294473948478,-7.7931549137944
-48.2374473948478,-7.8399202637944
-48.2509473948478,-7.8633029387944
-48.2509473948478,-7.9100682887944
-48.2374473948478,-7.9334509637944
-48.2239473948478,-7.9568336387944
-48.1834473948478,-7.9802163137944
-48.1564473948478,-7.9802163137944
-48.1294473948478,-7.9802163137944
-48.0889473948478,-7.9568336387944
-48.0754473948478,-7.9334509637944
-48.0619473948478,-7.9100682887944
-48.0214473948478,-7.8866856137944
-48.0889473948478,-7.7697722387944
-48.2914473948478,-7.8866856137944
-48.2239473948478,-8.0035989887944
-48.0889473948478,-8.0035989887944
-48.0349473948478,-7.8633029387944
-48.0484473948478,-7.8399202637944
-48.0619473948478,-7.8165375887944
-48.0754473948478,-7.7931549137944
-48.1159473948478,-7.7697722387944
-48.1429473948478,-7.7697722387944
-48.2644473948478,-7.8399202637944
-48.2779473948478,-7.8633029387944
-48.2779473948478,-7.9100682887944
-48.2644473948478,-7.9334509637944
-48.2509473948478,-7.9568336387944
-48.2374473948478,-7.9802163137944
-48.1969473948478,-8.0035989887944
-48.1699473948478,-8.0035989887944
-48.1429473948478,-8.0035989887944
-48.1159473948478,-8.0035989887944
-48.0754473948478,-7.9802163137944
-48.0619473948478,-7.9568336387944
-48.0484473948478,-7.9334509637944
-48.0349473948478,-7.9100682887944
-47.9944473948478,-7.8866856137944
-48.0754473948478,-7.7463895637944
-48.3184473948478,-7.8866856137944
-48.2374473948478,-8.0269816637944
-48.0754473948478,-8.0269816637944
-48.0079473948478,-7.8633029387944
-48.0214473948478,-7.8399202637944
-48.0349473948478,-7.8165375887944
-48.0484473948478,-7.7931549137944
-48.0619473948478,-7.7697722387944
-48.1024473948478,-7.7463895637944
-48.1294473948478,-7.7463895637944
-48.1564473948478,-7.7463895637944
-48.2779473948478,-7.8165375887944
-48.2914473948478,-7.8399202637944
-48.3049473948478,-7.8633029387944
-48.3049473948478,-7.9100682887944
-48.2914473948478,-7.9334509637944
-48.2779473948478,-7.9568336387944
-48.2644473948478,-7.9802163137944
-48.2509473948478,-8.0035989887944
-48.2104473948478,-8.0269816637944
-48.1834473948478,-8.0269816637944
-48.1564473948478,-8.0269816637944
-48.1294473948478,-8.0269816637944
-48.1024473948478,-8.0269816637944
-48.0619473948478,-8.0035989887944
-48.0484473948478,-7.9802163137944
-48.0349473948478,-7.9568336387944
-48.0214473948478,-7.9334509637944
-48.0079473948478,-7.9100682887944
-47.9674473948478,-7.8866856137944
-48.0619473948478,-7.7230068887944
-48.3454473948478,-7.8866856137944
-48.2509473948478,-8.0503643387944
-48.0619473948478,-8.0503643387944
-47.9809473948478,-7.8633029387944
-47.9944473948478,-7.8399202637944
-48.0079473948478,-7.8165375887944
-48.0214473948478,-7.7931549137944
-48.0349473948478,-7.7697722387944
-48.0484473948478,-7.7463895637944
-48.0889473948478,-7.7230068887944
-48.1159473948478,-7.7230068887944
-48.1429473948478,-7.7230068887944
-48.1699473948478,-7.7230068887944
-48.2914473948478,-7.7931549137944
-48.3049473948478,-7.8165375887944
-48.3184473948478,-7.8399202637944
-48.3319473948478,-7.8633029387944
-48.3319473948478,-7.9100682887944
-48.3184473948478,-7.9334509637944
-48.3049473948478,-7.9568336387944
-48.2914473948478,-7.9802163137944
-48.2779473948478,-8.0035989887944
-48.2644473948478,-8.0269816637944
-48.2239473948478,-8.0503643387944
-48.1969473948478,-8.0503643387944
-48.1699473948478,-8.0503643387944
-48.1429473948478,-8.0503643387944
-48.1159473948478,-8.0503643387944
-48.0889473948478,-8.0503643387944
-48.0484473948478,-8.0269816637944
-48.0349473948478,-8.0035989887944
-48.0214473948478,-7.9802163137944
-48.0079473948478,-7.9568336387944
-47.9944473948478,-7.9334509637944
-47.9809473948478,-7.9100682887944
-47.9404473948478,-7.8866856137944
-48.0484473948478,-7.6996242137944
-48.3724473948478,-7.8866856137944
-48.2644473948478,-8.0737470137944
-48.0484473948478,-8.0737470137944
-47.9539473948478,-7.8633029387944
-47.9674473948478,-7.8399202637944
-47.9809473948478,-7.8165375887944
-47.9944473948478,-7.7931549137944
-48.0079473948478,-7.7697722387944
-48.0214473948478,-7.7463895637944
-48.0349473948478,-7.7230068887944
-48.0754473948478,-7.6996242137944
-48.1024473948478,-7.6996242137944
-48.1294473948478,-7.6996242137944
-48.1564473948478,-7.6996242137944
-48.1834473948478,-7.6996242137944
-48.3184473948478,-7.7931549137944
-48.3319473948478,-7.8165375887944
-48.3454473948478,-7.8399202637944
-48.3589473948478,-7.8633029387944
-48.3589473948478,-7.9100682887944
-48.3454473948478,-7.9334509637944
-48.3319473948478,-7.9568336387944
-48.3184473948478,-7.9802163137944
-48.3049473948478,-8.0035989887944
-48.2914473948478,-8.0269816637944
-48.2779473948478,-8.0503643387944
-48.2374473948478,-8.0737470137944
-48.2104473948478,-8.0737470137944
-48.1834473948478,-8.0737470137944
-48.1564473948478,-8.0737470137944
-48.1294473948478,-8.0737470137944
-48.1024473948478,-8.0737470137944
-48.0754473948478,-8.0737470137944
-48.0349473948478,-8.0503643387944
-48.0214473948478,-8.0269816637944
-48.0079473948478,-8.0035989887944
-47.9944473948478,-7.9802163137944
-47.9809473948478,-7.9568336387944
-47.9674473948478,-7.9334509637944
-47.9539473948478,-7.9100682887944
-48.0349473948478,-7.6762415387944
-48.3994473948478,-7.8866856137944
-48.2779473948478,-8.0971296887944
-47.9269473948478,-7.8633029387944
-47.9404473948478,-7.8399202637944
-47.9539473948478,-7.8165375887944
-47.9674473948478,-7.7931549137944
-47.9809473948478,-7.7697722387944
-47.9944473948478,-7.7463895637944
-48.0079473948478,-7.7230068887944
-48.0214473948478,-7.6996242137944
-48.0619473948478,-7.6762415387944
-48.0889473948478,-7.6762415387944
-48.1159473948478,-7.6762415387944
-48.1429473948478,-7.6762415387944
-48.1699473948478,-7.6762415387944
-48.1969473948478,-7.6762415387944
-48.3589473948478,-7.8165375887944
-48.3724473948478,-7.8399202637944
-48.3859473948478,-7.8633029387944
-48.3859473948478,-7.9100682887944
-48.3724473948478,-7.9334509637944
-48.3589473948478,-7.9568336387944
-48.3454473948478,-7.9802163137944
-48.3319473948478,-8.0035989887944
-48.3184473948478,-8.0269816637944
-48.3049473948478,-8.0503643387944
-48.2914473948478,-8.0737470137944
-48.2509473948478,-8.0971296887944
-48.2239473948478,-8.0971296887944
-48.1969473948478,-8.0971296887944
-48.1699473948478,-8.0971296887944
-48.1429473948478,-8.0971296887944
-48.0214473948478,-8.0737470137944
-48.0079473948478,-8.0503643387944
-47.9944473948478,-8.0269816637944
-47.9809473948478,-8.0035989887944
-47.9674473948478,-7.9802163137944
-48.0214473948478,-7.6528588637944
-48.4264473948478,-7.8866856137944
-48.2914473948478,-8.1205123637944
-47.9134473948478,-7.8399202637944
-47.9269473948478,-7.8165375887944
-47.9404473948478,-7.7931549137944
-47.9539473948478,-7.7697722387944
-47.9674473948478,-7.7463895637944
-47.9809473948478,-7.7230068887944
-47.9944473948478,-7.6996242137944
-48.0079473948478,-7.6762415387944
-48.0484473948478,-7.6528588637944
-48.0754473948478,-7.6528588637944
-48.1024473948478,-7.6528588637944
-48.1294473948478,-7.6528588637944
-48.1564473948478,-7.6528588637944
-48.3724473948478,-7.7931549137944
-48.3859473948478,-7.8165375887944
-48.3994473948478,-7.8399202637944
-48.4129473948478,-7.8633029387944
-48.4129473948478,-7.9100682887944
-48.3994473948478,-7.9334509637944
-48.3859473948478,-7.9568336387944
-48.3724473948478,-7.9802163137944
-48.3589473948478,-8.0035989887944
-48.3454473948478,-8.0269816637944
-48.3319473948478,-8.0503643387944
-48.3184473948478,-8.0737470137944
-48.3049473948478,-8.0971296887944
-48.2644473948478,-8.1205123637944
-48.2374473948478,-8.1205123637944
-48.2104473948478,-8.1205123637944
-48.1834473948478,-8.1205123637944
-48.1564473948478,-8.1205123637944
-47.9944473948478,-8.0737470137944
-47.9809473948478,-8.0503643387944
-47.9674473948478,-8.0269816637944
-47.9539473948478,-8.0035989887944
-48.0079473948478,-7.6294761887944
-47.9134473948478,-7.7931549137944
-47.9269473948478,-7.7697722387944
-47.9404473948478,-7.7463895637944
-47.9539473948478,-7.7230068887944
-47.9674473948478,-7.6996242137944
-47.9809473948478,-7.6762415387944
-47.9944473948478,-7.6528588637944
-48.0349473948478,-7.6294761887944
-48.0619473948478,-7.6294761887944
-48.0889473948478,-7.6294761887944
-48.1159473948478,-7.6294761887944
-48.1429473948478,-7.6294761887944
-48.4129473948478,-7.8165375887944
-48.4264473948478,-7.8399202637944
-48.4399473948478,-7.9100682887944
-48.4264473948478,-7.9334509637944
-48.4129473948478,-7.9568336387944
-48.3994473948478,-7.9802163137944
-48.3859473948478,-8.0035989887944
-48.3724473948478,-8.0269816637944
-48.3589473948478,-8.0503643387944
-48.3454473948478,-8.0737470137944
-48.3319473948478,-8.0971296887944
-48.3184473948478,-8.1205123637944
-48.1969473948478,-8.1438950387944
-48.1699473948478,-8.1438950387944
-47.9539473948478,-8.0503643387944
-47.9944473948478,-7.6060935137944
-47.8999473948478,-7.7697722387944
-47.9134473948478,-7.7463895637944
-47.9269473948478,-7.7230068887944
-47.9404473948478,-7.6996242137944
-47.9539473948478,-7.6762415387944
-47.9674473948478,-7.6528588637944
-47.9809473948478,-7.6294761887944
-48.0214473948478,-7.6060935137944
-48.0484473948478,-7.6060935137944
-48.0754473948478,-7.6060935137944
-48.1024473948478,-7.6060935137944
-48.1294473948478,-7.6060935137944
-48.4399473948478,-7.9568336387944
-48.4264473948478,-7.9802163137944
-48.4129473948478,-8.0035989887944
-48.3994473948478,-8.0269816637944
-48.3859473948478,-8.0503643387944
-48.3724473948478,-8.0737470137944
-48.3589473948478,-8.0971296887944
-48.3454473948478,-8.1205123637944
-47.8729473948478,-7.7697722387944
-47.8864473948478,-7.7463895637944
-47.8999473948478,-7.7230068887944
-47.9134473948478,-7.6996242137944
-47.9269473948478,-7.6762415387944
-48.0619473948478,-7.5827108387944
-48.0889473948478,-7.5827108387944
-48.1159473948478,-7.5827108387944
-48.1429473948478,-7.5827108387944
-48.4399473948478,-8.0035989887944
-48.4264473948478,-8.0269816637944
-48.4129473948478,-8.0503643387944
-48.3994473948478,-8.0737470137944
-48.3859473948478,-8.0971296887944
-48.3724473948478,-8.1205123637944
-47.8459473948478,-7.7697722387944
-47.8594473948478,-7.7463895637944
-47.8729473948478,-7.7230068887944
-47.8864473948478,-7.6996242137944
-48.0754473948478,-7.5593281637944
-48.1024473948478,-7.5593281637944
-48.1294473948478,-7.5593281637944
-48.4399473948478,-8.0503643387944
-48.4264473948478,-8.0737470137944
-48.4129473948478,-8.0971296887944
-48.3994473948478,-8.1205123637944
-48.1429473948478,-7.5359454887944
-48.4264473948478,-8.1205123637944
