-47.8137196332249,-12.6968516213410
-47.7867196332249,-12.6968516213410
-47.8002196332249,-12.6734689463410
-47.8272196332249,-12.6734689463410
-47.8407196332249,-12.6968516213410
-47.8272196332249,-12.7202342963410
-47.8002196332249,-12.7202342963410
-47.7597196332249,-12.6968516213410
-47.7867196332249,-12.6500862713410
-47.8407196332249,-12.6500862713410
-47.8677196332249,-12.6968516213410
-47.8407196332249,-12.7436169713410
-47.7867196332249,-12.7436169713410
-47.7732196332249,-12.6734689463410
-47.8137196332249,-12.6500862713410
-47.8542196332249,-12.6734689463410
-47.8542196332249,-12.7202342963410
-47.8137196332249,-12.7436169713410
-47.7732196332249,-12.7202342963410
-47.7327196332249,-12.6968516213410
-47.7732196332249,-12.6267035963410
-47.8542196332249,-12.6267035963410
-47.8947196332249,-12.6968516213410
-47.8542196332249,-12.7669996463410
-47.7732196332249,-12.7669996463410
-47.7462196332249,-12.6734689463410
-47.7597196332249,-12.6500862713410
-47.8002196332249,-12.6267035963410
-47.8272196332249,-12.6267035963410
-47.8677196332249,-12.6500862713410
-47.8812196332249,-12.6734689463410
-47.8812196332249,-12.7202342963410
-47.8677196332249,-12.7436169713410
-47.8272196332249,-12.7669996463410
-47.8002196332249,-12.7669996463410
-47.7597196332249,-12.7436169713410
-47.7462196332249,-12.7202342963410
-47.7057196332249,-12.6968516213410
-47.7597196332249,-12.6033209213410
-47.8677196332249,-12.6033209213410
-47.9217196332249,-12.6968516213410
-47.8677196332249,-12.7903823213410
-47.7597196332249,-12.7903823213410
-47.7192196332249,-12.6734689463410
-47.7327196332249,-12.6500862713410
-47.7462196332249,-12.6267035963410
-47.7867196332249,-12.6033209213410
-47.8137196332249,-12.6033209213410
-47.8407196332249,-12.6033209213410
-47.8812196332249,-12.6267035963410
-47.8947196332249,-12.6500862713410
-47.9082196332249,-12.6734689463410
-47.9082196332249,-12.7202342963410
-47.8947196332249,-12.7436169713410
-47.8812196332249,-12.7669996463410
-47.8407196332249,-12.7903823213410
-47.8137196332249,-12.7903823213410
-47.7867196332249,-12.7903823213410
-47.7462196332249,-12.7669996463410
-47.7327196332249,-12.7436169713410
-47.7192196332249,-12.7202342963410
-47.6787196332249,-12.6968516213410
-47.7462196332249,-12.5799382463410
-47.8812196332249,-12.5799382463410
-47.9487196332249,-12.6968516213410
-47.8812196332249,-12.8137649963410
-47.7462196332249,-12.8137649963410
-47.6922196332249,-12.6734689463410
-47.7057196332249,-12.6500862713410
-47.7192196332249,-12.6267035963410
-47.7327196332249,-12.6033209213410
-47.7732196332249,-12.5799382463410
-47.8002196332249,-12.5799382463410
-47.8272196332249,-12.5799382463410
-47.8542196332249,-12.5799382463410
-47.8947196332249,-12.6033209213410
-47.9082196332249,-12.6267035963410
-47.9217196332249,-12.6500862713410
-47.9352196332249,-12.6734689463410
-47.9352196332249,-12.7202342963410
-47.9217196332249,-12.7436169713410
-47.9082196332249,-12.7669996463410
-47.8947196332249,-12.7903823213410
-47.8542196332249,-12.8137649963410
-47.8272196332249,-12.8137649963410
-47.8002196332249,-12.8137649963410
-47.7732196332249,-12.8137649963410
-47.7327196332249,-12.7903823213410
-47.7192196332249,-12.7669996463410
-47.7057196332249,-12.7436169713410
-47.6922196332249,-12.7202342963410
-47.6517196332249,-12.6968516213410
-47.7327196332249,-12.5565555713410
-47.8947196332249,-12.5565555713410
-47.9757196332249,-12.6968516213410
-47.8947196332249,-12.8371476713410
-47.7327196332249,-12.8371476713410
-47.6652196332249,-12.6734689463410
-47.6787196332249,-12.6500862713410
-47.6922196332249,-12.6267035963410
-47.7057196332249,-12.6033209213410
-47.7192196332249,-12.5799382463410
-47.7597196332249,-12.5565555713410
-47.7867196332249,-12.5565555713410
-47.8137196332249,-12.5565555713410
-47.8407196332249,-12.5565555713410
-47.8677196332249,-12.5565555713410
-47.9082196332249,-12.5799382463410
-47.9217196332249,-12.6033209213410
-47.9352196332249,-12.6267035963410
-47.9487196332249,-12.6500862713410
-47.9622196332249,-12.6734689463410
-47.9622196332249,-12.7202342963410
-47.9487196332249,-12.7436169713410
-47.9352196332249,-12.7669996463410
-47.9217196332249,-12.7903823213410
-47.9082196332249,-12.8137649963410
-47.8677196332249,-12.8371476713410
-47.8407196332249,-12.8371476713410
-47.8137196332249,-12.8371476713410
-47.7867196332249,-12.8371476713410
-47.7597196332249,-12.8371476713410
-47.7192196332249,-12.8137649963410
-47.7057196332249,-12.7903823213410
-47.6922196332249,-12.7669996463410
-47.6787196332249,-12.7436169713410
-47.6652196332249,-12.7202342963410
-47.6247196332249,-12.6968516213410
-47.7192196332249,-12.5331728963410
-47.9082196332249,-12.5331728963410
-48.0027196332249,-12.6968516213410
-47.9082196332249,-12.8605303463410
-47.7192196332249,-12.8605303463410
-47.6382196332249,-12.6734689463410
-47.6517196332249,-12.6500862713410
-47.6652196332249,-12.6267035963410
-47.6787196332249,-12.6033209213410
-47.6922196332249,-12.5799382463410
-47.7057196332249,-12.5565555713410
-47.7462196332249,-12.5331728963410
-47.7732196332249,-12.5331728963410
-47.8002196332249,-12.5331728963410
-47.8272196332249,-12.5331728963410
-47.8542196332249,-12.5331728963410
-47.8812196332249,-12.5331728963410
-47.9217196332249,-12.5565555713410
-47.9352196332249,-12.5799382463410
-47.9487196332249,-12.6033209213410
-47.9622196332249,-12.6267035963410
-47.9757196332249,-12.6500862713410
-47.9892196332249,-12.6734689463410
-47.9892196332249,-12.7202342963410
-47.9757196332249,-12.7436169713410
-47.9622196332249,-12.7669996463410
-47.9487196332249,-12.7903823213410
-47.9352196332249,-12.8137649963410
-47.9217196332249,-12.8371476713410
-47.8812196332249,-12.8605303463410
-47.8542196332249,-12.8605303463410
-47.8272196332249,-12.8605303463410
-47.8002196332249,-12.8605303463410
-47.7732196332249,-12.8605303463410
-47.7462196332249,-12.8605303463410
-47.7057196332249,-12.8371476713410
-47.6922196332249,-12.8137649963410
-47.6787196332249,-12.7903823213410
-47.6652196332249,-12.7669996463410
-47.6517196332249,-12.7436169713410
-47.6382196332249,-12.7202342963410
-47.5977196332249,-12.6968516213410
-47.7057196332249,-12.5097902213410
-47.9217196332249,-12.5097902213410
-48.0297196332249,-12.6968516213410
-47.9217196332249,-12.8839130213410
-47.7057196332249,-12.8839130213410
-47.6112196332249,-12.6734689463410
-47.6247196332249,-12.6500862713410
-47.6382196332249,-12.6267035963410
-47.6517196332249,-12.6033209213410
-47.6652196332249,-12.5799382463410
-47.6787196332249,-12.5565555713410
-47.6922196332249,-12.5331728963410
-47.7327196332249,-12.5097902213410
-47.7597196332249,-12.5097902213410
-47.7867196332249,-12.5097902213410
-47.8137196332249,-12.5097902213410
-47.8407196332249,-12.5097902213410
-47.8677196332249,-12.5097902213410
-47.8947196332249,-12.5097902213410
-47.9352196332249,-12.5331728963410
-47.9487196332249,-12.5565555713410
-47.9622196332249,-12.5799382463410
-47.9757196332249,-12.6033209213410
-47.9892196332249,-12.6267035963410
-48.0027196332249,-12.6500862713410
-48.0162196332249,-12.6734689463410
-48.0162196332249,-12.7202342963410
-48.0027196332249,-12.7436169713410
-47.9892196332249,-12.7669996463410
-47.9757196332249,-12.7903823213410
-47.9622196332249,-12.8137649963410
-47.9487196332249,-12.8371476713410
-47.9352196332249,-12.8605303463410
-47.8947196332249,-12.8839130213410
-47.8677196332249,-12.8839130213410
-47.8407196332249,-12.8839130213410
-47.8137196332249,-12.8839130213410
-47.7867196332249,-12.8839130213410
-47.7597196332249,-12.8839130213410
-47.7327196332249,-12.8839130213410
-47.6922196332249,-12.8605303463410
-47.6787196332249,-12.8371476713410
-47.6652196332249,-12.8137649963410
-47.6517196332249,-12.7903823213410
-47.6382196332249,-12.7669996463410
-47.6247196332249,-12.7436169713410
-47.6112196332249,-12.7202342963410
-47.5707196332249,-12.6968516213410
-47.6922196332249,-12.4864075463410
-47.9352196332249,-12.4864075463410
-48.0567196332249,-12.6968516213410
-47.9352196332249,-12.9072956963410
-47.6922196332249,-12.9072956963410
-47.5842196332249,-12.6734689463410
-47.5977196332249,-12.6500862713410
-47.6112196332249,-12.6267035963410
-47.6247196332249,-12.6033209213410
-47.6382196332249,-12.5799382463410
-47.6517196332249,-12.5565555713410
-47.6652196332249,-12.5331728963410
-47.6787196332249,-12.5097902213410
-47.7192196332249,-12.4864075463410
-47.7462196332249,-12.4864075463410
-47.7732196332249,-12.4864075463410
-47.8002196332249,-12.4864075463410
-47.8272196332249,-12.4864075463410
-47.8542196332249,-12.4864075463410
-47.8812196332249,-12.4864075463410
-47.9082196332249,-12.4864075463410
-47.9487196332249,-12.5097902213410
-47.9622196332249,-12.5331728963410
-47.9757196332249,-12.5565555713410
-47.9892196332249,-12.5799382463410
-48.0027196332249,-12.6033209213410
-48.0162196332249,-12.6267035963410
-48.0297196332249,-12.6500862713410
-48.0432196332249,-12.6734689463410
-48.0432196332249,-12.7202342963410
-48.0297196332249,-12.7436169713410
-48.0162196332249,-12.7669996463410
-48.0027196332249,-12.7903823213410
-47.9892196332249,-12.8137649963410
-47.9757196332249,-12.8371476713410
-47.9622196332249,-12.8605303463410
-47.9487196332249,-12.8839130213410
-47.9082196332249,-12.9072956963410
-47.8812196332249,-12.9072956963410
-47.8542196332249,-12.9072956963410
-47.8272196332249,-12.9072956963410
-47.8002196332249,-12.9072956963410
-47.7732196332249,-12.9072956963410
-47.7462196332249,-12.9072956963410
-47.7192196332249,-12.9072956963410
-47.6787196332249,-12.8839130213410
-47.6652196332249,-12.8605303463410
-47.6517196332249,-12.8371476713410
-47.6382196332249,-12.8137649963410
-47.6247196332249,-12.7903823213410
-47.6112196332249,-12.7669996463410
-47.5977196332249,-12.7436169713410
-47.5842196332249,-12.7202342963410
-47.5437196332249,-12.6968516213410
-47.6787196332249,-12.4630248713410
-47.9487196332249,-12.4630248713410
-48.0837196332249,-12.6968516213410
-47.9487196332249,-12.9306783713410
-47.6787196332249,-12.9306783713410
-47.5572196332249,-12.6734689463410
-47.5707196332249,-12.6500862713410
-47.5842196332249,-12.6267035963410
-47.5977196332249,-12.6033209213410
-47.6112196332249,-12.5799382463410
-47.6247196332249,-12.5565555713410
-47.6382196332249,-12.5331728963410
-47.6517196332249,-12.5097902213410
-47.6652196332249,-12.4864075463410
-47.7057196332249,-12.4630248713410
-47.7327196332249,-12.4630248713410
-47.7597196332249,-12.4630248713410
-47.7867196332249,-12.4630248713410
-47.8137196332249,-12.4630248713410
-47.8407196332249,-12.4630248713410
-47.8677196332249,-12.4630248713410
-47.8947196332249,-12.4630248713410
-47.9217196332249,-12.4630248713410
-47.9622196332249,-12.4864075463410
-47.9757196332249,-12.5097902213410
-47.9892196332249,-12.5331728963410
-48.0027196332249,-12.5565555713410
-48.0162196332249,-12.5799382463410
-48.0297196332249,-12.6033209213410
-48.0432196332249,-12.6267035963410
-48.0567196332249,-12.6500862713410
-48.0702196332249,-12.6734689463410
-48.0702196332249,-12.7202342963410
-48.0567196332249,-12.7436169713410
-48.0432196332249,-12.7669996463410
-48.0297196332249,-12.7903823213410
-48.0162196332249,-12.8137649963410
-48.0027196332249,-12.8371476713410
-47.9892196332249,-12.8605303463410
-47.9757196332249,-12.8839130213410
-47.9622196332249,-12.9072956963410
-47.9217196332249,-12.9306783713410
-47.8947196332249,-12.9306783713410
-47.8677196332249,-12.9306783713410
-47.8407196332249,-12.9306783713410
-47.8137196332249,-12.9306783713410
-47.7867196332249,-12.9306783713410
-47.7597196332249,-12.9306783713410
-47.7327196332249,-12.9306783713410
-47.7057196332249,-12.9306783713410
-47.6652196332249,-12.9072956963410
-47.6517196332249,-12.8839130213410
-47.6382196332249,-12.8605303463410
-47.6247196332249,-12.8371476713410
-47.6112196332249,-12.8137649963410
-47.5977196332249,-12.7903823213410
-47.5842196332249,-12.7669996463410
-47.5707196332249,-12.7436169713410
-47.5572196332249,-12.7202342963410
-47.5167196332249,-12.6968516213410
-47.6652196332249,-12.4396421963410
-47.9622196332249,-12.4396421963410
-48.1107196332249,-12.6968516213410
-47.9622196332249,-12.9540610463410
-47.6652196332249,-12.9540610463410
-47.5302196332249,-12.6734689463410
-47.5437196332249,-12.6500862713410
-47.5572196332249,-12.6267035963410
-47.5707196332249,-12.6033209213410
-47.5842196332249,-12.5799382463410
-47.5977196332249,-12.5565555713410
-47.6112196332249,-12.5331728963410
-47.6247196332249,-12.5097902213410
-47.6382196332249,-12.4864075463410
-47.6517196332249,-12.4630248713410
-47.6922196332249,-12.4396421963410
-47.7192196332249,-12.4396421963410
-47.7462196332249,-12.4396421963410
-47.7732196332249,-12.4396421963410
-47.8002196332249,-12.4396421963410
-47.8272196332249,-12.4396421963410
-47.8542196332249,-12.4396421963410
-47.8812196332249,-12.4396421963410
-47.9082196332249,-12.4396421963410
-47.9352196332249,-12.4396421963410
-47.9757196332249,-12.4630248713410
-47.9892196332249,-12.4864075463410
-48.0027196332249,-12.5097902213410
-48.0162196332249,-12.5331728963410
-48.0297196332249,-12.5565555713410
-48.0432196332249,-12.5799382463410
-48.0567196332249,-12.6033209213410
-48.0702196332249,-12.6267035963410
-48.0837196332249,-12.6500862713410
-48.0972196332249,-12.6734689463410
-48.0972196332249,-12.7202342963410
-48.0837196332249,-12.7436169713410
-48.0702196332249,-12.7669996463410
-48.0567196332249,-12.7903823213410
-48.0432196332249,-12.8137649963410
-48.0297196332249,-12.8371476713410
-48.0162196332249,-12.8605303463410
-48.0027196332249,-12.8839130213410
-47.9892196332249,-12.9072956963410
-47.9757196332249,-12.9306783713410
-47.9352196332249,-12.9540610463410
-47.9082196332249,-12.9540610463410
-47.8812196332249,-12.9540610463410
-47.8542196332249,-12.9540610463410
-47.8272196332249,-12.9540610463410
-47.8002196332249,-12.9540610463410
-47.7732196332249,-12.9540610463410
-47.7462196332249,-12.9540610463410
-47.7192196332249,-12.9540610463410
-47.6922196332249,-12.9540610463410
-47.6517196332249,-12.9306783713410
-47.6382196332249,-12.9072956963410
-47.6247196332249,-12.8839130213410
-47.6112196332249,-12.8605303463410
-47.5977196332249,-12.8371476713410
-47.5842196332249,-12.8137649963410
-47.5707196332249,-12.7903823213410
-47.5572196332249,-12.7669996463410
-47.5437196332249,-12.7436169713410
-47.5302196332249,-12.7202342963410
-47.4897196332249,-12.6968516213410
-47.6517196332249,-12.4162595213410
-47.9757196332249,-12.4162595213410
-48.1377196332249,-12.6968516213410
-47.9757196332249,-12.9774437213410
-47.6517196332249,-12.9774437213410
-47.5032196332249,-12.6734689463410
-47.5167196332249,-12.6500862713410
-47.5302196332249,-12.6267035963410
-47.5437196332249,-12.6033209213410
-47.5572196332249,-12.5799382463410
-47.5707196332249,-12.5565555713410
-47.5842196332249,-12.5331728963410
-47.5977196332249,-12.5097902213410
-47.6112196332249,-12.4864075463410
-47.6247196332249,-12.4630248713410
-47.6382196332249,-12.4396421963410
-47.6787196332249,-12.4162595213410
-47.7057196332249,-12.4162595213410
-47.7327196332249,-12.4162595213410
-47.7597196332249,-12.4162595213410
-47.7867196332249,-12.4162595213410
-47.8137196332249,-12.4162595213410
-47.8407196332249,-12.4162595213410
-47.8677196332249,-12.4162595213410
-47.8947196332249,-12.4162595213410
-47.9217196332249,-12.4162595213410
-47.9487196332249,-12.4162595213410
-47.9892196332249,-12.4396421963410
-48.0027196332249,-12.4630248713410
-48.0162196332249,-12.4864075463410
-48.0297196332249,-12.5097902213410
-48.0432196332249,-12.5331728963410
-48.0567196332249,-12.5565555713410
-48.0702196332249,-12.5799382463410
-48.0837196332249,-12.6033209213410
-48.0972196332249,-12.6267035963410
-48.1107196332249,-12.6500862713410
-48.1242196332249,-12.6734689463410
-48.1242196332249,-12.7202342963410
-48.1107196332249,-12.7436169713410
-48.0972196332249,-12.7669996463410
-48.0837196332249,-12.7903823213410
-48.0702196332249,-12.8137649963410
-48.0567196332249,-12.8371476713410
-48.0432196332249,-12.8605303463410
-48.0297196332249,-12.8839130213410
-48.0162196332249,-12.9072956963410
-48.0027196332249,-12.9306783713410
-47.9892196332249,-12.9540610463410
-47.9487196332249,-12.9774437213410
-47.9217196332249,-12.9774437213410
-47.8947196332249,-12.9774437213410
-47.8677196332249,-12.9774437213410
-47.8407196332249,-12.9774437213410
-47.8137196332249,-12.9774437213410
-47.7867196332249,-12.9774437213410
-47.7597196332249,-12.9774437213410
-47.7327196332249,-12.9774437213410
-47.7057196332249,-12.9774437213410
-47.6787196332249,-12.9774437213410
-47.6382196332249,-12.9540610463410
-47.6247196332249,-12.9306783713410
-47.6112196332249,-12.9072956963410
-47.5977196332249,-12.8839130213410
-47.5842196332249,-12.8605303463410
-47.5707196332249,-12.8371476713410
-47.5572196332249,-12.8137649963410
-47.5437196332249,-12.7903823213410
-47.5302196332249,-12.7669996463410
-47.5167196332249,-12.7436169713410
-47.5032196332249,-12.7202342963410
-47.4627196332249,-12.6968516213410
-47.6382196332249,-12.3928768463410
-47.9892196332249,-12.3928768463410
-48.1647196332249,-12.6968516213410
-47.9892196332249,-13.0008263963410
-47.6382196332249,-13.0008263963410
-47.4762196332249,-12.6734689463410
-47.4897196332249,-12.6500862713410
-47.5032196332249,-12.6267035963410
-47.5167196332249,-12.6033209213410
-47.5302196332249,-12.5799382463410
-47.5437196332249,-12.5565555713410
-47.5572196332249,-12.5331728963410
-47.5707196332249,-12.5097902213410
-47.5842196332249,-12.4864075463410
-47.5977196332249,-12.4630248713410
-47.6112196332249,-12.4396421963410
-47.6247196332249,-12.4162595213410
-47.6652196332249,-12.3928768463410
-47.6922196332249,-12.3928768463410
-47.7192196332249,-12.3928768463410
-47.7462196332249,-12.3928768463410
-47.7732196332249,-12.3928768463410
-47.8002196332249,-12.3928768463410
-47.8272196332249,-12.3928768463410
-47.8542196332249,-12.3928768463410
-47.8812196332249,-12.3928768463410
-47.9082196332249,-12.3928768463410
-47.9352196332249,-12.3928768463410
-47.9622196332249,-12.3928768463410
-48.0027196332249,-12.4162595213410
-48.0162196332249,-12.4396421963410
-48.0297196332249,-12.4630248713410
-48.0432196332249,-12.4864075463410
-48.0567196332249,-12.5097902213410
-48.0702196332249,-12.5331728963410
-48.0837196332249,-12.5565555713410
-48.0972196332249,-12.5799382463410
-48.1107196332249,-12.6033209213410
-48.1242196332249,-12.6267035963410
-48.1377196332249,-12.6500862713410
-48.1512196332249,-12.6734689463410
-48.1512196332249,-12.7202342963410
-48.1377196332249,-12.7436169713410
-48.1242196332249,-12.7669996463410
-48.1107196332249,-12.7903823213410
-48.0972196332249,-12.8137649963410
-48.0837196332249,-12.8371476713410
-48.0702196332249,-12.8605303463410
-48.0567196332249,-12.8839130213410
-48.0432196332249,-12.9072956963410
-48.0297196332249,-12.9306783713410
-48.0162196332249,-12.9540610463410
-48.0027196332249,-12.9774437213410
-47.9622196332249,-13.0008263963410
-47.9352196332249,-13.0008263963410
-47.9082196332249,-13.0008263963410
-47.8812196332249,-13.0008263963410
-47.8542196332249,-13.0008263963410
-47.8272196332249,-13.0008263963410
-47.8002196332249,-13.0008263963410
-47.7732196332249,-13.0008263963410
-47.7462196332249,-13.0008263963410
-47.7192196332249,-13.0008263963410
-47.6922196332249,-13.0008263963410
-47.6652196332249,-13.0008263963410
-47.6247196332249,-12.9774437213410
-47.6112196332249,-12.9540610463410
-47.5977196332249,-12.9306783713410
-47.5842196332249,-12.9072956963410
-47.5707196332249,-12.8839130213410
-47.5572196332249,-12.8605303463410
-47.5437196332249,-12.8371476713410
-47.5302196332249,-12.8137649963410
-47.5167196332249,-12.7903823213410
-47.5032196332249,-12.7669996463410
-47.4897196332249,-12.7436169713410
-47.4762196332249,-12.7202342963410
-47.4357196332249,-12.6968516213410
-47.6247196332249,-12.3694941713410
-48.0027196332249,-12.3694941713410
-48.1917196332249,-12.6968516213410
-48.0027196332249,-13.0242090713410
-47.6247196332249,-13.0242090713410
-47.4492196332249,-12.6734689463410
-47.4627196332249,-12.6500862713410
-47.4762196332249,-12.6267035963410
-47.4897196332249,-12.6033209213410
-47.5032196332249,-12.5799382463410
-47.5167196332249,-12.5565555713410
-47.5302196332249,-12.5331728963410
-47.5437196332249,-12.5097902213410
-47.5572196332249,-12.4864075463410
-47.5707196332249,-12.4630248713410
-47.5842196332249,-12.4396421963410
-47.5977196332249,-12.4162595213410
-47.6112196332249,-12.3928768463410
-47.6517196332249,-12.3694941713410
-47.6787196332249,-12.3694941713410
-47.7057196332249,-12.3694941713410
-47.7327196332249,-12.3694941713410
-47.7597196332249,-12.3694941713410
-47.7867196332249,-12.3694941713410
-47.8137196332249,-12.3694941713410
-47.8407196332249,-12.3694941713410
-47.8677196332249,-12.3694941713410
-47.8947196332249,-12.3694941713410
-47.9217196332249,-12.3694941713410
-47.9487196332249,-12.3694941713410
-47.9757196332249,-12.3694941713410
-48.0162196332249,-12.3928768463410
-48.0297196332249,-12.4162595213410
-48.0432196332249,-12.4396421963410
-48.0567196332249,-12.4630248713410
-48.0702196332249,-12.4864075463410
-48.0837196332249,-12.5097902213410
-48.0972196332249,-12.5331728963410
-48.1107196332249,-12.5565555713410
-48.1242196332249,-12.5799382463410
-48.1377196332249,-12.6033209213410
-48.1512196332249,-12.6267035963410
-48.1647196332249,-12.6500862713410
-48.1782196332249,-12.6734689463410
-48.1782196332249,-12.7202342963410
-48.1647196332249,-12.7436169713410
-48.1512196332249,-12.7669996463410
-48.1377196332249,-12.7903823213410
-48.1242196332249,-12.8137649963410
-48.1107196332249,-12.8371476713410
-48.0972196332249,-12.8605303463410
-48.0837196332249,-12.8839130213410
-48.0702196332249,-12.9072956963410
-48.0567196332249,-12.9306783713410
-48.0432196332249,-12.9540610463410
-48.0297196332249,-12.9774437213410
-48.0162196332249,-13.0008263963410
-47.9757196332249,-13.0242090713410
-47.9487196332249,-13.0242090713410
-47.9217196332249,-13.0242090713410
-47.8947196332249,-13.0242090713410
-47.8677196332249,-13.0242090713410
-47.8407196332249,-13.0242090713410
-47.8137196332249,-13.0242090713410
-47.7867196332249,-13.0242090713410
-47.7597196332249,-13.0242090713410
-47.7327196332249,-13.0242090713410
-47.7057196332249,-13.0242090713410
-47.6787196332249,-13.0242090713410
-47.6517196332249,-13.0242090713410
-47.6112196332249,-13.0008263963410
-47.5977196332249,-12.9774437213410
-47.5842196332249,-12.9540610463410
-47.5707196332249,-12.9306783713410
-47.5572196332249,-12.9072956963410
-47.5437196332249,-12.8839130213410
-47.5302196332249,-12.8605303463410
-47.5167196332249,-12.8371476713410
-47.5032196332249,-12.8137649963410
-47.4897196332249,-12.7903823213410
-47.4762196332249,-12.7669996463410
-47.4627196332249,-12.7436169713410
-47.4492196332249,-12.7202342963410
-47.4087196332249,-12.6968516213410
-47.6112196332249,-12.3461114963410
-48.0162196332249,-12.3461114963410
-48.2187196332249,-12.6968516213410
-48.0162196332249,-13.0475917463410
-47.6112196332249,-13.0475917463410
-47.4222196332249,-12.6734689463410
-47.4357196332249,-12.6500862713410
-47.4492196332249,-12.6267035963410
-47.4627196332249,-12.6033209213410
-47.4762196332249,-12.5799382463410
-47.4897196332249,-12.5565555713410
-47.5032196332249,-12.5331728963410
-47.5167196332249,-12.5097902213410
-47.5302196332249,-12.4864075463410
-47.5437196332249,-12.4630248713410
-47.5572196332249,-12.4396421963410
-47.5707196332249,-12.4162595213410
-47.5842196332249,-12.3928768463410
-47.5977196332249,-12.3694941713410
-47.6382196332249,-12.3461114963410
-47.6652196332249,-12.3461114963410
-47.6922196332249,-12.3461114963410
-47.7192196332249,-12.3461114963410
-47.7462196332249,-12.3461114963410
-47.7732196332249,-12.3461114963410
-47.8002196332249,-12.3461114963410
-47.8272196332249,-12.3461114963410
-47.8542196332249,-12.3461114963410
-47.8812196332249,-12.3461114963410
-47.9082196332249,-12.3461114963410
-47.9352196332249,-12.3461114963410
-47.9622196332249,-12.3461114963410
-47.9892196332249,-12.3461114963410
-48.0297196332249,-12.3694941713410
-48.0432196332249,-12.3928768463410
-48.0567196332249,-12.4162595213410
-48.0702196332249,-12.4396421963410
-48.0837196332249,-12.4630248713410
-48.0972196332249,-12.4864075463410
-48.1107196332249,-12.5097902213410
-48.1242196332249,-12.5331728963410
-48.1377196332249,-12.5565555713410
-48.1512196332249,-12.5799382463410
-48.1647196332249,-12.6033209213410
-48.1782196332249,-12.6267035963410
-48.1917196332249,-12.6500862713410
-48.2052196332249,-12.6734689463410
-48.2052196332249,-12.7202342963410
-48.1917196332249,-12.7436169713410
-48.1782196332249,-12.7669996463410
-48.1647196332249,-12.7903823213410
-48.1512196332249,-12.8137649963410
-48.1377196332249,-12.8371476713410
-48.1242196332249,-12.8605303463410
-48.1107196332249,-12.8839130213410
-48.0972196332249,-12.9072956963410
-48.0837196332249,-12.9306783713410
-48.0702196332249,-12.9540610463410
-48.0567196332249,-12.9774437213410
-48.0432196332249,-13.0008263963410
-48.0297196332249,-13.0242090713410
-47.9892196332249,-13.0475917463410
-47.9622196332249,-13.0475917463410
-47.9352196332249,-13.0475917463410
-47.9082196332249,-13.0475917463410
-47.8812196332249,-13.0475917463410
-47.8542196332249,-13.0475917463410
-47.8272196332249,-13.0475917463410
-47.8002196332249,-13.0475917463410
-47.7732196332249,-13.0475917463410
-47.7462196332249,-13.0475917463410
-47.7192196332249,-13.0475917463410
-47.6922196332249,-13.0475917463410
-47.6652196332249,-13.0475917463410
-47.6382196332249,-13.0475917463410
-47.5977196332249,-13.0242090713410
-47.5842196332249,-13.0008263963410
-47.5707196332249,-12.9774437213410
-47.5572196332249,-12.9540610463410
-47.5437196332249,-12.9306783713410
-47.5302196332249,-12.9072956963410
-47.5167196332249,-12.8839130213410
-47.5032196332249,-12.8605303463410
-47.4897196332249,-12.8371476713410
-47.4762196332249,-12.8137649963410
-47.4627196332249,-12.7903823213410
-47.4492196332249,-12.7669996463410
-47.4357196332249,-12.7436169713410
-47.4222196332249,-12.7202342963410
-47.3817196332249,-12.6968516213410
-47.5977196332249,-12.3227288213410
-48.0297196332249,-12.3227288213410
-48.0297196332249,-13.0709744213410
-47.5977196332249,-13.0709744213410
-47.3952196332249,-12.6734689463410
-47.4087196332249,-12.6500862713410
-47.4222196332249,-12.6267035963410
-47.4357196332249,-12.6033209213410
-47.4492196332249,-12.5799382463410
-47.4627196332249,-12.5565555713410
-47.4762196332249,-12.5331728963410
-47.4897196332249,-12.5097902213410
-47.5032196332249,-12.4864075463410
-47.5167196332249,-12.4630248713410
-47.5302196332249,-12.4396421963410
-47.5437196332249,-12.4162595213410
-47.5572196332249,-12.3928768463410
-47.5707196332249,-12.3694941713410
-47.5842196332249,-12.3461114963410
-47.6247196332249,-12.3227288213410
-47.6517196332249,-12.3227288213410
-47.6787196332249,-12.3227288213410
-47.7057196332249,-12.3227288213410
-47.7327196332249,-12.3227288213410
-47.7597196332249,-12.3227288213410
-47.7867196332249,-12.3227288213410
-47.8137196332249,-12.3227288213410
-47.8407196332249,-12.3227288213410
-47.8677196332249,-12.3227288213410
-47.8947196332249,-12.3227288213410
-47.9217196332249,-12.3227288213410
-47.9487196332249,-12.3227288213410
-47.9757196332249,-12.3227288213410
-48.0027196332249,-12.3227288213410
-48.0432196332249,-12.3461114963410
-48.0567196332249,-12.3694941713410
-48.0702196332249,-12.3928768463410
-48.0837196332249,-12.4162595213410
-48.0972196332249,-12.4396421963410
-48.1107196332249,-12.4630248713410
-48.1242196332249,-12.4864075463410
-48.1377196332249,-12.5097902213410
-48.1512196332249,-12.5331728963410
-48.1647196332249,-12.5565555713410
-48.1782196332249,-12.5799382463410
-48.1917196332249,-12.6033209213410
-48.2052196332249,-12.6267035963410
-48.2187196332249,-12.6500862713410
-48.2322196332249,-12.6734689463410
-48.2322196332249,-12.7202342963410
-48.2187196332249,-12.7436169713410
-48.2052196332249,-12.7669996463410
-48.1917196332249,-12.7903823213410
-48.1782196332249,-12.8137649963410
-48.1647196332249,-12.8371476713410
-48.1512196332249,-12.8605303463410
-48.1377196332249,-12.8839130213410
-48.1242196332249,-12.9072956963410
-48.1107196332249,-12.9306783713410
-48.0972196332249,-12.9540610463410
-48.0837196332249,-12.9774437213410
-48.0702196332249,-13.0008263963410
-48.0567196332249,-13.0242090713410
-48.0432196332249,-13.0475917463410
-48.0027196332249,-13.0709744213410
-47.9757196332249,-13.0709744213410
-47.9487196332249,-13.0709744213410
-47.9217196332249,-13.0709744213410
-47.8947196332249,-13.0709744213410
-47.8677196332249,-13.0709744213410
-47.8407196332249,-13.0709744213410
-47.8137196332249,-13.0709744213410
-47.7867196332249,-13.0709744213410
-47.7597196332249,-13.0709744213410
-47.7327196332249,-13.0709744213410
-47.7057196332249,-13.0709744213410
-47.6787196332249,-13.0709744213410
-47.6517196332249,-13.0709744213410
-47.6247196332249,-13.0709744213410
-47.5842196332249,-13.0475917463410
-47.5707196332249,-13.0242090713410
-47.5572196332249,-13.0008263963410
-47.5437196332249,-12.9774437213410
-47.5302196332249,-12.9540610463410
-47.5167196332249,-12.9306783713410
-47.5032196332249,-12.9072956963410
-47.4897196332249,-12.8839130213410
-47.4762196332249,-12.8605303463410
-47.4627196332249,-12.8371476713410
-47.4492196332249,-12.8137649963410
-47.4357196332249,-12.7903823213410
-47.4222196332249,-12.7669996463410
-47.4087196332249,-12.7436169713410
-47.3952196332249,-12.7202342963410
-47.3547196332249,-12.6968516213410
-47.5842196332249,-12.2993461463410
-48.0432196332249,-12.2993461463410
-48.0432196332249,-13.0943570963410
-47.5842196332249,-13.0943570963410
-47.3682196332249,-12.6734689463410
-47.3817196332249,-12.6500862713410
-47.3952196332249,-12.6267035963410
-47.4087196332249,-12.6033209213410
-47.4222196332249,-12.5799382463410
-47.4357196332249,-12.5565555713410
-47.4492196332249,-12.5331728963410
-47.4627196332249,-12.5097902213410
-47.4762196332249,-12.4864075463410
-47.4897196332249,-12.4630248713410
-47.5167196332249,-12.4162595213410
-47.5302196332249,-12.3928768463410
-47.5437196332249,-12.3694941713410
-47.5572196332249,-12.3461114963410
-47.5707196332249,-12.3227288213410
-47.6112196332249,-12.2993461463410
-47.6382196332249,-12.2993461463410
-47.6652196332249,-12.2993461463410
-47.6922196332249,-12.2993461463410
-47.7192196332249,-12.2993461463410
-47.7462196332249,-12.2993461463410
-47.7732196332249,-12.2993461463410
-47.8002196332249,-12.2993461463410
-47.8272196332249,-12.2993461463410
-47.8542196332249,-12.2993461463410
-47.8812196332249,-12.2993461463410
-47.9082196332249,-12.2993461463410
-47.9352196332249,-12.2993461463410
-47.9622196332249,-12.2993461463410
-47.9892196332249,-12.2993461463410
-48.0162196332249,-12.2993461463410
-48.0567196332249,-12.3227288213410
-48.0702196332249,-12.3461114963410
-48.0837196332249,-12.3694941713410
-48.0972196332249,-12.3928768463410
-48.1107196332249,-12.4162595213410
-48.1242196332249,-12.4396421963410
-48.1377196332249,-12.4630248713410
-48.1512196332249,-12.4864075463410
-48.1647196332249,-12.5097902213410
-48.1782196332249,-12.5331728963410
-48.1917196332249,-12.5565555713410
-48.2052196332249,-12.5799382463410
-48.2187196332249,-12.6033209213410
-48.2322196332249,-12.6267035963410
-48.2457196332249,-12.6500862713410
-48.2592196332249,-12.6734689463410
-48.2592196332249,-12.7202342963410
-48.2187196332249,-12.7903823213410
-48.2052196332249,-12.8137649963410
-48.1917196332249,-12.8371476713410
-48.1782196332249,-12.8605303463410
-48.1647196332249,-12.8839130213410
-48.1512196332249,-12.9072956963410
-48.1377196332249,-12.9306783713410
-48.1242196332249,-12.9540610463410
-48.1107196332249,-12.9774437213410
-48.0972196332249,-13.0008263963410
-48.0837196332249,-13.0242090713410
-48.0702196332249,-13.0475917463410
-48.0567196332249,-13.0709744213410
-48.0162196332249,-13.0943570963410
-47.9892196332249,-13.0943570963410
-47.9622196332249,-13.0943570963410
-47.9352196332249,-13.0943570963410
-47.9082196332249,-13.0943570963410
-47.8812196332249,-13.0943570963410
-47.8542196332249,-13.0943570963410
-47.8272196332249,-13.0943570963410
-47.8002196332249,-13.0943570963410
-47.7732196332249,-13.0943570963410
-47.7462196332249,-13.0943570963410
-47.7192196332249,-13.0943570963410
-47.6922196332249,-13.0943570963410
-47.6652196332249,-13.0943570963410
-47.6382196332249,-13.0943570963410
-47.6112196332249,-13.0943570963410
-47.5707196332249,-13.0709744213410
-47.5572196332249,-13.0475917463410
-47.5437196332249,-13.0242090713410
-47.5302196332249,-13.0008263963410
-47.5167196332249,-12.9774437213410
-47.5032196332249,-12.9540610463410
-47.4897196332249,-12.9306783713410
-47.4762196332249,-12.9072956963410
-47.4627196332249,-12.8839130213410
-47.4492196332249,-12.8605303463410
-47.4357196332249,-12.8371476713410
-47.4222196332249,-12.8137649963410
-47.4087196332249,-12.7903823213410
-47.3952196332249,-12.7669996463410
-47.3817196332249,-12.7436169713410
-47.3682196332249,-12.7202342963410
-47.3277196332249,-12.6968516213410
-47.5707196332249,-12.2759634713410
-48.0567196332249,-12.2759634713410
-48.0567196332249,-13.1177397713410
-47.3412196332249,-12.6734689463410
-47.3547196332249,-12.6500862713410
-47.3682196332249,-12.6267035963410
-47.3817196332249,-12.6033209213410
-47.3952196332249,-12.5799382463410
-47.4087196332249,-12.5565555713410
-47.4222196332249,-12.5331728963410
-47.4357196332249,-12.5097902213410
-47.4492196332249,-12.4864075463410
-47.4627196332249,-12.4630248713410
-47.5302196332249,-12.3461114963410
-47.5437196332249,-12.3227288213410
-47.5572196332249,-12.2993461463410
-47.5977196332249,-12.2759634713410
-47.6247196332249,-12.2759634713410
-47.6517196332249,-12.2759634713410
-47.6787196332249,-12.2759634713410
-47.7057196332249,-12.2759634713410
-47.7327196332249,-12.2759634713410
-47.7597196332249,-12.2759634713410
-47.7867196332249,-12.2759634713410
-47.8137196332249,-12.2759634713410
-47.8407196332249,-12.2759634713410
-47.8677196332249,-12.2759634713410
-47.8947196332249,-12.2759634713410
-47.9217196332249,-12.2759634713410
-47.9487196332249,-12.2759634713410
-47.9757196332249,-12.2759634713410
-48.0027196332249,-12.2759634713410
-48.0297196332249,-12.2759634713410
-48.0702196332249,-12.2993461463410
-48.0837196332249,-12.3227288213410
-48.0972196332249,-12.3461114963410
-48.1107196332249,-12.3694941713410
-48.1242196332249,-12.3928768463410
-48.1377196332249,-12.4162595213410
-48.1512196332249,-12.4396421963410
-48.1647196332249,-12.4630248713410
-48.1782196332249,-12.4864075463410
-48.1917196332249,-12.5097902213410
-48.2052196332249,-12.5331728963410
-48.2187196332249,-12.5565555713410
-48.2322196332249,-12.5799382463410
-48.2457196332249,-12.6033209213410
-48.2592196332249,-12.6267035963410
-48.2727196332249,-12.6500862713410
-48.2862196332249,-12.6734689463410
-48.2322196332249,-12.8137649963410
-48.1917196332249,-12.8839130213410
-48.1782196332249,-12.9072956963410
-48.1647196332249,-12.9306783713410
-48.1512196332249,-12.9540610463410
-48.1377196332249,-12.9774437213410
-48.1242196332249,-13.0008263963410
-48.1107196332249,-13.0242090713410
-48.0972196332249,-13.0475917463410
-48.0837196332249,-13.0709744213410
-48.0702196332249,-13.0943570963410
-48.0297196332249,-13.1177397713410
-48.0027196332249,-13.1177397713410
-47.9757196332249,-13.1177397713410
-47.9487196332249,-13.1177397713410
-47.9217196332249,-13.1177397713410
-47.8947196332249,-13.1177397713410
-47.8677196332249,-13.1177397713410
-47.8407196332249,-13.1177397713410
-47.8137196332249,-13.1177397713410
-47.7867196332249,-13.1177397713410
-47.7597196332249,-13.1177397713410
-47.7327196332249,-13.1177397713410
-47.7057196332249,-13.1177397713410
-47.6787196332249,-13.1177397713410
-47.6517196332249,-13.1177397713410
-47.5572196332249,-13.0943570963410
-47.5437196332249,-13.0709744213410
-47.5302196332249,-13.0475917463410
-47.5167196332249,-13.0242090713410
-47.5032196332249,-13.0008263963410
-47.4897196332249,-12.9774437213410
-47.4762196332249,-12.9540610463410
-47.4627196332249,-12.9306783713410
-47.4492196332249,-12.9072956963410
-47.4357196332249,-12.8839130213410
-47.4222196332249,-12.8605303463410
-47.4087196332249,-12.8371476713410
-47.3952196332249,-12.8137649963410
-47.3817196332249,-12.7903823213410
-47.3682196332249,-12.7669996463410
-47.5572196332249,-12.2525807963410
-48.0702196332249,-12.2525807963410
-48.0702196332249,-13.1411224463410
-47.3142196332249,-12.6734689463410
-47.3277196332249,-12.6500862713410
-47.3412196332249,-12.6267035963410
-47.3547196332249,-12.6033209213410
-47.3682196332249,-12.5799382463410
-47.3817196332249,-12.5565555713410
-47.3952196332249,-12.5331728963410
-47.4087196332249,-12.5097902213410
-47.4222196332249,-12.4864075463410
-47.4357196332249,-12.4630248713410
-47.4492196332249,-12.4396421963410
-47.5302196332249,-12.2993461463410
-47.5437196332249,-12.2759634713410
-47.5842196332249,-12.2525807963410
-47.6112196332249,-12.2525807963410
-47.6382196332249,-12.2525807963410
-47.6652196332249,-12.2525807963410
-47.6922196332249,-12.2525807963410
-47.7192196332249,-12.2525807963410
-47.7462196332249,-12.2525807963410
-47.7732196332249,-12.2525807963410
-47.8002196332249,-12.2525807963410
-47.8272196332249,-12.2525807963410
-47.8542196332249,-12.2525807963410
-47.8812196332249,-12.2525807963410
-47.9082196332249,-12.2525807963410
-47.9352196332249,-12.2525807963410
-47.9622196332249,-12.2525807963410
-47.9892196332249,-12.2525807963410
-48.0162196332249,-12.2525807963410
-48.0432196332249,-12.2525807963410
-48.0837196332249,-12.2759634713410
-48.0972196332249,-12.2993461463410
-48.1107196332249,-12.3227288213410
-48.1242196332249,-12.3461114963410
-48.1377196332249,-12.3694941713410
-48.1512196332249,-12.3928768463410
-48.1647196332249,-12.4162595213410
-48.1782196332249,-12.4396421963410
-48.1917196332249,-12.4630248713410
-48.2052196332249,-12.4864075463410
-48.2187196332249,-12.5097902213410
-48.2457196332249,-12.5565555713410
-48.2592196332249,-12.5799382463410
-48.2727196332249,-12.6033209213410
-48.1377196332249,-13.0242090713410
-48.1242196332249,-13.0475917463410
-48.1107196332249,-13.0709744213410
-48.0972196332249,-13.0943570963410
-48.0837196332249,-13.1177397713410
-48.0432196332249,-13.1411224463410
-48.0162196332249,-13.1411224463410
-47.9892196332249,-13.1411224463410
-47.9622196332249,-13.1411224463410
-47.9352196332249,-13.1411224463410
-47.9082196332249,-13.1411224463410
-47.8812196332249,-13.1411224463410
-47.8542196332249,-13.1411224463410
-47.8272196332249,-13.1411224463410
-47.8002196332249,-13.1411224463410
-47.7732196332249,-13.1411224463410
-47.7462196332249,-13.1411224463410
-47.7192196332249,-13.1411224463410
-47.6922196332249,-13.1411224463410
-47.6652196332249,-13.1411224463410
-47.5437196332249,-13.1177397713410
-47.5302196332249,-13.0943570963410
-47.5167196332249,-13.0709744213410
-47.5032196332249,-13.0475917463410
-47.4897196332249,-13.0242090713410
-47.4762196332249,-13.0008263963410
-47.4627196332249,-12.9774437213410
-47.4357196332249,-12.9306783713410
-47.4222196332249,-12.9072956963410
-47.4087196332249,-12.8839130213410
-47.3952196332249,-12.8605303463410
-47.3817196332249,-12.8371476713410
-47.3682196332249,-12.8137649963410
-47.3547196332249,-12.7903823213410
-47.3412196332249,-12.7669996463410
-48.0837196332249,-12.2291981213410
-48.0837196332249,-13.1645051213410
-47.3007196332249,-12.6500862713410
-47.3142196332249,-12.6267035963410
-47.3277196332249,-12.6033209213410
-47.3412196332249,-12.5799382463410
-47.3547196332249,-12.5565555713410
-47.3682196332249,-12.5331728963410
-47.3817196332249,-12.5097902213410
-47.3952196332249,-12.4864075463410
-47.4087196332249,-12.4630248713410
-47.4222196332249,-12.4396421963410
-47.5302196332249,-12.2525807963410
-47.5707196332249,-12.2291981213410
-47.5977196332249,-12.2291981213410
-47.6247196332249,-12.2291981213410
-47.6517196332249,-12.2291981213410
-47.6787196332249,-12.2291981213410
-47.7057196332249,-12.2291981213410
-47.7327196332249,-12.2291981213410
-47.7597196332249,-12.2291981213410
-47.7867196332249,-12.2291981213410
-47.8137196332249,-12.2291981213410
-47.8407196332249,-12.2291981213410
-47.8677196332249,-12.2291981213410
-47.8947196332249,-12.2291981213410
-47.9217196332249,-12.2291981213410
-47.9487196332249,-12.2291981213410
-47.9757196332249,-12.2291981213410
-48.0027196332249,-12.2291981213410
-48.0297196332249,-12.2291981213410
-48.0567196332249,-12.2291981213410
-48.0972196332249,-12.2525807963410
-48.1107196332249,-12.2759634713410
-48.1242196332249,-12.2993461463410
-48.1377196332249,-12.3227288213410
-48.1512196332249,-12.3461114963410
-48.1647196332249,-12.3694941713410
-48.1782196332249,-12.3928768463410
-48.1917196332249,-12.4162595213410
-48.2052196332249,-12.4396421963410
-48.2727196332249,-12.5565555713410
-48.1512196332249,-13.0475917463410
-48.1377196332249,-13.0709744213410
-48.1242196332249,-13.0943570963410
-48.1107196332249,-13.1177397713410
-48.0972196332249,-13.1411224463410
-48.0567196332249,-13.1645051213410
-48.0297196332249,-13.1645051213410
-48.0027196332249,-13.1645051213410
-47.9757196332249,-13.1645051213410
-47.9487196332249,-13.1645051213410
-47.9217196332249,-13.1645051213410
-47.8947196332249,-13.1645051213410
-47.8677196332249,-13.1645051213410
-47.8407196332249,-13.1645051213410
-47.8137196332249,-13.1645051213410
-47.7867196332249,-13.1645051213410
-47.7597196332249,-13.1645051213410
-47.7327196332249,-13.1645051213410
-47.7057196332249,-13.1645051213410
-47.6787196332249,-13.1645051213410
-47.5167196332249,-13.1177397713410
-47.5032196332249,-13.0943570963410
-47.4897196332249,-13.0709744213410
-47.4762196332249,-13.0475917463410
-47.4627196332249,-13.0242090713410
-47.4492196332249,-13.0008263963410
-47.4087196332249,-12.9306783713410
-47.3952196332249,-12.9072956963410
-47.3817196332249,-12.8839130213410
-47.3682196332249,-12.8605303463410
-47.3547196332249,-12.8371476713410
-47.3412196332249,-12.8137649963410
-47.3277196332249,-12.7903823213410
-48.0972196332249,-12.2058154463410
-48.0972196332249,-13.1878877963410
-47.2737196332249,-12.6500862713410
-47.2872196332249,-12.6267035963410
-47.3007196332249,-12.6033209213410
-47.3142196332249,-12.5799382463410
-47.3277196332249,-12.5565555713410
-47.3412196332249,-12.5331728963410
-47.3547196332249,-12.5097902213410
-47.3682196332249,-12.4864075463410
-47.3817196332249,-12.4630248713410
-47.5572196332249,-12.2058154463410
-47.5842196332249,-12.2058154463410
-47.6112196332249,-12.2058154463410
-47.6382196332249,-12.2058154463410
-47.6652196332249,-12.2058154463410
-47.6922196332249,-12.2058154463410
-47.7192196332249,-12.2058154463410
-47.7462196332249,-12.2058154463410
-47.7732196332249,-12.2058154463410
-47.8002196332249,-12.2058154463410
-47.8812196332249,-12.2058154463410
-47.9082196332249,-12.2058154463410
-47.9352196332249,-12.2058154463410
-47.9622196332249,-12.2058154463410
-47.9892196332249,-12.2058154463410
-48.0162196332249,-12.2058154463410
-48.0432196332249,-12.2058154463410
-48.0702196332249,-12.2058154463410
-48.1107196332249,-12.2291981213410
-48.1242196332249,-12.2525807963410
-48.1377196332249,-12.2759634713410
-48.1512196332249,-12.2993461463410
-48.1647196332249,-12.3227288213410
-48.1782196332249,-12.3461114963410
-48.1917196332249,-12.3694941713410
-48.2052196332249,-12.3928768463410
-48.2187196332249,-12.4162595213410
-48.2322196332249,-12.4396421963410
-48.2457196332249,-12.4630248713410
-48.1377196332249,-13.1177397713410
-48.1242196332249,-13.1411224463410
-48.1107196332249,-13.1645051213410
-48.0702196332249,-13.1878877963410
-48.0432196332249,-13.1878877963410
-48.0162196332249,-13.1878877963410
-47.9892196332249,-13.1878877963410
-47.9622196332249,-13.1878877963410
-47.9352196332249,-13.1878877963410
-47.9082196332249,-13.1878877963410
-47.8812196332249,-13.1878877963410
-47.8542196332249,-13.1878877963410
-47.8272196332249,-13.1878877963410
-47.8002196332249,-13.1878877963410
-47.7732196332249,-13.1878877963410
-47.7462196332249,-13.1878877963410
-47.7192196332249,-13.1878877963410
-47.6922196332249,-13.1878877963410
-47.6652196332249,-13.1878877963410
-47.4762196332249,-13.0943570963410
-47.4627196332249,-13.0709744213410
-47.4492196332249,-13.0475917463410
-47.4357196332249,-13.0242090713410
-47.3817196332249,-12.9306783713410
-47.3682196332249,-12.9072956963410
-47.3547196332249,-12.8839130213410
-47.3412196332249,-12.8605303463410
-47.3277196332249,-12.8371476713410
-47.3142196332249,-12.8137649963410
-47.3007196332249,-12.7903823213410
-48.1107196332249,-12.1824327713410
-48.1107196332249,-13.2112704713411
-47.2602196332249,-12.6267035963410
-47.2737196332249,-12.6033209213410
-47.2872196332249,-12.5799382463410
-47.3007196332249,-12.5565555713410
-47.3142196332249,-12.5331728963410
-47.3277196332249,-12.5097902213410
-47.3412196332249,-12.4864075463410
-47.3547196332249,-12.4630248713410
-47.6517196332249,-12.1824327713410
-47.6787196332249,-12.1824327713410
-47.7057196332249,-12.1824327713410
-47.7327196332249,-12.1824327713410
-47.7597196332249,-12.1824327713410
-47.7867196332249,-12.1824327713410
-47.8677196332249,-12.1824327713410
-47.8947196332249,-12.1824327713410
-47.9217196332249,-12.1824327713410
-47.9487196332249,-12.1824327713410
-47.9757196332249,-12.1824327713410
-48.0027196332249,-12.1824327713410
-48.0297196332249,-12.1824327713410
-48.0567196332249,-12.1824327713410
-48.0837196332249,-12.1824327713410
-48.1242196332249,-12.2058154463410
-48.1377196332249,-12.2291981213410
-48.1512196332249,-12.2525807963410
-48.1647196332249,-12.2759634713410
-48.1782196332249,-12.2993461463410
-48.1917196332249,-12.3227288213410
-48.2052196332249,-12.3461114963410
-48.2187196332249,-12.3694941713410
-48.2592196332249,-12.4396421963410
-48.1377196332249,-13.1645051213410
-48.1242196332249,-13.1878877963410
-48.0837196332249,-13.2112704713411
-48.0567196332249,-13.2112704713411
-48.0297196332249,-13.2112704713411
-48.0027196332249,-13.2112704713411
-47.9757196332249,-13.2112704713411
-47.9487196332249,-13.2112704713411
-47.9217196332249,-13.2112704713411
-47.8947196332249,-13.2112704713411
-47.8677196332249,-13.2112704713411
-47.8407196332249,-13.2112704713411
-47.8137196332249,-13.2112704713411
-47.7867196332249,-13.2112704713411
-47.7597196332249,-13.2112704713411
-47.7327196332249,-13.2112704713411
-47.7057196332249,-13.2112704713411
-47.6787196332249,-13.2112704713411
-47.4492196332249,-13.0943570963410
-47.4357196332249,-13.0709744213410
-47.4222196332249,-13.0475917463410
-47.3277196332249,-12.8839130213410
-47.3007196332249,-12.8371476713410
-47.2872196332249,-12.8137649963410
-48.1242196332249,-12.1590500963410
-48.1242196332249,-13.2346531463411
-47.2332196332249,-12.6267035963410
-47.2467196332249,-12.6033209213410
-47.2602196332249,-12.5799382463410
-47.2737196332249,-12.5565555713410
-47.2872196332249,-12.5331728963410
-47.3007196332249,-12.5097902213410
-47.3142196332249,-12.4864075463410
-47.3277196332249,-12.4630248713410
-47.6652196332249,-12.1590500963410
-47.6922196332249,-12.1590500963410
-47.7192196332249,-12.1590500963410
-47.7462196332249,-12.1590500963410
-47.7732196332249,-12.1590500963410
-47.8002196332249,-12.1590500963410
-47.8542196332249,-12.1590500963410
-47.8812196332249,-12.1590500963410
-47.9082196332249,-12.1590500963410
-47.9352196332249,-12.1590500963410
-47.9622196332249,-12.1590500963410
-47.9892196332249,-12.1590500963410
-48.0162196332249,-12.1590500963410
-48.0432196332249,-12.1590500963410
-48.0702196332249,-12.1590500963410
-48.0972196332249,-12.1590500963410
-48.1377196332249,-12.1824327713410
-48.1512196332249,-12.2058154463410
-48.1647196332249,-12.2291981213410
-48.1782196332249,-12.2525807963410
-48.1917196332249,-12.2759634713410
-48.2052196332249,-12.2993461463410
-48.2187196332249,-12.3227288213410
-48.2322196332249,-12.3461114963410
-48.1512196332249,-13.1878877963410
-48.1377196332249,-13.2112704713411
-48.0972196332249,-13.2346531463411
-48.0702196332249,-13.2346531463411
-48.0432196332249,-13.2346531463411
-48.0162196332249,-13.2346531463411
-47.9892196332249,-13.2346531463411
-47.9622196332249,-13.2346531463411
-47.9352196332249,-13.2346531463411
-47.9082196332249,-13.2346531463411
-47.8812196332249,-13.2346531463411
-47.8542196332249,-13.2346531463411
-47.8272196332249,-13.2346531463411
-47.8002196332249,-13.2346531463411
-47.7732196332249,-13.2346531463411
-47.7462196332249,-13.2346531463411
-47.7192196332249,-13.2346531463411
-47.6922196332249,-13.2346531463411
-47.6652196332249,-13.2346531463411
-47.4222196332249,-13.0943570963410
-47.4087196332249,-13.0709744213410
-47.2737196332249,-12.8371476713410
-48.1377196332249,-13.2580358213411
-47.2197196332249,-12.6033209213410
-47.2332196332249,-12.5799382463410
-47.2602196332249,-12.5331728963410
-47.2737196332249,-12.5097902213410
-47.2872196332249,-12.4864075463410
-47.3007196332249,-12.4630248713410
-47.8677196332249,-12.1356674213410
-47.8947196332249,-12.1356674213410
-47.9217196332249,-12.1356674213410
-47.9487196332249,-12.1356674213410
-47.9757196332249,-12.1356674213410
-48.0027196332249,-12.1356674213410
-48.0297196332249,-12.1356674213410
-48.0567196332249,-12.1356674213410
-48.0837196332249,-12.1356674213410
-48.1782196332249,-12.2058154463410
-48.1917196332249,-12.2291981213410
-48.2052196332249,-12.2525807963410
-48.2187196332249,-12.2759634713410
-48.2322196332249,-12.2993461463410
-48.2457196332249,-12.3227288213410
-48.1512196332249,-13.2346531463411
-48.1107196332249,-13.2580358213411
-48.0837196332249,-13.2580358213411
-48.0297196332249,-13.2580358213411
-48.0027196332249,-13.2580358213411
-47.9757196332249,-13.2580358213411
-47.9487196332249,-13.2580358213411
-47.9217196332249,-13.2580358213411
-47.8947196332249,-13.2580358213411
-47.8677196332249,-13.2580358213411
-47.8407196332249,-13.2580358213411
-47.8137196332249,-13.2580358213411
-47.7867196332249,-13.2580358213411
-47.7597196332249,-13.2580358213411
-47.7327196332249,-13.2580358213411
-47.7057196332249,-13.2580358213411
-47.6787196332249,-13.2580358213411
-47.6517196332249,-13.2580358213411
-47.4087196332249,-13.1177397713410
-48.1512196332249,-13.2814184963411
-47.2467196332249,-12.5097902213410
-47.2737196332249,-12.4630248713410
-47.8812196332249,-12.1122847463410
-47.9082196332249,-12.1122847463410
-47.9352196332249,-12.1122847463410
-47.9622196332249,-12.1122847463410
-47.9892196332249,-12.1122847463410
-48.0162196332249,-12.1122847463410
-48.0432196332249,-12.1122847463410
-48.0702196332249,-12.1122847463410
-48.0972196332249,-12.1122847463410
-48.2052196332249,-12.2058154463410
-48.2187196332249,-12.2291981213410
-48.2322196332249,-12.2525807963410
-48.2457196332249,-12.2759634713410
-48.2592196332249,-12.2993461463410
-48.1242196332249,-13.2814184963411
-48.0972196332249,-13.2814184963411
-47.9622196332249,-13.2814184963411
-47.9352196332249,-13.2814184963411
-47.9082196332249,-13.2814184963411
-47.8812196332249,-13.2814184963411
-47.8542196332249,-13.2814184963411
-47.8272196332249,-13.2814184963411
-47.8002196332249,-13.2814184963411
-47.7732196332249,-13.2814184963411
-47.7462196332249,-13.2814184963411
-47.7192196332249,-13.2814184963411
-47.6922196332249,-13.2814184963411
-47.6652196332249,-13.2814184963411
-48.1647196332249,-13.3048011713411
-47.8947196332249,-12.0889020713410
-47.9217196332249,-12.0889020713410
-47.9487196332249,-12.0889020713410
-47.9757196332249,-12.0889020713410
-48.0027196332249,-12.0889020713410
-48.0297196332249,-12.0889020713410
-48.0567196332249,-12.0889020713410
-48.0837196332249,-12.0889020713410
-48.1107196332249,-12.0889020713410
-48.2187196332249,-12.1824327713410
-48.2322196332249,-12.2058154463410
-48.2457196332249,-12.2291981213410
-48.2592196332249,-12.2525807963410
-48.2727196332249,-12.2759634713410
-47.9487196332249,-13.3048011713411
-47.8947196332249,-13.3048011713411
-47.8677196332249,-13.3048011713411
-47.8407196332249,-13.3048011713411
-47.8137196332249,-13.3048011713411
-47.7867196332249,-13.3048011713411
-47.7597196332249,-13.3048011713411
-47.7327196332249,-13.3048011713411
-47.7057196332249,-13.3048011713411
-47.6787196332249,-13.3048011713411
-47.9352196332249,-12.0655193963410
-47.9622196332249,-12.0655193963410
-47.9892196332249,-12.0655193963410
-48.0162196332249,-12.0655193963410
-48.0432196332249,-12.0655193963410
-48.0702196332249,-12.0655193963410
-48.2457196332249,-12.1824327713410
-48.2592196332249,-12.2058154463410
-48.2727196332249,-12.2291981213410
-48.2862196332249,-12.2525807963410
-48.2997196332249,-12.2759634713410
-47.8002196332249,-13.3281838463411
-47.7732196332249,-13.3281838463411
-47.7462196332249,-13.3281838463411
-47.7192196332249,-13.3281838463411
-47.6922196332249,-13.3281838463411
-47.6652196332249,-13.3281838463411
-48.0297196332249,-12.0421367213410
-47.7597196332249,-13.3515665213411
-47.7327196332249,-13.3515665213411
-47.7057196332249,-13.3515665213411
-47.6787196332249,-13.3515665213411
-47.6517196332249,-13.3515665213411
-47.7462196332249,-13.3749491963411
-47.7192196332249,-13.3749491963411
-47.6922196332249,-13.3749491963411
-47.6652196332249,-13.3749491963411
-47.6382196332249,-13.3749491963411
-47.7327196332249,-13.3983318713411
-47.7057196332249,-13.3983318713411
-47.6787196332249,-13.3983318713411
-47.6517196332249,-13.3983318713411
-47.7192196332249,-13.4217145463411
-47.6922196332249,-13.4217145463411
-47.6652196332249,-13.4217145463411
-47.6787196332249,-13.4450972213411
