-47.9395549402821,-5.9747878100432
-47.9125549402820,-5.9747878100432
-47.9530549402821,-5.9514051350432
-47.9665549402821,-5.9747878100432
-47.9530549402821,-5.9981704850432
-47.9260549402821,-5.9981704850432
-47.8855549402820,-5.9747878100432
-47.9935549402821,-5.9747878100432
-47.9665549402821,-6.0215531600432
-47.9125549402820,-6.0215531600432
-47.9800549402821,-5.9514051350432
-47.9800549402821,-5.9981704850432
-47.9395549402821,-6.0215531600432
-47.8990549402820,-5.9981704850432
-47.8585549402820,-5.9747878100432
-48.0205549402821,-5.9747878100432
-47.9800549402821,-6.0449358350432
-47.8720549402820,-5.9514051350432
-48.0070549402821,-5.9514051350432
-48.0070549402821,-5.9981704850432
-47.9935549402821,-6.0215531600432
-47.9530549402821,-6.0449358350432
-47.9260549402821,-6.0449358350432
-47.8720549402820,-5.9981704850432
-47.8315549402820,-5.9747878100432
-48.0475549402821,-5.9747878100432
-47.9935549402821,-6.0683185100432
-47.8450549402820,-5.9514051350432
-47.8585549402820,-5.9280224600432
-47.8720549402820,-5.9046397850432
-48.0205549402821,-5.9280224600432
-48.0340549402821,-5.9514051350432
-48.0340549402821,-5.9981704850432
-48.0205549402821,-6.0215531600432
-48.0070549402821,-6.0449358350432
-47.9395549402821,-6.0683185100432
-47.9125549402820,-6.0683185100432
-47.8585549402820,-6.0215531600432
-47.8450549402820,-5.9981704850432
-47.8045549402820,-5.9747878100432
-48.0745549402821,-5.9747878100432
-48.0070549402821,-6.0917011850432
-47.8180549402820,-5.9514051350432
-47.8315549402820,-5.9280224600432
-47.8450549402820,-5.9046397850432
-47.8585549402820,-5.8812571100432
-48.0340549402821,-5.9046397850432
-48.0475549402821,-5.9280224600432
-48.0610549402821,-5.9514051350432
-48.0610549402821,-5.9981704850432
-48.0475549402821,-6.0215531600432
-48.0340549402821,-6.0449358350432
-48.0205549402821,-6.0683185100432
-47.9800549402821,-6.0917011850432
-47.8315549402820,-6.0215531600432
-47.8180549402820,-5.9981704850432
-47.7775549402820,-5.9747878100432
-48.1015549402821,-5.9747878100432
-48.0205549402821,-6.1150838600432
-47.7910549402820,-5.9514051350432
-47.8045549402820,-5.9280224600432
-47.8180549402820,-5.9046397850432
-47.8315549402820,-5.8812571100432
-47.8450549402820,-5.8578744350432
-48.0610549402821,-5.9046397850432
-48.0745549402821,-5.9280224600432
-48.0880549402821,-5.9981704850432
-48.0745549402821,-6.0215531600432
-48.0610549402821,-6.0449358350432
-48.0475549402821,-6.0683185100432
-48.0340549402821,-6.0917011850432
-47.9935549402821,-6.1150838600432
-47.9665549402821,-6.1150838600432
-47.8045549402820,-6.0215531600432
-47.7910549402820,-5.9981704850432
-47.7505549402820,-5.9747878100432
-47.8450549402820,-5.8111090850432
-47.7640549402820,-5.9514051350432
-47.7775549402820,-5.9280224600432
-47.7910549402820,-5.9046397850432
-47.8045549402820,-5.8812571100432
-47.8180549402820,-5.8578744350432
-47.8315549402820,-5.8344917600432
-48.1150549402821,-5.9981704850432
-48.1015549402821,-6.0215531600432
-48.0880549402821,-6.0449358350432
-48.0745549402821,-6.0683185100432
-48.0610549402821,-6.0917011850432
-48.0475549402821,-6.1150838600432
-48.0070549402821,-6.1384665350432
-47.9800549402821,-6.1384665350432
-47.7640549402820,-5.9981704850432
-47.7235549402820,-5.9747878100432
-47.8315549402820,-5.7877264100432
-47.7370549402820,-5.9514051350432
-47.7505549402820,-5.9280224600432
-47.7640549402820,-5.9046397850432
-47.7775549402820,-5.8812571100432
-47.7910549402820,-5.8578744350432
-47.8045549402820,-5.8344917600432
-47.8180549402820,-5.8111090850432
-47.8585549402820,-5.7877264100432
-48.1420549402821,-5.9981704850432
-48.1285549402821,-6.0215531600432
-48.1150549402821,-6.0449358350432
-48.1015549402821,-6.0683185100432
-48.0880549402821,-6.0917011850432
-48.0745549402821,-6.1150838600432
-47.7370549402820,-5.9981704850432
-47.8180549402820,-5.7643437350432
-47.7100549402820,-5.9514051350432
-47.7235549402820,-5.9280224600432
-47.7370549402820,-5.9046397850432
-47.7505549402820,-5.8812571100432
-47.7640549402820,-5.8578744350432
-47.7775549402820,-5.8344917600432
-47.7910549402820,-5.8111090850432
-47.8045549402820,-5.7877264100432
-47.8450549402820,-5.7643437350432
-48.1555549402821,-6.0215531600432
-48.1420549402821,-6.0449358350432
-48.1285549402821,-6.0683185100432
-48.1150549402821,-6.0917011850432
-48.1015549402821,-6.1150838600432
-47.7100549402820,-5.9981704850432
-47.7235549402820,-5.8812571100432
-47.7370549402820,-5.8578744350432
-47.7505549402820,-5.8344917600432
-47.7640549402820,-5.8111090850432
-47.7775549402820,-5.7877264100432
-48.1825549402821,-6.0215531600432
-48.1690549402821,-6.0449358350432
-48.1555549402821,-6.0683185100432
-48.1420549402821,-6.0917011850432
-47.7505549402820,-5.7877264100432
-47.7640549402820,-5.7643437350432
-48.2095549402821,-6.0215531600432
-48.1960549402821,-6.0449358350432
-48.1825549402821,-6.0683185100432
-48.1690549402821,-6.0917011850432
-48.1555549402821,-6.1150838600432
-48.1960549402821,-6.0917011850432
