-50.9954831160563,1.3003311030278
-50.9684831160563,1.3003311030278
-50.9819831160563,1.3237137780278
-51.0089831160563,1.3237137780278
-51.0224831160563,1.3003311030278
-51.0089831160563,1.2769484280278
-50.9819831160563,1.2769484280278
-50.9414831160563,1.3003311030278
-50.9684831160563,1.3470964530278
-51.0224831160563,1.3470964530278
-51.0494831160563,1.3003311030278
-51.0224831160563,1.2535657530278
-50.9684831160563,1.2535657530278
-50.9549831160563,1.3237137780278
-50.9954831160563,1.3470964530278
-51.0359831160563,1.3237137780278
-51.0359831160563,1.2769484280278
-50.9954831160563,1.2535657530278
-50.9549831160563,1.2769484280278
-50.9144831160563,1.3003311030278
-50.9549831160563,1.3704791280278
-51.0359831160563,1.3704791280278
-51.0764831160563,1.3003311030278
-51.0359831160563,1.2301830780278
-50.9549831160563,1.2301830780278
-50.9279831160563,1.3237137780278
-50.9414831160563,1.3470964530278
-50.9819831160563,1.3704791280278
-51.0089831160563,1.3704791280278
-51.0494831160563,1.3470964530278
-51.0629831160563,1.3237137780278
-51.0629831160563,1.2769484280278
-51.0494831160563,1.2535657530278
-51.0089831160563,1.2301830780278
-50.9819831160563,1.2301830780278
-50.9414831160563,1.2535657530278
-50.9279831160563,1.2769484280278
-50.8874831160563,1.3003311030278
-50.9414831160563,1.3938618030278
-51.0494831160563,1.3938618030278
-51.1034831160563,1.3003311030278
-51.0494831160563,1.2068004030278
-50.9414831160563,1.2068004030278
-50.9009831160563,1.3237137780278
-50.9144831160563,1.3470964530278
-50.9279831160563,1.3704791280278
-50.9684831160563,1.3938618030278
-50.9954831160563,1.3938618030278
-51.0224831160563,1.3938618030278
-51.0629831160563,1.3704791280278
-51.0764831160563,1.3470964530278
-51.0899831160563,1.3237137780278
-51.0899831160563,1.2769484280278
-51.0764831160563,1.2535657530278
-51.0629831160563,1.2301830780278
-51.0224831160563,1.2068004030278
-50.9954831160563,1.2068004030278
-50.9684831160563,1.2068004030278
-50.9279831160563,1.2301830780278
-50.9144831160563,1.2535657530278
-50.9009831160563,1.2769484280278
-50.8604831160563,1.3003311030278
-50.9279831160563,1.4172444780278
-51.0629831160563,1.4172444780278
-51.1304831160563,1.3003311030278
-51.0629831160563,1.1834177280278
-50.9279831160563,1.1834177280278
-50.8739831160563,1.3237137780278
-50.8874831160563,1.3470964530278
-50.9009831160563,1.3704791280278
-50.9144831160563,1.3938618030278
-50.9549831160563,1.4172444780278
-50.9819831160563,1.4172444780278
-51.0089831160563,1.4172444780278
-51.0359831160563,1.4172444780278
-51.0764831160563,1.3938618030278
-51.0899831160563,1.3704791280278
-51.1034831160563,1.3470964530278
-51.1169831160563,1.3237137780278
-51.1169831160563,1.2769484280278
-51.1034831160563,1.2535657530278
-51.0899831160563,1.2301830780278
-51.0764831160563,1.2068004030278
-51.0359831160563,1.1834177280278
-51.0089831160563,1.1834177280278
-50.9819831160563,1.1834177280278
-50.9549831160563,1.1834177280278
-50.9144831160563,1.2068004030278
-50.9009831160563,1.2301830780278
-50.8874831160563,1.2535657530278
-50.8739831160563,1.2769484280278
-50.8334831160563,1.3003311030278
-50.9144831160563,1.4406271530278
-51.0764831160563,1.4406271530278
-51.1574831160563,1.3003311030278
-51.0764831160563,1.1600350530278
-50.9144831160563,1.1600350530278
-50.8469831160563,1.3237137780278
-50.8604831160563,1.3470964530278
-50.8739831160563,1.3704791280278
-50.8874831160563,1.3938618030278
-50.9009831160563,1.4172444780278
-50.9414831160563,1.4406271530278
-50.9684831160563,1.4406271530278
-50.9954831160563,1.4406271530278
-51.0224831160563,1.4406271530278
-51.0494831160563,1.4406271530278
-51.0899831160563,1.4172444780278
-51.1034831160563,1.3938618030278
-51.1169831160563,1.3704791280278
-51.1304831160563,1.3470964530278
-51.1439831160563,1.3237137780278
-51.1439831160563,1.2769484280278
-51.1304831160563,1.2535657530278
-51.1169831160563,1.2301830780278
-51.1034831160563,1.2068004030278
-51.0899831160563,1.1834177280278
-51.0494831160563,1.1600350530278
-51.0224831160563,1.1600350530278
-50.9954831160563,1.1600350530278
-50.9684831160563,1.1600350530278
-50.9414831160563,1.1600350530278
-50.9009831160563,1.1834177280278
-50.8874831160563,1.2068004030278
-50.8739831160563,1.2301830780278
-50.8604831160563,1.2535657530278
-50.8469831160563,1.2769484280278
-50.8064831160562,1.3003311030278
-50.9009831160563,1.4640098280278
-51.0899831160563,1.4640098280278
-51.1844831160563,1.3003311030278
-51.0899831160563,1.1366523780278
-50.9009831160563,1.1366523780278
-50.8199831160562,1.3237137780278
-50.8334831160563,1.3470964530278
-50.8469831160563,1.3704791280278
-50.8604831160563,1.3938618030278
-50.8739831160563,1.4172444780278
-50.8874831160563,1.4406271530278
-50.9279831160563,1.4640098280278
-50.9549831160563,1.4640098280278
-50.9819831160563,1.4640098280278
-51.0089831160563,1.4640098280278
-51.0359831160563,1.4640098280278
-51.0629831160563,1.4640098280278
-51.1034831160563,1.4406271530278
-51.1169831160563,1.4172444780278
-51.1304831160563,1.3938618030278
-51.1439831160563,1.3704791280278
-51.1574831160563,1.3470964530278
-51.1709831160563,1.3237137780278
-51.1709831160563,1.2769484280278
-51.1574831160563,1.2535657530278
-51.1439831160563,1.2301830780278
-51.1304831160563,1.2068004030278
-51.1169831160563,1.1834177280278
-51.1034831160563,1.1600350530278
-51.0629831160563,1.1366523780278
-51.0359831160563,1.1366523780278
-51.0089831160563,1.1366523780278
-50.9819831160563,1.1366523780278
-50.9549831160563,1.1366523780278
-50.9279831160563,1.1366523780278
-50.8874831160563,1.1600350530278
-50.8739831160563,1.1834177280278
-50.8604831160563,1.2068004030278
-50.8469831160563,1.2301830780278
-50.8334831160563,1.2535657530278
-50.8199831160562,1.2769484280278
-50.7794831160562,1.3003311030278
-50.8874831160563,1.4873925030278
-51.1034831160563,1.4873925030278
-51.2114831160563,1.3003311030278
-51.1034831160563,1.1132697030278
-50.8874831160563,1.1132697030278
-50.7929831160562,1.3237137780278
-50.8064831160562,1.3470964530278
-50.8199831160562,1.3704791280278
-50.8334831160563,1.3938618030278
-50.8469831160563,1.4172444780278
-50.8604831160563,1.4406271530278
-50.8739831160563,1.4640098280278
-50.9144831160563,1.4873925030278
-50.9414831160563,1.4873925030278
-50.9684831160563,1.4873925030278
-50.9954831160563,1.4873925030278
-51.0224831160563,1.4873925030278
-51.0494831160563,1.4873925030278
-51.0764831160563,1.4873925030278
-51.1169831160563,1.4640098280278
-51.1304831160563,1.4406271530278
-51.1439831160563,1.4172444780278
-51.1574831160563,1.3938618030278
-51.1709831160563,1.3704791280278
-51.1844831160563,1.3470964530278
-51.1979831160563,1.3237137780278
-51.1979831160563,1.2769484280278
-51.1844831160563,1.2535657530278
-51.1709831160563,1.2301830780278
-51.1574831160563,1.2068004030278
-51.1439831160563,1.1834177280278
-51.1304831160563,1.1600350530278
-51.1169831160563,1.1366523780278
-51.0764831160563,1.1132697030278
-51.0494831160563,1.1132697030278
-51.0224831160563,1.1132697030278
-50.9954831160563,1.1132697030278
-50.9684831160563,1.1132697030278
-50.9414831160563,1.1132697030278
-50.9144831160563,1.1132697030278
-50.8739831160563,1.1366523780278
-50.8604831160563,1.1600350530278
-50.8469831160563,1.1834177280278
-50.8334831160563,1.2068004030278
-50.8199831160562,1.2301830780278
-50.8064831160562,1.2535657530278
-50.7929831160562,1.2769484280278
-50.7524831160562,1.3003311030278
-50.8739831160563,1.5107751780278
-51.1169831160563,1.5107751780278
-51.2384831160563,1.3003311030278
-51.1169831160563,1.0898870280278
-50.8739831160563,1.0898870280278
-50.7659831160562,1.3237137780278
-50.7794831160562,1.3470964530278
-50.7929831160562,1.3704791280278
-50.8064831160562,1.3938618030278
-50.8199831160562,1.4172444780278
-50.8334831160563,1.4406271530278
-50.8469831160563,1.4640098280278
-50.8604831160563,1.4873925030278
-50.9009831160563,1.5107751780278
-50.9279831160563,1.5107751780278
-50.9549831160563,1.5107751780278
-50.9819831160563,1.5107751780278
-51.0089831160563,1.5107751780278
-51.0359831160563,1.5107751780278
-51.0629831160563,1.5107751780278
-51.0899831160563,1.5107751780278
-51.1304831160563,1.4873925030278
-51.1439831160563,1.4640098280278
-51.1574831160563,1.4406271530278
-51.1709831160563,1.4172444780278
-51.1844831160563,1.3938618030278
-51.1979831160563,1.3704791280278
-51.2114831160563,1.3470964530278
-51.2249831160563,1.3237137780278
-51.2249831160563,1.2769484280278
-51.2114831160563,1.2535657530278
-51.1979831160563,1.2301830780278
-51.1844831160563,1.2068004030278
-51.1709831160563,1.1834177280278
-51.1574831160563,1.1600350530278
-51.1439831160563,1.1366523780278
-51.1304831160563,1.1132697030278
-51.0899831160563,1.0898870280278
-51.0629831160563,1.0898870280278
-51.0359831160563,1.0898870280278
-51.0089831160563,1.0898870280278
-50.9819831160563,1.0898870280278
-50.9549831160563,1.0898870280278
-50.9279831160563,1.0898870280278
-50.9009831160563,1.0898870280278
-50.8604831160563,1.1132697030278
-50.8469831160563,1.1366523780278
-50.8334831160563,1.1600350530278
-50.8199831160562,1.1834177280278
-50.8064831160562,1.2068004030278
-50.7929831160562,1.2301830780278
-50.7794831160562,1.2535657530278
-50.7659831160562,1.2769484280278
-50.7254831160562,1.3003311030278
-50.8604831160563,1.5341578530278
-51.1304831160563,1.5341578530278
-51.2654831160563,1.3003311030278
-51.1304831160563,1.0665043530278
-50.8604831160563,1.0665043530278
-50.7389831160562,1.3237137780278
-50.7524831160562,1.3470964530278
-50.7659831160562,1.3704791280278
-50.7794831160562,1.3938618030278
-50.7929831160562,1.4172444780278
-50.8064831160562,1.4406271530278
-50.8199831160562,1.4640098280278
-50.8334831160563,1.4873925030278
-50.8469831160563,1.5107751780278
-50.8874831160563,1.5341578530278
-50.9144831160563,1.5341578530278
-50.9414831160563,1.5341578530278
-50.9684831160563,1.5341578530278
-50.9954831160563,1.5341578530278
-51.0224831160563,1.5341578530278
-51.0494831160563,1.5341578530278
-51.0764831160563,1.5341578530278
-51.1034831160563,1.5341578530278
-51.1439831160563,1.5107751780278
-51.1574831160563,1.4873925030278
-51.1709831160563,1.4640098280278
-51.1844831160563,1.4406271530278
-51.1979831160563,1.4172444780278
-51.2114831160563,1.3938618030278
-51.2249831160563,1.3704791280278
-51.2384831160563,1.3470964530278
-51.2519831160563,1.3237137780278
-51.2519831160563,1.2769484280278
-51.2384831160563,1.2535657530278
-51.2249831160563,1.2301830780278
-51.2114831160563,1.2068004030278
-51.1979831160563,1.1834177280278
-51.1844831160563,1.1600350530278
-51.1709831160563,1.1366523780278
-51.1574831160563,1.1132697030278
-51.1439831160563,1.0898870280278
-51.1034831160563,1.0665043530278
-51.0764831160563,1.0665043530278
-51.0494831160563,1.0665043530278
-51.0224831160563,1.0665043530278
-50.9954831160563,1.0665043530278
-50.9684831160563,1.0665043530278
-50.9414831160563,1.0665043530278
-50.9144831160563,1.0665043530278
-50.8874831160563,1.0665043530278
-50.8469831160563,1.0898870280278
-50.8334831160563,1.1132697030278
-50.8199831160562,1.1366523780278
-50.8064831160562,1.1600350530278
-50.7929831160562,1.1834177280278
-50.7794831160562,1.2068004030278
-50.7659831160562,1.2301830780278
-50.7524831160562,1.2535657530278
-50.7389831160562,1.2769484280278
-50.6984831160562,1.3003311030278
-50.8469831160563,1.5575405280278
-51.1439831160563,1.5575405280278
-51.2924831160563,1.3003311030278
-51.1439831160563,1.0431216780278
-50.8469831160563,1.0431216780278
-50.7119831160562,1.3237137780278
-50.7254831160562,1.3470964530278
-50.7389831160562,1.3704791280278
-50.7524831160562,1.3938618030278
-50.7659831160562,1.4172444780278
-50.7794831160562,1.4406271530278
-50.7929831160562,1.4640098280278
-50.8064831160562,1.4873925030278
-50.8199831160562,1.5107751780278
-50.8334831160563,1.5341578530278
-50.8739831160563,1.5575405280278
-50.9009831160563,1.5575405280278
-50.9279831160563,1.5575405280278
-50.9549831160563,1.5575405280278
-50.9819831160563,1.5575405280278
-51.0089831160563,1.5575405280278
-51.0359831160563,1.5575405280278
-51.0629831160563,1.5575405280278
-51.0899831160563,1.5575405280278
-51.1169831160563,1.5575405280278
-51.1574831160563,1.5341578530278
-51.1709831160563,1.5107751780278
-51.1844831160563,1.4873925030278
-51.1979831160563,1.4640098280278
-51.2114831160563,1.4406271530278
-51.2249831160563,1.4172444780278
-51.2384831160563,1.3938618030278
-51.2519831160563,1.3704791280278
-51.2654831160563,1.3470964530278
-51.2789831160563,1.3237137780278
-51.2789831160563,1.2769484280278
-51.2654831160563,1.2535657530278
-51.2519831160563,1.2301830780278
-51.2384831160563,1.2068004030278
-51.2249831160563,1.1834177280278
-51.2114831160563,1.1600350530278
-51.1979831160563,1.1366523780278
-51.1844831160563,1.1132697030278
-51.1709831160563,1.0898870280278
-51.1574831160563,1.0665043530278
-51.1169831160563,1.0431216780278
-51.0899831160563,1.0431216780278
-51.0629831160563,1.0431216780278
-51.0359831160563,1.0431216780278
-51.0089831160563,1.0431216780278
-50.9819831160563,1.0431216780278
-50.9549831160563,1.0431216780278
-50.9279831160563,1.0431216780278
-50.9009831160563,1.0431216780278
-50.8739831160563,1.0431216780278
-50.8334831160563,1.0665043530278
-50.8199831160562,1.0898870280278
-50.8064831160562,1.1132697030278
-50.7929831160562,1.1366523780278
-50.7794831160562,1.1600350530278
-50.7659831160562,1.1834177280278
-50.7524831160562,1.2068004030278
-50.7389831160562,1.2301830780278
-50.7254831160562,1.2535657530278
-50.7119831160562,1.2769484280278
-50.6714831160562,1.3003311030278
-50.8334831160563,1.5809232030278
-51.1574831160563,1.5809232030278
-51.3194831160563,1.3003311030278
-50.8334831160563,1.0197390030278
-50.6849831160562,1.3237137780278
-50.6984831160562,1.3470964530278
-50.7119831160562,1.3704791280278
-50.7254831160562,1.3938618030278
-50.7389831160562,1.4172444780278
-50.7524831160562,1.4406271530278
-50.7659831160562,1.4640098280278
-50.7794831160562,1.4873925030278
-50.7929831160562,1.5107751780278
-50.8064831160562,1.5341578530278
-50.8199831160562,1.5575405280278
-50.8604831160563,1.5809232030278
-50.8874831160563,1.5809232030278
-50.9144831160563,1.5809232030278
-50.9414831160563,1.5809232030278
-50.9684831160563,1.5809232030278
-50.9954831160563,1.5809232030278
-51.0224831160563,1.5809232030278
-51.0494831160563,1.5809232030278
-51.0764831160563,1.5809232030278
-51.1034831160563,1.5809232030278
-51.1304831160563,1.5809232030278
-51.1709831160563,1.5575405280278
-51.1844831160563,1.5341578530278
-51.1979831160563,1.5107751780278
-51.2114831160563,1.4873925030278
-51.2249831160563,1.4640098280278
-51.2384831160563,1.4406271530278
-51.2519831160563,1.4172444780278
-51.2654831160563,1.3938618030278
-51.2789831160563,1.3704791280278
-51.2924831160563,1.3470964530278
-51.3059831160563,1.3237137780278
-51.3059831160563,1.2769484280278
-51.2924831160563,1.2535657530278
-51.2789831160563,1.2301830780278
-51.2654831160563,1.2068004030278
-51.2519831160563,1.1834177280278
-51.2384831160563,1.1600350530278
-51.2249831160563,1.1366523780278
-51.2114831160563,1.1132697030278
-51.1979831160563,1.0898870280278
-51.1844831160563,1.0665043530278
-51.1709831160563,1.0431216780278
-51.1304831160563,1.0197390030278
-51.1034831160563,1.0197390030278
-51.0494831160563,1.0197390030278
-51.0224831160563,1.0197390030278
-50.9954831160563,1.0197390030278
-50.9684831160563,1.0197390030278
-50.9414831160563,1.0197390030278
-50.9144831160563,1.0197390030278
-50.8874831160563,1.0197390030278
-50.8604831160563,1.0197390030278
-50.8199831160562,1.0431216780278
-50.8064831160562,1.0665043530278
-50.7929831160562,1.0898870280278
-50.7794831160562,1.1132697030278
-50.7659831160562,1.1366523780278
-50.7524831160562,1.1600350530278
-50.7389831160562,1.1834177280278
-50.7254831160562,1.2068004030278
-50.7119831160562,1.2301830780278
-50.6984831160562,1.2535657530278
-50.6849831160562,1.2769484280278
-50.6444831160562,1.3003311030278
-51.1709831160563,1.6043058780278
-51.3464831160563,1.3003311030278
-50.8199831160562,0.9963563280278
-50.6579831160562,1.3237137780278
-50.6714831160562,1.3470964530278
-50.6849831160562,1.3704791280278
-50.6984831160562,1.3938618030278
-50.7119831160562,1.4172444780278
-50.7254831160562,1.4406271530278
-50.7389831160562,1.4640098280278
-50.7524831160562,1.4873925030278
-50.7659831160562,1.5107751780278
-50.7794831160562,1.5341578530278
-50.7929831160562,1.5575405280278
-50.9279831160563,1.6043058780278
-50.9549831160563,1.6043058780278
-50.9819831160563,1.6043058780278
-51.0089831160563,1.6043058780278
-51.0359831160563,1.6043058780278
-51.0629831160563,1.6043058780278
-51.1169831160563,1.6043058780278
-51.1439831160563,1.6043058780278
-51.1844831160563,1.5809232030278
-51.1979831160563,1.5575405280278
-51.2114831160563,1.5341578530278
-51.2249831160563,1.5107751780278
-51.2384831160563,1.4873925030278
-51.2519831160563,1.4640098280278
-51.2654831160563,1.4406271530278
-51.2789831160563,1.4172444780278
-51.2924831160563,1.3938618030278
-51.3059831160563,1.3704791280278
-51.3194831160563,1.3470964530278
-51.3329831160563,1.3237137780278
-51.3329831160563,1.2769484280278
-51.3194831160563,1.2535657530278
-51.3059831160563,1.2301830780278
-51.2924831160563,1.2068004030278
-51.2789831160563,1.1834177280278
-51.2654831160563,1.1600350530278
-51.2519831160563,1.1366523780278
-51.2384831160563,1.1132697030278
-51.2249831160563,1.0898870280278
-51.2114831160563,1.0665043530278
-51.1979831160563,1.0431216780278
-51.0359831160563,0.9963563280278
-51.0089831160563,0.9963563280278
-50.9819831160563,0.9963563280278
-50.9549831160563,0.9963563280278
-50.9279831160563,0.9963563280278
-50.9009831160563,0.9963563280278
-50.8739831160563,0.9963563280278
-50.8469831160563,0.9963563280278
-50.8064831160562,1.0197390030278
-50.7929831160562,1.0431216780278
-50.7794831160562,1.0665043530278
-50.7659831160562,1.0898870280278
-50.7524831160562,1.1132697030278
-50.7389831160562,1.1366523780278
-50.7254831160562,1.1600350530278
-50.7119831160562,1.1834177280278
-50.6984831160562,1.2068004030278
-50.6849831160562,1.2301830780278
-50.6714831160562,1.2535657530278
-50.6579831160562,1.2769484280278
-50.6174831160562,1.3003311030278
-51.1844831160563,1.6276885530278
-51.3734831160563,1.3003311030278
-50.6309831160562,1.3237137780278
-50.6444831160562,1.3470964530278
-50.6579831160562,1.3704791280278
-50.6714831160562,1.3938618030278
-50.6849831160562,1.4172444780278
-50.6984831160562,1.4406271530278
-50.7119831160562,1.4640098280278
-50.7254831160562,1.4873925030278
-50.7389831160562,1.5107751780278
-50.7524831160562,1.5341578530278
-50.9684831160563,1.6276885530278
-50.9954831160563,1.6276885530278
-51.0224831160563,1.6276885530278
-51.1574831160563,1.6276885530278
-51.1979831160563,1.6043058780278
-51.2114831160563,1.5809232030278
-51.2249831160563,1.5575405280278
-51.2384831160563,1.5341578530278
-51.2519831160563,1.5107751780278
-51.2654831160563,1.4873925030278
-51.2789831160563,1.4640098280278
-51.2924831160563,1.4406271530278
-51.3059831160563,1.4172444780278
-51.3194831160563,1.3938618030278
-51.3329831160563,1.3704791280278
-51.3464831160563,1.3470964530278
-51.3599831160563,1.3237137780278
-51.3599831160563,1.2769484280278
-51.3464831160563,1.2535657530278
-51.3329831160563,1.2301830780278
-51.3194831160563,1.2068004030278
-51.3059831160563,1.1834177280278
-51.2924831160563,1.1600350530278
-51.2789831160563,1.1366523780278
-51.2654831160563,1.1132697030278
-51.2519831160563,1.0898870280278
-51.2384831160563,1.0665043530278
-51.2249831160563,1.0431216780278
-51.2114831160563,1.0197390030278
-51.0224831160563,0.9729736530278
-50.9954831160563,0.9729736530278
-50.8604831160563,0.9729736530278
-50.8334831160563,0.9729736530278
-50.7659831160562,1.0431216780278
-50.7524831160562,1.0665043530278
-50.7389831160562,1.0898870280278
-50.7254831160562,1.1132697030278
-50.7119831160562,1.1366523780278
-50.6984831160562,1.1600350530278
-50.6849831160562,1.1834177280278
-50.6714831160562,1.2068004030278
-50.6579831160562,1.2301830780278
-50.6444831160562,1.2535657530278
-50.6309831160562,1.2769484280278
-50.5904831160562,1.3003311030278
-51.1979831160563,1.6510712280278
-50.6039831160562,1.3237137780278
-50.6174831160562,1.3470964530278
-50.6309831160562,1.3704791280278
-50.6444831160562,1.3938618030278
-50.6579831160562,1.4172444780278
-50.6714831160562,1.4406271530278
-50.6849831160562,1.4640098280278
-50.6984831160562,1.4873925030278
-50.7119831160562,1.5107751780278
-50.7254831160562,1.5341578530278
-51.0359831160563,1.6510712280278
-51.2114831160563,1.6276885530278
-51.2249831160563,1.6043058780278
-51.2384831160563,1.5809232030278
-51.2519831160563,1.5575405280278
-51.2654831160563,1.5341578530278
-51.2789831160563,1.5107751780278
-51.2924831160563,1.4873925030278
-51.3059831160563,1.4640098280278
-51.3194831160563,1.4406271530278
-51.3329831160563,1.4172444780278
-51.3464831160563,1.3938618030278
-51.3599831160563,1.3704791280278
-51.3734831160563,1.3470964530278
-51.3869831160563,1.3237137780278
-51.3869831160563,1.2769484280278
-51.3734831160563,1.2535657530278
-51.3599831160563,1.2301830780278
-51.3464831160563,1.2068004030278
-51.3329831160563,1.1834177280278
-51.3194831160563,1.1600350530278
-51.3059831160563,1.1366523780278
-51.2924831160563,1.1132697030278
-51.2789831160563,1.0898870280278
-51.2654831160563,1.0665043530278
-51.2519831160563,1.0431216780278
-51.2384831160563,1.0197390030278
-51.2249831160563,0.9963563280278
-51.0089831160563,0.9495909780278
-50.7389831160562,1.0431216780278
-50.7254831160562,1.0665043530278
-50.7119831160562,1.0898870280278
-50.6984831160562,1.1132697030278
-50.6849831160562,1.1366523780278
-50.6714831160562,1.1600350530278
-50.6579831160562,1.1834177280278
-50.6444831160562,1.2068004030278
-50.6309831160562,1.2301830780278
-50.6174831160562,1.2535657530278
-50.6039831160562,1.2769484280278
-50.5634831160562,1.3003311030278
-50.5769831160562,1.3237137780278
-50.5904831160562,1.3470964530278
-50.6039831160562,1.3704791280278
-50.6174831160562,1.3938618030278
-50.6309831160562,1.4172444780278
-50.6444831160562,1.4406271530278
-50.6579831160562,1.4640098280278
-50.6714831160562,1.4873925030278
-50.6849831160562,1.5107751780278
-51.2249831160563,1.6510712280278
-51.2384831160563,1.6276885530278
-51.2519831160563,1.6043058780278
-51.2654831160563,1.5809232030278
-51.2789831160563,1.5575405280278
-51.2924831160563,1.5341578530278
-51.3059831160563,1.5107751780278
-51.3194831160563,1.4873925030278
-51.3329831160563,1.4640098280278
-51.3464831160563,1.4406271530278
-51.3599831160563,1.4172444780278
-51.3734831160563,1.3938618030278
-51.3869831160563,1.3704791280278
-51.4004831160563,1.2535657530278
-51.3869831160563,1.2301830780278
-51.3734831160563,1.2068004030278
-51.3599831160563,1.1834177280278
-51.3464831160563,1.1600350530278
-51.3329831160563,1.1366523780278
-51.3194831160563,1.1132697030278
-51.3059831160563,1.0898870280278
-51.2924831160563,1.0665043530278
-51.2789831160563,1.0431216780278
-51.2654831160563,1.0197390030278
-51.2519831160563,0.9963563280278
-51.2384831160563,0.9729736530278
-50.6984831160562,1.0665043530278
-50.6849831160562,1.0898870280278
-50.6714831160562,1.1132697030278
-50.6579831160562,1.1366523780278
-50.6444831160562,1.1600350530278
-50.6309831160562,1.1834177280278
-50.6174831160562,1.2068004030278
-50.6039831160562,1.2301830780278
-50.5904831160562,1.2535657530278
-50.5769831160562,1.2769484280278
-50.5364831160562,1.3003311030278
-50.5499831160562,1.3237137780278
-50.5634831160562,1.3470964530278
-50.5769831160562,1.3704791280278
-50.5904831160562,1.3938618030278
-50.6039831160562,1.4172444780278
-50.6174831160562,1.4406271530278
-50.6309831160562,1.4640098280278
-50.6444831160562,1.4873925030278
-50.6579831160562,1.5107751780278
-51.2384831160563,1.6744539030278
-51.2519831160563,1.6510712280278
-51.2654831160563,1.6276885530278
-51.2789831160563,1.6043058780278
-51.2924831160563,1.5809232030278
-51.3059831160563,1.5575405280278
-51.3194831160563,1.5341578530278
-51.3329831160563,1.5107751780278
-51.3464831160563,1.4873925030278
-51.3599831160563,1.4640098280278
-51.3734831160563,1.4406271530278
-51.4274831160563,1.2535657530278
-51.4139831160563,1.2301830780278
-51.4004831160563,1.2068004030278
-51.3869831160563,1.1834177280278
-51.3734831160563,1.1600350530278
-51.3599831160563,1.1366523780278
-51.3464831160563,1.1132697030278
-51.3329831160563,1.0898870280278
-51.3194831160563,1.0665043530278
-51.3059831160563,1.0431216780278
-51.2924831160563,1.0197390030278
-51.2789831160563,0.9963563280278
-50.6714831160562,1.0665043530278
-50.6579831160562,1.0898870280278
-50.6444831160562,1.1132697030278
-50.6309831160562,1.1366523780278
-50.6174831160562,1.1600350530278
-50.6039831160562,1.1834177280278
-50.5904831160562,1.2068004030278
-50.5769831160562,1.2301830780278
-50.5634831160562,1.2535657530278
-50.5499831160562,1.2769484280278
-50.5094831160562,1.3003311030278
-50.5229831160562,1.3237137780278
-50.5364831160562,1.3470964530278
-50.5499831160562,1.3704791280278
-50.5634831160562,1.3938618030278
-50.5769831160562,1.4172444780278
-50.5904831160562,1.4406271530278
-50.6039831160562,1.4640098280278
-50.6174831160562,1.4873925030278
-51.2654831160563,1.6744539030278
-51.2789831160563,1.6510712280278
-51.2924831160563,1.6276885530278
-51.3059831160563,1.6043058780278
-51.3194831160563,1.5809232030278
-51.3329831160563,1.5575405280278
-51.3464831160563,1.5341578530278
-51.3599831160563,1.5107751780278
-51.3734831160563,1.4873925030278
-51.3869831160563,1.4640098280278
-51.4409831160563,1.2301830780278
-51.4274831160563,1.2068004030278
-51.4139831160563,1.1834177280278
-51.4004831160563,1.1600350530278
-51.3869831160563,1.1366523780278
-51.3734831160563,1.1132697030278
-51.3599831160563,1.0898870280278
-51.3464831160563,1.0665043530278
-51.3329831160563,1.0431216780278
-51.3194831160563,1.0197390030278
-51.3059831160563,0.9963563280278
-50.6579831160562,1.0431216780278
-50.6444831160562,1.0665043530278
-50.6309831160562,1.0898870280278
-50.6174831160562,1.1132697030278
-50.6039831160562,1.1366523780278
-50.5904831160562,1.1600350530278
-50.5769831160562,1.1834177280278
-50.5634831160562,1.2068004030278
-50.5499831160562,1.2301830780278
-50.5364831160562,1.2535657530278
-50.5229831160562,1.2769484280278
-50.4824831160562,1.3003311030278
-50.4959831160562,1.3237137780278
-50.5094831160562,1.3470964530278
-50.5229831160562,1.3704791280278
-50.5364831160562,1.3938618030278
-50.5499831160562,1.4172444780278
-50.5634831160562,1.4406271530278
-50.5769831160562,1.4640098280278
-51.2924831160563,1.6744539030278
-51.3059831160563,1.6510712280278
-51.3194831160563,1.6276885530278
-51.3329831160563,1.6043058780278
-51.3464831160563,1.5809232030278
-51.3599831160563,1.5575405280278
-51.3734831160563,1.5341578530278
-51.3869831160563,1.5107751780278
-51.4004831160563,1.4873925030278
-51.4409831160563,1.1834177280278
-51.4274831160563,1.1600350530278
-51.4139831160563,1.1366523780278
-51.4004831160563,1.1132697030278
-51.3869831160563,1.0898870280278
-51.3734831160563,1.0665043530278
-51.3599831160563,1.0431216780278
-51.3464831160563,1.0197390030278
-51.3329831160563,0.9963563280278
-50.6309831160562,1.0431216780278
-50.5904831160562,1.1132697030278
-50.5769831160562,1.1366523780278
-50.5634831160562,1.1600350530278
-50.5499831160562,1.1834177280278
-50.5364831160562,1.2068004030278
-50.5229831160562,1.2301830780278
-50.5094831160562,1.2535657530278
-50.4959831160562,1.2769484280278
-51.3194831160563,1.6744539030278
-51.3329831160563,1.6510712280278
-51.3464831160563,1.6276885530278
-51.3599831160563,1.6043058780278
-51.3734831160563,1.5809232030278
-51.3869831160563,1.5575405280278
-51.4004831160563,1.5341578530278
-51.4139831160563,1.5107751780278
-51.4409831160563,1.1366523780278
-51.4274831160563,1.1132697030278
-51.4139831160563,1.0898870280278
-51.4004831160563,1.0665043530278
-51.3869831160563,1.0431216780278
-51.3734831160563,1.0197390030278
-51.3599831160563,0.9963563280278
-50.5769831160562,1.0898870280278
-50.5634831160562,1.1132697030278
-50.5499831160562,1.1366523780278
-50.5364831160562,1.1600350530278
-50.5229831160562,1.1834177280278
-50.5094831160562,1.2068004030278
-50.4959831160562,1.2301830780278
-50.4824831160562,1.2535657530278
-50.4689831160562,1.2769484280278
-51.3464831160563,1.6744539030278
-51.3599831160563,1.6510712280278
-51.3734831160563,1.6276885530278
-51.3869831160563,1.6043058780278
-51.4004831160563,1.5809232030278
-51.4139831160563,1.5575405280278
-51.4274831160563,1.5341578530278
-51.4409831160563,1.0898870280278
-51.4274831160563,1.0665043530278
-51.4004831160563,1.0197390030278
-51.3869831160563,0.9963563280278
-51.3734831160563,0.9729736530278
-50.5499831160562,1.0898870280278
-50.5364831160562,1.1132697030278
-50.5229831160562,1.1366523780278
-50.5094831160562,1.1600350530278
-50.4959831160562,1.1834177280278
-50.4824831160562,1.2068004030278
-50.4689831160562,1.2301830780278
-50.4554831160562,1.2535657530278
-51.3734831160563,1.6744539030278
-51.3869831160563,1.6510712280278
-51.4004831160563,1.6276885530278
-51.4139831160563,1.6043058780278
-51.4274831160563,1.5809232030278
-51.4679831160563,1.0898870280278
-51.4544831160563,1.0665043530278
-51.4139831160563,0.9963563280278
-51.3869831160563,0.9495909780278
-51.3734831160563,0.9262083030278
-50.5364831160562,1.0665043530278
-50.5229831160562,1.0898870280278
-50.5094831160562,1.1132697030278
-50.4959831160562,1.1366523780278
-50.4824831160562,1.1600350530278
-50.4689831160562,1.1834177280278
-50.4554831160562,1.2068004030278
-50.4419831160562,1.2301830780278
-51.4139831160563,1.6510712280278
-51.4274831160563,1.6276885530278
-51.4409831160563,1.6043058780278
-50.5094831160562,1.0665043530278
-50.4959831160562,1.0898870280278
-50.4824831160562,1.1132697030278
-50.4689831160562,1.1366523780278
-50.4419831160562,1.1834177280278
-50.4284831160562,1.2068004030278
-50.4689831160562,1.0898870280278
