-52.5195503263580,1.1538266469135
-52.4925503263580,1.1538266469135
-52.5060503263580,1.1772093219135
-52.5330503263580,1.1772093219135
-52.5465503263580,1.1538266469135
-52.5330503263580,1.1304439719135
-52.5060503263580,1.1304439719135
-52.4655503263580,1.1538266469135
-52.4925503263580,1.2005919969135
-52.5465503263580,1.2005919969135
-52.5735503263580,1.1538266469135
-52.5465503263580,1.1070612969135
-52.4925503263580,1.1070612969135
-52.4790503263580,1.1772093219135
-52.5195503263580,1.2005919969135
-52.5600503263580,1.1772093219135
-52.5600503263580,1.1304439719135
-52.5195503263580,1.1070612969135
-52.4790503263580,1.1304439719135
-52.4385503263580,1.1538266469135
-52.4790503263580,1.2239746719135
-52.5600503263580,1.2239746719135
-52.6005503263580,1.1538266469135
-52.5600503263580,1.0836786219135
-52.4790503263580,1.0836786219135
-52.4520503263580,1.1772093219135
-52.4655503263580,1.2005919969135
-52.5060503263580,1.2239746719135
-52.5330503263580,1.2239746719135
-52.5735503263580,1.2005919969135
-52.5870503263580,1.1772093219135
-52.5870503263580,1.1304439719135
-52.5735503263580,1.1070612969135
-52.5330503263580,1.0836786219135
-52.5060503263580,1.0836786219135
-52.4655503263580,1.1070612969135
-52.4520503263580,1.1304439719135
-52.4115503263580,1.1538266469135
-52.4655503263580,1.2473573469135
-52.5735503263580,1.2473573469135
-52.6275503263580,1.1538266469135
-52.5735503263580,1.0602959469135
-52.4655503263580,1.0602959469135
-52.4250503263580,1.1772093219135
-52.4385503263580,1.2005919969135
-52.4520503263580,1.2239746719135
-52.4925503263580,1.2473573469135
-52.5195503263580,1.2473573469135
-52.5465503263580,1.2473573469135
-52.5870503263580,1.2239746719135
-52.6005503263580,1.2005919969135
-52.6140503263580,1.1772093219135
-52.6140503263580,1.1304439719135
-52.6005503263580,1.1070612969135
-52.5870503263580,1.0836786219135
-52.5465503263580,1.0602959469135
-52.5195503263580,1.0602959469135
-52.4925503263580,1.0602959469135
-52.4520503263580,1.0836786219135
-52.4385503263580,1.1070612969135
-52.4250503263580,1.1304439719135
-52.3845503263580,1.1538266469135
-52.5870503263580,1.2707400219135
-52.6545503263580,1.1538266469135
-52.5870503263580,1.0369132719135
-52.4520503263580,1.0369132719135
-52.3980503263580,1.1772093219135
-52.4115503263580,1.2005919969135
-52.4250503263580,1.2239746719135
-52.4385503263580,1.2473573469135
-52.4790503263580,1.2707400219135
-52.5060503263580,1.2707400219135
-52.5330503263580,1.2707400219135
-52.5600503263580,1.2707400219135
-52.6005503263580,1.2473573469135
-52.6140503263580,1.2239746719135
-52.6275503263580,1.2005919969135
-52.6410503263580,1.1772093219135
-52.6410503263580,1.1304439719135
-52.6275503263580,1.1070612969135
-52.6140503263580,1.0836786219135
-52.6005503263580,1.0602959469135
-52.5600503263580,1.0369132719135
-52.5330503263580,1.0369132719135
-52.5060503263580,1.0369132719135
-52.4790503263580,1.0369132719135
-52.4385503263580,1.0602959469135
-52.4250503263580,1.0836786219135
-52.4115503263580,1.1070612969135
-52.3980503263580,1.1304439719135
-52.6005503263580,1.2941226969135
-52.6815503263580,1.1538266469135
-52.6005503263580,1.0135305969135
-52.4385503263580,1.0135305969135
-52.3710503263580,1.1772093219135
-52.3845503263580,1.2005919969135
-52.3980503263580,1.2239746719135
-52.4925503263580,1.2941226969135
-52.5195503263580,1.2941226969135
-52.5465503263580,1.2941226969135
-52.5735503263580,1.2941226969135
-52.6140503263580,1.2707400219135
-52.6275503263580,1.2473573469135
-52.6410503263580,1.2239746719135
-52.6545503263580,1.2005919969135
-52.6680503263580,1.1772093219135
-52.6680503263580,1.1304439719135
-52.6545503263580,1.1070612969135
-52.6410503263580,1.0836786219135
-52.6275503263580,1.0602959469135
-52.6140503263580,1.0369132719135
-52.5735503263580,1.0135305969135
-52.5465503263580,1.0135305969135
-52.5195503263580,1.0135305969135
-52.4925503263580,1.0135305969135
-52.4655503263580,1.0135305969135
-52.4250503263580,1.0369132719135
-52.4115503263580,1.0602959469135
-52.3980503263580,1.0836786219135
-52.3845503263580,1.1070612969135
-52.3710503263580,1.1304439719135
-52.6140503263580,1.3175053719135
-52.7085503263580,1.1538266469135
-52.6140503263580,0.9901479219135
-52.4250503263580,0.9901479219135
-52.4790503263580,1.3175053719135
-52.5060503263580,1.3175053719135
-52.5330503263580,1.3175053719135
-52.5600503263580,1.3175053719135
-52.5870503263580,1.3175053719135
-52.6275503263580,1.2941226969135
-52.6410503263580,1.2707400219135
-52.6545503263580,1.2473573469135
-52.6680503263580,1.2239746719135
-52.6815503263580,1.2005919969135
-52.6950503263580,1.1772093219135
-52.6950503263580,1.1304439719135
-52.6815503263580,1.1070612969135
-52.6680503263580,1.0836786219135
-52.6545503263580,1.0602959469135
-52.6410503263580,1.0369132719135
-52.6275503263580,1.0135305969135
-52.5870503263580,0.9901479219135
-52.5600503263580,0.9901479219135
-52.5330503263580,0.9901479219135
-52.5060503263580,0.9901479219135
-52.4790503263580,0.9901479219135
-52.4520503263580,0.9901479219135
-52.4115503263580,1.0135305969135
-52.3980503263580,1.0369132719135
-52.3845503263580,1.0602959469135
-52.3710503263580,1.0836786219135
-52.3575503263580,1.1070612969135
-52.3440503263580,1.1304439719135
-52.6275503263580,1.3408880469135
-52.7355503263580,1.1538266469135
-52.6275503263580,0.9667652469135
-52.4115503263580,0.9667652469135
-52.4655503263580,1.3408880469135
-52.4925503263580,1.3408880469135
-52.5195503263580,1.3408880469135
-52.5465503263580,1.3408880469135
-52.5735503263580,1.3408880469135
-52.6005503263580,1.3408880469135
-52.6410503263580,1.3175053719135
-52.6545503263580,1.2941226969135
-52.6680503263580,1.2707400219135
-52.6815503263580,1.2473573469135
-52.6950503263580,1.2239746719135
-52.7085503263580,1.2005919969135
-52.7220503263580,1.1772093219135
-52.7220503263580,1.1304439719135
-52.7085503263580,1.1070612969135
-52.6950503263580,1.0836786219135
-52.6815503263580,1.0602959469135
-52.6680503263580,1.0369132719135
-52.6545503263580,1.0135305969135
-52.6410503263580,0.9901479219135
-52.6005503263580,0.9667652469135
-52.5735503263580,0.9667652469135
-52.5465503263580,0.9667652469135
-52.5195503263580,0.9667652469135
-52.4925503263580,0.9667652469135
-52.4655503263580,0.9667652469135
-52.4385503263580,0.9667652469135
-52.3980503263580,0.9901479219135
-52.3845503263580,1.0135305969135
-52.3710503263580,1.0369132719135
-52.3575503263580,1.0602959469135
-52.3440503263580,1.0836786219135
-52.3305503263580,1.1070612969135
-52.3170503263580,1.1304439719135
-52.6410503263580,1.3642707219135
-52.7625503263580,1.1538266469135
-52.6410503263580,0.9433825719135
-52.3980503263580,0.9433825719135
-52.4790503263580,1.3642707219135
-52.5060503263580,1.3642707219135
-52.5330503263580,1.3642707219135
-52.5600503263580,1.3642707219135
-52.5870503263580,1.3642707219135
-52.6140503263580,1.3642707219135
-52.6545503263580,1.3408880469135
-52.6680503263580,1.3175053719135
-52.6815503263580,1.2941226969135
-52.6950503263580,1.2707400219135
-52.7085503263580,1.2473573469135
-52.7220503263580,1.2239746719135
-52.7355503263580,1.2005919969135
-52.7490503263580,1.1772093219135
-52.7490503263580,1.1304439719135
-52.7355503263580,1.1070612969135
-52.7220503263580,1.0836786219135
-52.7085503263580,1.0602959469135
-52.6950503263580,1.0369132719135
-52.6815503263580,1.0135305969135
-52.6680503263580,0.9901479219135
-52.6545503263580,0.9667652469135
-52.6140503263580,0.9433825719135
-52.5870503263580,0.9433825719135
-52.5600503263580,0.9433825719135
-52.5330503263580,0.9433825719135
-52.5060503263580,0.9433825719135
-52.4790503263580,0.9433825719135
-52.4520503263580,0.9433825719135
-52.4250503263580,0.9433825719135
-52.3845503263580,0.9667652469135
-52.3710503263580,0.9901479219135
-52.3575503263580,1.0135305969135
-52.3440503263580,1.0369132719135
-52.3305503263580,1.0602959469135
-52.3170503263580,1.0836786219135
-52.3035503263580,1.1070612969135
-52.6545503263580,1.3876533969135
-52.7895503263580,1.1538266469135
-52.6545503263580,0.9199998969135
-52.3845503263580,0.9199998969135
-52.4655503263580,1.3876533969135
-52.4925503263580,1.3876533969135
-52.5195503263580,1.3876533969135
-52.5465503263580,1.3876533969135
-52.5735503263580,1.3876533969135
-52.6005503263580,1.3876533969135
-52.6275503263580,1.3876533969135
-52.6680503263580,1.3642707219135
-52.6815503263580,1.3408880469135
-52.6950503263580,1.3175053719135
-52.7085503263580,1.2941226969135
-52.7220503263580,1.2707400219135
-52.7355503263580,1.2473573469135
-52.7490503263580,1.2239746719135
-52.7625503263580,1.2005919969135
-52.7760503263580,1.1772093219135
-52.7760503263580,1.1304439719135
-52.7625503263580,1.1070612969135
-52.7490503263580,1.0836786219135
-52.7355503263580,1.0602959469135
-52.7220503263580,1.0369132719135
-52.7085503263580,1.0135305969135
-52.6950503263580,0.9901479219135
-52.6815503263580,0.9667652469135
-52.6680503263580,0.9433825719135
-52.6275503263580,0.9199998969135
-52.6005503263580,0.9199998969135
-52.5735503263580,0.9199998969135
-52.5465503263580,0.9199998969135
-52.5195503263580,0.9199998969135
-52.4925503263580,0.9199998969135
-52.4655503263580,0.9199998969135
-52.4385503263580,0.9199998969135
-52.4115503263580,0.9199998969135
-52.3710503263580,0.9433825719135
-52.3575503263580,0.9667652469135
-52.3440503263580,0.9901479219135
-52.3305503263580,1.0135305969135
-52.3170503263580,1.0369132719135
-52.3035503263580,1.0602959469135
-52.2900503263580,1.0836786219135
-52.6680503263580,1.4110360719135
-52.8165503263580,1.1538266469135
-52.6680503263580,0.8966172219135
-52.3710503263580,0.8966172219135
-52.4790503263580,1.4110360719135
-52.5060503263580,1.4110360719135
-52.5330503263580,1.4110360719135
-52.5600503263580,1.4110360719135
-52.5870503263580,1.4110360719135
-52.6140503263580,1.4110360719135
-52.6410503263580,1.4110360719135
-52.6815503263580,1.3876533969135
-52.6950503263580,1.3642707219135
-52.7085503263580,1.3408880469135
-52.7220503263580,1.3175053719135
-52.7355503263580,1.2941226969135
-52.7490503263580,1.2707400219135
-52.7625503263580,1.2473573469135
-52.7760503263580,1.2239746719135
-52.7895503263580,1.2005919969135
-52.8030503263580,1.1772093219135
-52.8030503263580,1.1304439719135
-52.7895503263580,1.1070612969135
-52.7760503263580,1.0836786219135
-52.7625503263580,1.0602959469135
-52.7490503263580,1.0369132719135
-52.7355503263580,1.0135305969135
-52.7220503263580,0.9901479219135
-52.7085503263580,0.9667652469135
-52.6950503263580,0.9433825719135
-52.6815503263580,0.9199998969135
-52.6410503263580,0.8966172219135
-52.6140503263580,0.8966172219135
-52.5870503263580,0.8966172219135
-52.5600503263580,0.8966172219135
-52.5330503263580,0.8966172219135
-52.5060503263580,0.8966172219135
-52.4790503263580,0.8966172219135
-52.4520503263580,0.8966172219135
-52.4250503263580,0.8966172219135
-52.3980503263580,0.8966172219135
-52.3575503263580,0.9199998969135
-52.3440503263580,0.9433825719135
-52.3305503263580,0.9667652469135
-52.3170503263580,0.9901479219135
-52.3035503263580,1.0135305969135
-52.2900503263580,1.0369132719135
-52.2765503263580,1.0602959469135
-52.6815503263580,1.4344187469135
-52.8435503263580,1.1538266469135
-52.6815503263580,0.8732345469135
-52.3575503263580,0.8732345469135
-52.4655503263580,1.4344187469135
-52.4925503263580,1.4344187469135
-52.5195503263580,1.4344187469135
-52.5465503263580,1.4344187469135
-52.5735503263580,1.4344187469135
-52.6005503263580,1.4344187469135
-52.6275503263580,1.4344187469135
-52.6545503263580,1.4344187469135
-52.6950503263580,1.4110360719135
-52.7085503263580,1.3876533969135
-52.7220503263580,1.3642707219135
-52.7355503263580,1.3408880469135
-52.7490503263580,1.3175053719135
-52.7625503263580,1.2941226969135
-52.7760503263580,1.2707400219135
-52.7895503263580,1.2473573469135
-52.8030503263580,1.2239746719135
-52.8165503263580,1.2005919969135
-52.8300503263580,1.1772093219135
-52.8300503263580,1.1304439719135
-52.8165503263580,1.1070612969135
-52.8030503263580,1.0836786219135
-52.7895503263580,1.0602959469135
-52.7760503263580,1.0369132719135
-52.7625503263580,1.0135305969135
-52.7490503263580,0.9901479219135
-52.7355503263580,0.9667652469135
-52.7220503263580,0.9433825719135
-52.7085503263580,0.9199998969135
-52.6950503263580,0.8966172219135
-52.6545503263580,0.8732345469135
-52.6275503263580,0.8732345469135
-52.6005503263580,0.8732345469135
-52.5735503263580,0.8732345469135
-52.5465503263580,0.8732345469135
-52.5195503263580,0.8732345469135
-52.4925503263580,0.8732345469135
-52.4655503263580,0.8732345469135
-52.4385503263580,0.8732345469135
-52.4115503263580,0.8732345469135
-52.3845503263580,0.8732345469135
-52.3440503263580,0.8966172219135
-52.3305503263580,0.9199998969135
-52.3170503263580,0.9433825719135
-52.3035503263580,0.9667652469135
-52.2900503263580,0.9901479219135
-52.2765503263580,1.0135305969135
-52.2630503263580,1.0369132719135
-52.2495503263580,1.0602959469135
-52.6950503263580,1.4578014219135
-52.8705503263580,1.1538266469135
-52.6950503263580,0.8498518719135
-52.3440503263580,0.8498518719135
-52.4790503263580,1.4578014219135
-52.5060503263580,1.4578014219135
-52.5330503263580,1.4578014219135
-52.5600503263580,1.4578014219135
-52.5870503263580,1.4578014219135
-52.6140503263580,1.4578014219135
-52.6410503263580,1.4578014219135
-52.6680503263580,1.4578014219135
-52.7085503263580,1.4344187469135
-52.7220503263580,1.4110360719135
-52.7355503263580,1.3876533969135
-52.7490503263580,1.3642707219135
-52.7625503263580,1.3408880469135
-52.7760503263580,1.3175053719135
-52.7895503263580,1.2941226969135
-52.8030503263580,1.2707400219135
-52.8165503263580,1.2473573469135
-52.8300503263580,1.2239746719135
-52.8435503263580,1.2005919969135
-52.8570503263580,1.1772093219135
-52.8570503263580,1.1304439719135
-52.8435503263580,1.1070612969135
-52.8300503263580,1.0836786219135
-52.8165503263580,1.0602959469135
-52.8030503263580,1.0369132719135
-52.7895503263580,1.0135305969135
-52.7760503263580,0.9901479219135
-52.7625503263580,0.9667652469135
-52.7490503263580,0.9433825719135
-52.7355503263580,0.9199998969135
-52.7220503263580,0.8966172219135
-52.7085503263580,0.8732345469135
-52.6680503263580,0.8498518719135
-52.6410503263580,0.8498518719135
-52.6140503263580,0.8498518719135
-52.5870503263580,0.8498518719135
-52.5600503263580,0.8498518719135
-52.5330503263580,0.8498518719135
-52.5060503263580,0.8498518719135
-52.4790503263580,0.8498518719135
-52.4520503263580,0.8498518719135
-52.4250503263580,0.8498518719135
-52.3980503263580,0.8498518719135
-52.3710503263580,0.8498518719135
-52.3305503263580,0.8732345469135
-52.3170503263580,0.8966172219135
-52.3035503263580,0.9199998969135
-52.2900503263580,0.9433825719135
-52.2765503263580,0.9667652469135
-52.2630503263580,0.9901479219135
-52.2495503263580,1.0135305969135
-52.2360503263580,1.0369132719135
-52.2225503263580,1.0602959469135
-52.7085503263580,1.4811840969135
-52.8975503263581,1.1538266469135
-52.3305503263580,0.8264691969135
-52.4925503263580,1.4811840969135
-52.5195503263580,1.4811840969135
-52.5465503263580,1.4811840969135
-52.5735503263580,1.4811840969135
-52.6005503263580,1.4811840969135
-52.6275503263580,1.4811840969135
-52.6545503263580,1.4811840969135
-52.6815503263580,1.4811840969135
-52.7220503263580,1.4578014219135
-52.7355503263580,1.4344187469135
-52.7490503263580,1.4110360719135
-52.7625503263580,1.3876533969135
-52.7760503263580,1.3642707219135
-52.7895503263580,1.3408880469135
-52.8030503263580,1.3175053719135
-52.8165503263580,1.2941226969135
-52.8300503263580,1.2707400219135
-52.8435503263580,1.2473573469135
-52.8570503263580,1.2239746719135
-52.8705503263580,1.2005919969135
-52.8840503263581,1.1772093219135
-52.8840503263581,1.1304439719135
-52.8705503263580,1.1070612969135
-52.8570503263580,1.0836786219135
-52.8435503263580,1.0602959469135
-52.8300503263580,1.0369132719135
-52.8165503263580,1.0135305969135
-52.8030503263580,0.9901479219135
-52.7895503263580,0.9667652469135
-52.7760503263580,0.9433825719135
-52.7625503263580,0.9199998969135
-52.7490503263580,0.8966172219135
-52.7355503263580,0.8732345469135
-52.7220503263580,0.8498518719135
-52.6545503263580,0.8264691969135
-52.6275503263580,0.8264691969135
-52.6005503263580,0.8264691969135
-52.5735503263580,0.8264691969135
-52.5465503263580,0.8264691969135
-52.5195503263580,0.8264691969135
-52.4925503263580,0.8264691969135
-52.4655503263580,0.8264691969135
-52.4385503263580,0.8264691969135
-52.4115503263580,0.8264691969135
-52.3845503263580,0.8264691969135
-52.3575503263580,0.8264691969135
-52.3170503263580,0.8498518719135
-52.3035503263580,0.8732345469135
-52.2900503263580,0.8966172219135
-52.2765503263580,0.9199998969135
-52.2630503263580,0.9433825719135
-52.2495503263580,0.9667652469135
-52.2360503263580,0.9901479219135
-52.2225503263580,1.0135305969135
-52.2090503263580,1.0369132719135
-52.7220503263580,1.5045667719135
-52.9245503263581,1.1538266469135
-52.3170503263580,0.8030865219135
-52.5060503263580,1.5045667719135
-52.5330503263580,1.5045667719135
-52.5600503263580,1.5045667719135
-52.5870503263580,1.5045667719135
-52.6140503263580,1.5045667719135
-52.6410503263580,1.5045667719135
-52.6680503263580,1.5045667719135
-52.6950503263580,1.5045667719135
-52.7355503263580,1.4811840969135
-52.7490503263580,1.4578014219135
-52.7625503263580,1.4344187469135
-52.7760503263580,1.4110360719135
-52.7895503263580,1.3876533969135
-52.8030503263580,1.3642707219135
-52.8165503263580,1.3408880469135
-52.8300503263580,1.3175053719135
-52.8435503263580,1.2941226969135
-52.8570503263580,1.2707400219135
-52.8705503263580,1.2473573469135
-52.8840503263581,1.2239746719135
-52.8975503263581,1.2005919969135
-52.9110503263581,1.1772093219135
-52.9110503263581,1.1304439719135
-52.8975503263581,1.1070612969135
-52.8840503263581,1.0836786219135
-52.8705503263580,1.0602959469135
-52.8570503263580,1.0369132719135
-52.8435503263580,1.0135305969135
-52.8300503263580,0.9901479219135
-52.8165503263580,0.9667652469135
-52.8030503263580,0.9433825719135
-52.7895503263580,0.9199998969135
-52.7760503263580,0.8966172219135
-52.7625503263580,0.8732345469135
-52.7490503263580,0.8498518719135
-52.7355503263580,0.8264691969135
-52.6410503263580,0.8030865219135
-52.6140503263580,0.8030865219135
-52.5870503263580,0.8030865219135
-52.5600503263580,0.8030865219135
-52.5330503263580,0.8030865219135
-52.5060503263580,0.8030865219135
-52.4790503263580,0.8030865219135
-52.4520503263580,0.8030865219135
-52.4250503263580,0.8030865219135
-52.3980503263580,0.8030865219135
-52.3710503263580,0.8030865219135
-52.3440503263580,0.8030865219135
-52.3035503263580,0.8264691969135
-52.2900503263580,0.8498518719135
-52.2765503263580,0.8732345469135
-52.2630503263580,0.8966172219135
-52.2495503263580,0.9199998969135
-52.2360503263580,0.9433825719135
-52.2225503263580,0.9667652469135
-52.2090503263580,0.9901479219135
-52.1955503263580,1.0135305969135
-52.7355503263580,1.5279494469135
-52.9515503263581,1.1538266469135
-52.3035503263580,0.7797038469135
-52.5195503263580,1.5279494469135
-52.5465503263580,1.5279494469135
-52.5735503263580,1.5279494469135
-52.6005503263580,1.5279494469135
-52.6275503263580,1.5279494469135
-52.6545503263580,1.5279494469135
-52.6815503263580,1.5279494469135
-52.7085503263580,1.5279494469135
-52.7490503263580,1.5045667719135
-52.7625503263580,1.4811840969135
-52.7760503263580,1.4578014219135
-52.7895503263580,1.4344187469135
-52.8030503263580,1.4110360719135
-52.8165503263580,1.3876533969135
-52.8300503263580,1.3642707219135
-52.8435503263580,1.3408880469135
-52.8570503263580,1.3175053719135
-52.8705503263580,1.2941226969135
-52.8840503263581,1.2707400219135
-52.8975503263581,1.2473573469135
-52.9110503263581,1.2239746719135
-52.9245503263581,1.2005919969135
-52.9380503263581,1.1772093219135
-52.9380503263581,1.1304439719135
-52.8705503263580,1.0135305969135
-52.8570503263580,0.9901479219135
-52.8435503263580,0.9667652469135
-52.8165503263580,0.9199998969135
-52.8030503263580,0.8966172219135
-52.6275503263580,0.7797038469135
-52.6005503263580,0.7797038469135
-52.5735503263580,0.7797038469135
-52.5465503263580,0.7797038469135
-52.5195503263580,0.7797038469135
-52.4925503263580,0.7797038469135
-52.4655503263580,0.7797038469135
-52.4385503263580,0.7797038469135
-52.4115503263580,0.7797038469135
-52.3845503263580,0.7797038469135
-52.3575503263580,0.7797038469135
-52.3305503263580,0.7797038469135
-52.2900503263580,0.8030865219135
-52.2765503263580,0.8264691969135
-52.2630503263580,0.8498518719135
-52.2495503263580,0.8732345469135
-52.2360503263580,0.8966172219135
-52.2225503263580,0.9199998969135
-52.2090503263580,0.9433825719135
-52.1955503263580,0.9667652469135
-52.1820503263580,0.9901479219135
-52.1685503263580,1.0135305969135
-52.7490503263580,1.5513321219135
-52.2900503263580,0.7563211719135
-52.5060503263580,1.5513321219135
-52.5330503263580,1.5513321219135
-52.5600503263580,1.5513321219135
-52.5870503263580,1.5513321219135
-52.6140503263580,1.5513321219135
-52.6410503263580,1.5513321219135
-52.6680503263580,1.5513321219135
-52.6950503263580,1.5513321219135
-52.7220503263580,1.5513321219135
-52.7625503263580,1.5279494469135
-52.7760503263580,1.5045667719135
-52.7895503263580,1.4811840969135
-52.8030503263580,1.4578014219135
-52.8165503263580,1.4344187469135
-52.8300503263580,1.4110360719135
-52.8435503263580,1.3876533969135
-52.8570503263580,1.3642707219135
-52.8705503263580,1.3408880469135
-52.8840503263581,1.3175053719135
-52.8975503263581,1.2941226969135
-52.9110503263581,1.2707400219135
-52.9245503263581,1.2473573469135
-52.9380503263581,1.2239746719135
-52.9515503263581,1.2005919969135
-52.9650503263581,1.1772093219135
-52.8300503263580,0.8966172219135
-52.6140503263580,0.7563211719135
-52.5870503263580,0.7563211719135
-52.5600503263580,0.7563211719135
-52.5330503263580,0.7563211719135
-52.5060503263580,0.7563211719135
-52.4790503263580,0.7563211719135
-52.4520503263580,0.7563211719135
-52.4250503263580,0.7563211719135
-52.3980503263580,0.7563211719135
-52.3710503263580,0.7563211719135
-52.3440503263580,0.7563211719135
-52.3170503263580,0.7563211719135
-52.2765503263580,0.7797038469135
-52.2630503263580,0.8030865219135
-52.2495503263580,0.8264691969135
-52.2360503263580,0.8498518719135
-52.2225503263580,0.8732345469135
-52.2090503263580,0.8966172219135
-52.1955503263580,0.9199998969135
-52.1820503263580,0.9433825719135
-52.1685503263580,0.9667652469135
-52.1550503263580,0.9901479219135
-52.7625503263580,1.5747147969135
-52.2765503263580,0.7329384969135
-52.5195503263580,1.5747147969135
-52.5465503263580,1.5747147969135
-52.5735503263580,1.5747147969135
-52.6005503263580,1.5747147969135
-52.6275503263580,1.5747147969135
-52.6545503263580,1.5747147969135
-52.6815503263580,1.5747147969135
-52.7085503263580,1.5747147969135
-52.7355503263580,1.5747147969135
-52.7760503263580,1.5513321219135
-52.7895503263580,1.5279494469135
-52.8030503263580,1.5045667719135
-52.8165503263580,1.4811840969135
-52.8300503263580,1.4578014219135
-52.8435503263580,1.4344187469135
-52.8570503263580,1.4110360719135
-52.8705503263580,1.3876533969135
-52.8840503263581,1.3642707219135
-52.8975503263581,1.3408880469135
-52.9110503263581,1.3175053719135
-52.9245503263581,1.2941226969135
-52.9515503263581,1.2473573469135
-52.9650503263581,1.2239746719135
-52.5465503263580,0.7329384969135
-52.5195503263580,0.7329384969135
-52.4925503263580,0.7329384969135
-52.4655503263580,0.7329384969135
-52.4385503263580,0.7329384969135
-52.4115503263580,0.7329384969135
-52.3845503263580,0.7329384969135
-52.3575503263580,0.7329384969135
-52.3305503263580,0.7329384969135
-52.3035503263580,0.7329384969135
-52.2630503263580,0.7563211719135
-52.2495503263580,0.7797038469135
-52.2360503263580,0.8030865219135
-52.2225503263580,0.8264691969135
-52.2090503263580,0.8498518719135
-52.1955503263580,0.8732345469135
-52.1820503263580,0.8966172219135
-52.1685503263580,0.9199998969135
-52.1550503263580,0.9433825719135
-52.1415503263580,0.9667652469135
-52.1280503263580,0.9901479219135
-52.7760503263580,1.5980974719135
-52.2630503263580,0.7095558219135
-52.5060503263580,1.5980974719135
-52.5330503263580,1.5980974719135
-52.5600503263580,1.5980974719135
-52.5870503263580,1.5980974719135
-52.6140503263580,1.5980974719135
-52.6410503263580,1.5980974719135
-52.6680503263580,1.5980974719135
-52.6950503263580,1.5980974719135
-52.7220503263580,1.5980974719135
-52.7490503263580,1.5980974719135
-52.7895503263580,1.5747147969135
-52.8030503263580,1.5513321219135
-52.8165503263580,1.5279494469135
-52.8300503263580,1.5045667719135
-52.8435503263580,1.4811840969135
-52.8570503263580,1.4578014219135
-52.8705503263580,1.4344187469135
-52.5330503263580,0.7095558219135
-52.5060503263580,0.7095558219135
-52.4790503263580,0.7095558219135
-52.4520503263580,0.7095558219135
-52.4250503263580,0.7095558219135
-52.3980503263580,0.7095558219135
-52.3710503263580,0.7095558219135
-52.3440503263580,0.7095558219135
-52.3170503263580,0.7095558219135
-52.2900503263580,0.7095558219135
-52.2495503263580,0.7329384969135
-52.2360503263580,0.7563211719135
-52.2225503263580,0.7797038469135
-52.2090503263580,0.8030865219135
-52.1955503263580,0.8264691969135
-52.1820503263580,0.8498518719135
-52.1685503263580,0.8732345469135
-52.1550503263580,0.8966172219135
-52.1415503263580,0.9199998969135
-52.1280503263580,0.9433825719135
-52.1145503263580,0.9667652469135
-52.1010503263580,0.9901479219135
-52.7895503263580,1.6214801469135
-52.2495503263580,0.6861731469135
-52.5195503263580,1.6214801469135
-52.5465503263580,1.6214801469135
-52.5735503263580,1.6214801469135
-52.6005503263580,1.6214801469135
-52.6275503263580,1.6214801469135
-52.6545503263580,1.6214801469135
-52.6815503263580,1.6214801469135
-52.7085503263580,1.6214801469135
-52.7355503263580,1.6214801469135
-52.7625503263580,1.6214801469135
-52.8030503263580,1.5980974719135
-52.8165503263580,1.5747147969135
-52.8300503263580,1.5513321219135
-52.8435503263580,1.5279494469135
-52.8570503263580,1.5045667719135
-52.5195503263580,0.6861731469135
-52.4925503263580,0.6861731469135
-52.4655503263580,0.6861731469135
-52.4385503263580,0.6861731469135
-52.4115503263580,0.6861731469135
-52.3845503263580,0.6861731469135
-52.3575503263580,0.6861731469135
-52.3305503263580,0.6861731469135
-52.3035503263580,0.6861731469135
-52.2765503263580,0.6861731469135
-52.2360503263580,0.7095558219135
-52.2225503263580,0.7329384969135
-52.2090503263580,0.7563211719135
-52.1955503263580,0.7797038469135
-52.1820503263580,0.8030865219135
-52.1685503263580,0.8264691969135
-52.1550503263580,0.8498518719135
-52.1415503263580,0.8732345469135
-52.1280503263580,0.8966172219135
-52.1145503263580,0.9199998969135
-52.1010503263580,0.9433825719135
-52.0875503263580,0.9667652469135
-52.0740503263580,0.9901479219135
-52.8030503263580,1.6448628219135
-52.2360503263580,0.6627904719135
-52.5330503263580,1.6448628219135
-52.5600503263580,1.6448628219135
-52.5870503263580,1.6448628219135
-52.6140503263580,1.6448628219135
-52.6410503263580,1.6448628219135
-52.6680503263580,1.6448628219135
-52.6950503263580,1.6448628219135
-52.7220503263580,1.6448628219135
-52.7490503263580,1.6448628219135
-52.7760503263580,1.6448628219135
-52.8165503263580,1.6214801469135
-52.8300503263580,1.5980974719135
-52.8435503263580,1.5747147969135
-52.8570503263580,1.5513321219135
-52.4790503263580,0.6627904719135
-52.4520503263580,0.6627904719135
-52.4250503263580,0.6627904719135
-52.3980503263580,0.6627904719135
-52.3710503263580,0.6627904719135
-52.3440503263580,0.6627904719135
-52.3170503263580,0.6627904719135
-52.2900503263580,0.6627904719135
-52.2630503263580,0.6627904719135
-52.2225503263580,0.6861731469135
-52.2090503263580,0.7095558219135
-52.1955503263580,0.7329384969135
-52.1820503263580,0.7563211719135
-52.1685503263580,0.7797038469135
-52.1550503263580,0.8030865219135
-52.1415503263580,0.8264691969135
-52.1280503263580,0.8498518719135
-52.1145503263580,0.8732345469135
-52.1010503263580,0.8966172219135
-52.0875503263580,0.9199998969135
-52.0740503263580,0.9433825719135
-52.0605503263580,0.9667652469135
-52.0470503263580,0.9901479219135
-52.8165503263580,1.6682454969135
-52.2225503263580,0.6394077969135
-52.5465503263580,1.6682454969135
-52.5735503263580,1.6682454969135
-52.6005503263580,1.6682454969135
-52.6275503263580,1.6682454969135
-52.6545503263580,1.6682454969135
-52.6815503263580,1.6682454969135
-52.7085503263580,1.6682454969135
-52.7355503263580,1.6682454969135
-52.7625503263580,1.6682454969135
-52.7895503263580,1.6682454969135
-52.8300503263580,1.6448628219135
-52.8435503263580,1.6214801469135
-52.8570503263580,1.5980974719135
-52.8705503263580,1.5747147969135
-52.8840503263581,1.5513321219135
-52.4925503263580,0.6394077969135
-52.4655503263580,0.6394077969135
-52.4385503263580,0.6394077969135
-52.4115503263580,0.6394077969135
-52.3845503263580,0.6394077969135
-52.3575503263580,0.6394077969135
-52.3305503263580,0.6394077969135
-52.3035503263580,0.6394077969135
-52.2765503263580,0.6394077969135
-52.2495503263580,0.6394077969135
-52.2090503263580,0.6627904719135
-52.1955503263580,0.6861731469135
-52.1820503263580,0.7095558219135
-52.1685503263580,0.7329384969135
-52.1550503263580,0.7563211719135
-52.1415503263580,0.7797038469135
-52.1280503263580,0.8030865219135
-52.1145503263580,0.8264691969135
-52.1010503263580,0.8498518719135
-52.0875503263580,0.8732345469135
-52.0740503263580,0.8966172219135
-52.0605503263580,0.9199998969135
-52.0470503263580,0.9433825719135
-52.0335503263580,0.9667652469135
-52.0200503263580,0.9901479219135
-52.8300503263580,1.6916281719135
-52.2090503263580,0.6160251219135
-52.5600503263580,1.6916281719135
-52.5870503263580,1.6916281719135
-52.6140503263580,1.6916281719135
-52.6410503263580,1.6916281719135
-52.6680503263580,1.6916281719135
-52.6950503263580,1.6916281719135
-52.7220503263580,1.6916281719135
-52.7490503263580,1.6916281719135
-52.7760503263580,1.6916281719135
-52.8030503263580,1.6916281719135
-52.8435503263580,1.6682454969135
-52.8570503263580,1.6448628219135
-52.8705503263580,1.6214801469135
-52.8840503263581,1.5980974719135
-52.8975503263581,1.5747147969135
-52.4520503263580,0.6160251219135
-52.4250503263580,0.6160251219135
-52.3980503263580,0.6160251219135
-52.3710503263580,0.6160251219135
-52.3440503263580,0.6160251219135
-52.3170503263580,0.6160251219135
-52.2900503263580,0.6160251219135
-52.2630503263580,0.6160251219135
-52.2360503263580,0.6160251219135
-52.1955503263580,0.6394077969135
-52.1820503263580,0.6627904719135
-52.1685503263580,0.6861731469135
-52.1550503263580,0.7095558219135
-52.1415503263580,0.7329384969135
-52.1280503263580,0.7563211719135
-52.1145503263580,0.7797038469135
-52.1010503263580,0.8030865219135
-52.0875503263580,0.8264691969135
-52.0740503263580,0.8498518719135
-52.0605503263580,0.8732345469135
-52.0470503263580,0.8966172219135
-52.8435503263580,1.7150108469135
-52.5735503263580,1.7150108469135
-52.6005503263580,1.7150108469135
-52.6275503263580,1.7150108469135
-52.6545503263580,1.7150108469135
-52.6815503263580,1.7150108469135
-52.7085503263580,1.7150108469135
-52.7355503263580,1.7150108469135
-52.7625503263580,1.7150108469135
-52.7895503263580,1.7150108469135
-52.8165503263580,1.7150108469135
-52.8570503263580,1.6916281719135
-52.8705503263580,1.6682454969135
-52.8840503263581,1.6448628219135
-52.8975503263581,1.6214801469135
-52.9110503263581,1.5980974719135
-52.9245503263581,1.5747147969135
-52.4655503263580,0.5926424469135
-52.4385503263580,0.5926424469135
-52.4115503263580,0.5926424469135
-52.3845503263580,0.5926424469135
-52.3575503263580,0.5926424469135
-52.3305503263580,0.5926424469135
-52.3035503263580,0.5926424469135
-52.2765503263580,0.5926424469135
-52.2495503263580,0.5926424469135
-52.2225503263580,0.5926424469135
-52.1685503263580,0.6394077969135
-52.1550503263580,0.6627904719135
-52.1415503263580,0.6861731469135
-52.1280503263580,0.7095558219135
-52.1145503263580,0.7329384969135
-52.1010503263580,0.7563211719135
-52.0875503263580,0.7797038469135
-52.0740503263580,0.8030865219135
-52.0605503263580,0.8264691969135
-52.0470503263580,0.8498518719135
-52.8570503263580,1.7383935219135
-52.6140503263580,1.7383935219135
-52.6410503263580,1.7383935219135
-52.6680503263580,1.7383935219135
-52.6950503263580,1.7383935219135
-52.7220503263580,1.7383935219135
-52.7490503263580,1.7383935219135
-52.7760503263580,1.7383935219135
-52.8030503263580,1.7383935219135
-52.8300503263580,1.7383935219135
-52.8705503263580,1.7150108469135
-52.8840503263581,1.6916281719135
-52.8975503263581,1.6682454969135
-52.9110503263581,1.6448628219135
-52.9245503263581,1.6214801469135
-52.9380503263581,1.5980974719135
-52.9515503263581,1.5747147969135
-52.4250503263580,0.5692597719135
-52.3980503263580,0.5692597719135
-52.3710503263580,0.5692597719135
-52.3440503263580,0.5692597719135
-52.3170503263580,0.5692597719135
-52.2900503263580,0.5692597719135
-52.2630503263580,0.5692597719135
-52.1415503263580,0.6394077969135
-52.1280503263580,0.6627904719135
-52.1145503263580,0.6861731469135
-52.1010503263580,0.7095558219135
-52.0875503263580,0.7329384969135
-52.0740503263580,0.7563211719135
-52.0605503263580,0.7797038469135
-52.0470503263580,0.8030865219135
-52.0335503263580,0.8264691969135
-52.0200503263580,0.8498518719135
-52.8705503263580,1.7617761969135
-52.6275503263580,1.7617761969135
-52.6545503263580,1.7617761969135
-52.6815503263580,1.7617761969135
-52.7085503263580,1.7617761969135
-52.7355503263580,1.7617761969135
-52.7625503263580,1.7617761969135
-52.7895503263580,1.7617761969135
-52.8165503263580,1.7617761969135
-52.8435503263580,1.7617761969135
-52.8840503263581,1.7383935219135
-52.8975503263581,1.7150108469135
-52.9110503263581,1.6916281719135
-52.9245503263581,1.6682454969135
-52.9380503263581,1.6448628219135
-52.9515503263581,1.6214801469135
-52.9650503263581,1.5980974719135
-52.4115503263580,0.5458770969135
-52.3845503263580,0.5458770969135
-52.3575503263580,0.5458770969135
-52.3305503263580,0.5458770969135
-52.3035503263580,0.5458770969135
-52.2765503263580,0.5458770969135
-52.1145503263580,0.6394077969135
-52.1010503263580,0.6627904719135
-52.0875503263580,0.6861731469135
-52.0740503263580,0.7095558219135
-52.0605503263580,0.7329384969135
-52.0470503263580,0.7563211719135
-52.0335503263580,0.7797038469135
-52.0200503263580,0.8030865219135
-52.0065503263580,0.8264691969135
-51.9930503263580,0.8498518719135
-52.8840503263581,1.7851588719135
-52.6410503263580,1.7851588719135
-52.6680503263580,1.7851588719135
-52.6950503263580,1.7851588719135
-52.7220503263580,1.7851588719135
-52.7490503263580,1.7851588719135
-52.7760503263580,1.7851588719135
-52.8030503263580,1.7851588719135
-52.8300503263580,1.7851588719135
-52.8570503263580,1.7851588719135
-52.8975503263581,1.7617761969135
-52.9110503263581,1.7383935219135
-52.9245503263581,1.7150108469135
-52.9380503263581,1.6916281719135
-52.9515503263581,1.6682454969135
-52.9650503263581,1.6448628219135
-52.9785503263581,1.6214801469135
-52.4250503263580,0.5224944219135
-52.3980503263580,0.5224944219135
-52.3710503263580,0.5224944219135
-52.3440503263580,0.5224944219135
-52.3170503263580,0.5224944219135
-52.2900503263580,0.5224944219135
-52.0605503263580,0.6861731469135
-52.0470503263580,0.7095558219135
-52.0335503263580,0.7329384969135
-52.0200503263580,0.7563211719135
-52.0065503263580,0.7797038469135
-51.9930503263580,0.8030865219135
-51.9795503263580,0.8264691969135
-51.9660503263580,0.8498518719135
-51.9255503263580,0.9199998969135
-52.8975503263581,1.8085415469135
-52.6815503263580,1.8085415469135
-52.7085503263580,1.8085415469135
-52.7355503263580,1.8085415469135
-52.7625503263580,1.8085415469135
-52.7895503263580,1.8085415469135
-52.8165503263580,1.8085415469135
-52.8435503263580,1.8085415469135
-52.8705503263580,1.8085415469135
-52.9110503263581,1.7851588719135
-52.9245503263581,1.7617761969135
-52.9380503263581,1.7383935219135
-52.9515503263581,1.7150108469135
-52.9650503263581,1.6916281719135
-52.9785503263581,1.6682454969135
-52.4385503263580,0.4991117469135
-52.4115503263580,0.4991117469135
-52.3845503263580,0.4991117469135
-52.3575503263580,0.4991117469135
-52.3305503263580,0.4991117469135
-52.0335503263580,0.6861731469135
-52.0200503263580,0.7095558219135
-52.0065503263580,0.7329384969135
-51.9930503263580,0.7563211719135
-51.9795503263580,0.7797038469135
-51.9660503263580,0.8030865219135
-51.9525503263580,0.8264691969135
-51.9390503263580,0.8498518719135
-51.9255503263580,0.8732345469135
-51.9120503263580,0.8966172219135
-51.8985503263580,0.9199998969135
-52.9110503263581,1.8319242219135
-52.6950503263580,1.8319242219135
-52.7220503263580,1.8319242219135
-52.7490503263580,1.8319242219135
-52.7760503263580,1.8319242219135
-52.8030503263580,1.8319242219135
-52.8300503263580,1.8319242219135
-52.8570503263580,1.8319242219135
-52.8840503263581,1.8319242219135
-52.9245503263581,1.8085415469135
-52.9380503263581,1.7851588719135
-52.9515503263581,1.7617761969135
-52.9650503263581,1.7383935219135
-52.4250503263580,0.4757290719135
-52.3980503263580,0.4757290719135
-52.3710503263580,0.4757290719135
-52.3440503263580,0.4757290719135
-51.9930503263580,0.7095558219135
-51.9795503263580,0.7329384969135
-51.9660503263580,0.7563211719135
-51.9525503263580,0.7797038469135
-51.9390503263580,0.8030865219135
-51.9255503263580,0.8264691969135
-51.9120503263580,0.8498518719135
-51.8985503263580,0.8732345469135
-51.8850503263580,0.8966172219135
-51.8715503263580,0.9199998969135
-51.8580503263580,0.9433825719135
-52.9245503263581,1.8553068969135
-52.7355503263580,1.8553068969135
-52.7625503263580,1.8553068969135
-52.7895503263580,1.8553068969135
-52.8165503263580,1.8553068969135
-52.8435503263580,1.8553068969135
-52.8705503263580,1.8553068969135
-52.8975503263581,1.8553068969135
-52.9380503263581,1.8319242219135
-52.9515503263581,1.8085415469135
-52.9650503263581,1.7851588719135
-52.9785503263581,1.7617761969135
-52.3845503263580,0.4523463969135
-52.3575503263580,0.4523463969135
-52.3305503263580,0.4523463969135
-51.9660503263580,0.7095558219135
-51.9525503263580,0.7329384969135
-51.9390503263580,0.7563211719135
-51.9255503263580,0.7797038469135
-51.9120503263580,0.8030865219135
-51.8985503263580,0.8264691969135
-51.8850503263580,0.8498518719135
-51.8715503263580,0.8732345469135
-51.8580503263580,0.8966172219135
-51.8445503263580,0.9199998969135
-51.8310503263580,0.9433825719135
-51.8175503263580,0.9667652469135
-52.9380503263581,1.8786895719135
-52.7760503263580,1.8786895719135
-52.8030503263580,1.8786895719135
-52.8300503263580,1.8786895719135
-52.8570503263580,1.8786895719135
-52.8840503263581,1.8786895719135
-52.9110503263581,1.8786895719135
-52.9515503263581,1.8553068969135
-52.9650503263581,1.8319242219135
-52.9785503263581,1.8085415469135
-52.9920503263581,1.7851588719135
-51.9390503263580,0.7095558219135
-51.9255503263580,0.7329384969135
-51.9120503263580,0.7563211719135
-51.8985503263580,0.7797038469135
-51.8850503263580,0.8030865219135
-51.8715503263580,0.8264691969135
-51.8580503263580,0.8498518719135
-51.8445503263580,0.8732345469135
-51.8310503263580,0.8966172219135
-52.9515503263581,1.9020722469135
-52.7895503263580,1.9020722469135
-52.8165503263580,1.9020722469135
-52.8435503263580,1.9020722469135
-52.8705503263580,1.9020722469135
-52.8975503263581,1.9020722469135
-52.9245503263581,1.9020722469135
-52.9650503263581,1.8786895719135
-52.9785503263581,1.8553068969135
-52.9920503263581,1.8319242219135
-51.9120503263580,0.7095558219135
-51.8985503263580,0.7329384969135
-51.8850503263580,0.7563211719135
-51.8715503263580,0.7797038469135
-51.8580503263580,0.8030865219135
-51.8445503263580,0.8264691969135
-51.8310503263580,0.8498518719135
-51.8175503263580,0.8732345469135
-52.9650503263581,1.9254549219135
-52.8030503263580,1.9254549219135
-52.8300503263580,1.9254549219135
-52.8570503263580,1.9254549219135
-52.8840503263581,1.9254549219135
-52.9110503263581,1.9254549219135
-52.9380503263581,1.9254549219135
-52.9785503263581,1.9020722469135
-52.9920503263581,1.8786895719135
-53.0055503263581,1.8553068969135
-51.8850503263580,0.7095558219135
-51.8715503263580,0.7329384969135
-51.8580503263580,0.7563211719135
-51.8445503263580,0.7797038469135
-51.8310503263580,0.8030865219135
-51.8175503263580,0.8264691969135
-51.8040503263580,0.8498518719135
-52.9785503263581,1.9488375969135
-52.8165503263580,1.9488375969135
-52.8435503263580,1.9488375969135
-52.8705503263580,1.9488375969135
-52.8975503263581,1.9488375969135
-52.9920503263581,1.9254549219135
-53.0055503263581,1.9020722469135
-53.0190503263581,1.8786895719135
-51.8580503263580,0.7095558219135
-51.8445503263580,0.7329384969135
-51.8310503263580,0.7563211719135
-51.8175503263580,0.7797038469135
-51.8040503263580,0.8030865219135
-51.7905503263580,0.8264691969135
-51.7770503263580,0.8498518719135
-52.8300503263580,1.9722202719135
-52.8570503263580,1.9722202719135
-52.8840503263581,1.9722202719135
-53.0055503263581,1.9488375969135
-53.0190503263581,1.9254549219135
-53.0325503263581,1.9020722469135
-51.8445503263580,0.6861731469135
-51.8310503263580,0.7095558219135
-51.8175503263580,0.7329384969135
-51.8040503263580,0.7563211719135
-51.7905503263580,0.7797038469135
-51.7770503263580,0.8030865219135
-51.7635503263580,0.8264691969135
-52.8435503263580,1.9956029469135
-52.8705503263580,1.9956029469135
-52.8975503263581,1.9956029469135
-53.0190503263581,1.9722202719135
-53.0325503263581,1.9488375969135
-53.0460503263581,1.9254549219135
-51.8175503263580,0.6861731469135
-51.8040503263580,0.7095558219135
-51.7905503263580,0.7329384969135
-51.7770503263580,0.7563211719135
-51.7635503263580,0.7797038469135
-52.8840503263581,2.0189856219135
-53.0460503263581,1.9722202719135
-51.7905503263580,0.6861731469135
-51.7770503263580,0.7095558219135
-51.7635503263580,0.7329384969135
-51.7500503263580,0.7563211719135
-51.7905503263580,0.6394077969135
-51.7770503263580,0.6627904719135
-51.7635503263580,0.6861731469135
-51.7500503263580,0.7095558219135
-51.7365503263580,0.7329384969135
-51.7500503263580,0.6627904719135
-51.7365503263580,0.6861731469135
-51.7230503263580,0.7095558219135
-51.7500503263580,0.6160251219135
-51.7365503263580,0.6394077969135
