-52.6733775722336,-30.6308392447968
-52.6463775722336,-30.6308392447968
-52.6598775722336,-30.6074565697968
-52.6868775722336,-30.6074565697968
-52.7003775722336,-30.6308392447968
-52.6868775722336,-30.6542219197968
-52.6598775722336,-30.6542219197968
-52.6193775722336,-30.6308392447968
-52.6463775722336,-30.5840738947968
-52.7003775722336,-30.5840738947968
-52.7273775722336,-30.6308392447968
-52.7003775722336,-30.6776045947968
-52.6463775722336,-30.6776045947968
-52.6328775722336,-30.6074565697968
-52.6733775722336,-30.5840738947968
-52.7138775722336,-30.6074565697968
-52.7138775722336,-30.6542219197968
-52.6733775722336,-30.6776045947968
-52.6328775722336,-30.6542219197968
-52.5923775722336,-30.6308392447968
-52.6328775722336,-30.5606912197968
-52.7138775722336,-30.5606912197968
-52.7543775722336,-30.6308392447968
-52.7138775722336,-30.7009872697968
-52.6328775722336,-30.7009872697968
-52.6058775722336,-30.6074565697968
-52.6193775722336,-30.5840738947968
-52.6598775722336,-30.5606912197968
-52.6868775722336,-30.5606912197968
-52.7273775722336,-30.5840738947968
-52.7408775722336,-30.6074565697968
-52.7408775722336,-30.6542219197968
-52.7273775722336,-30.6776045947968
-52.6868775722336,-30.7009872697968
-52.6598775722336,-30.7009872697968
-52.6193775722336,-30.6776045947968
-52.6058775722336,-30.6542219197968
-52.5653775722336,-30.6308392447968
-52.6193775722336,-30.5373085447968
-52.7273775722336,-30.5373085447968
-52.7813775722336,-30.6308392447968
-52.7273775722336,-30.7243699447968
-52.6193775722336,-30.7243699447968
-52.5788775722336,-30.6074565697968
-52.5923775722336,-30.5840738947968
-52.6058775722336,-30.5606912197968
-52.6463775722336,-30.5373085447968
-52.6733775722336,-30.5373085447968
-52.7003775722336,-30.5373085447968
-52.7408775722336,-30.5606912197968
-52.7543775722336,-30.5840738947968
-52.7678775722336,-30.6074565697968
-52.7678775722336,-30.6542219197968
-52.7543775722336,-30.6776045947968
-52.7408775722336,-30.7009872697968
-52.7003775722336,-30.7243699447968
-52.6733775722336,-30.7243699447968
-52.6463775722336,-30.7243699447968
-52.6058775722336,-30.7009872697968
-52.5923775722336,-30.6776045947968
-52.5788775722336,-30.6542219197968
-52.5383775722336,-30.6308392447968
-52.6058775722336,-30.5139258697968
-52.7408775722336,-30.5139258697968
-52.8083775722336,-30.6308392447968
-52.7408775722336,-30.7477526197968
-52.6058775722336,-30.7477526197968
-52.5518775722336,-30.6074565697968
-52.5653775722336,-30.5840738947968
-52.5788775722336,-30.5606912197968
-52.5923775722336,-30.5373085447968
-52.6328775722336,-30.5139258697968
-52.6598775722336,-30.5139258697968
-52.6868775722336,-30.5139258697968
-52.7138775722336,-30.5139258697968
-52.7543775722336,-30.5373085447968
-52.7678775722336,-30.5606912197968
-52.7813775722336,-30.5840738947968
-52.7948775722336,-30.6074565697968
-52.7948775722336,-30.6542219197968
-52.7813775722336,-30.6776045947968
-52.7678775722336,-30.7009872697968
-52.7543775722336,-30.7243699447968
-52.7138775722336,-30.7477526197968
-52.6868775722336,-30.7477526197968
-52.6598775722336,-30.7477526197968
-52.6328775722336,-30.7477526197968
-52.5923775722336,-30.7243699447968
-52.5788775722336,-30.7009872697968
-52.5653775722336,-30.6776045947968
-52.5518775722336,-30.6542219197968
-52.5113775722336,-30.6308392447968
-52.5923775722336,-30.4905431947968
-52.7543775722336,-30.4905431947968
-52.8353775722336,-30.6308392447968
-52.7543775722336,-30.7711352947968
-52.5923775722336,-30.7711352947968
-52.5248775722336,-30.6074565697968
-52.5383775722336,-30.5840738947968
-52.5518775722336,-30.5606912197968
-52.5653775722336,-30.5373085447968
-52.5788775722336,-30.5139258697968
-52.6193775722336,-30.4905431947968
-52.6463775722336,-30.4905431947968
-52.6733775722336,-30.4905431947968
-52.7003775722336,-30.4905431947968
-52.7273775722336,-30.4905431947968
-52.7678775722336,-30.5139258697968
-52.7813775722336,-30.5373085447968
-52.7948775722336,-30.5606912197968
-52.8083775722336,-30.5840738947968
-52.8218775722336,-30.6074565697968
-52.8218775722336,-30.6542219197968
-52.8083775722336,-30.6776045947968
-52.7948775722336,-30.7009872697968
-52.7813775722336,-30.7243699447968
-52.7678775722336,-30.7477526197968
-52.7273775722336,-30.7711352947968
-52.7003775722336,-30.7711352947968
-52.6733775722336,-30.7711352947968
-52.6463775722336,-30.7711352947968
-52.6193775722336,-30.7711352947968
-52.5788775722336,-30.7477526197968
-52.5653775722336,-30.7243699447968
-52.5518775722336,-30.7009872697968
-52.5383775722336,-30.6776045947968
-52.5248775722336,-30.6542219197968
-52.4843775722336,-30.6308392447968
-52.5788775722336,-30.4671605197968
-52.7678775722336,-30.4671605197968
-52.8623775722336,-30.6308392447968
-52.7678775722336,-30.7945179697968
-52.5788775722336,-30.7945179697968
-52.4978775722336,-30.6074565697968
-52.5113775722336,-30.5840738947968
-52.5248775722336,-30.5606912197968
-52.5383775722336,-30.5373085447968
-52.5518775722336,-30.5139258697968
-52.5653775722336,-30.4905431947968
-52.6058775722336,-30.4671605197968
-52.6328775722336,-30.4671605197968
-52.6598775722336,-30.4671605197968
-52.6868775722336,-30.4671605197968
-52.7138775722336,-30.4671605197968
-52.7408775722336,-30.4671605197968
-52.7813775722336,-30.4905431947968
-52.7948775722336,-30.5139258697968
-52.8083775722336,-30.5373085447968
-52.8218775722336,-30.5606912197968
-52.8353775722336,-30.5840738947968
-52.8488775722336,-30.6074565697968
-52.8488775722336,-30.6542219197968
-52.8353775722336,-30.6776045947968
-52.8218775722336,-30.7009872697968
-52.8083775722336,-30.7243699447968
-52.7948775722336,-30.7477526197968
-52.7813775722336,-30.7711352947968
-52.7408775722336,-30.7945179697968
-52.7138775722336,-30.7945179697968
-52.6868775722336,-30.7945179697968
-52.6598775722336,-30.7945179697968
-52.6328775722336,-30.7945179697968
-52.6058775722336,-30.7945179697968
-52.5653775722336,-30.7711352947968
-52.5518775722336,-30.7477526197968
-52.5383775722336,-30.7243699447968
-52.5248775722336,-30.7009872697968
-52.5113775722336,-30.6776045947968
-52.4978775722336,-30.6542219197968
-52.4573775722336,-30.6308392447968
-52.5653775722336,-30.4437778447968
-52.7813775722336,-30.4437778447968
-52.8893775722336,-30.6308392447968
-52.7813775722336,-30.8179006447968
-52.5653775722336,-30.8179006447968
-52.4708775722336,-30.6074565697968
-52.4843775722336,-30.5840738947968
-52.4978775722336,-30.5606912197968
-52.5113775722336,-30.5373085447968
-52.5248775722336,-30.5139258697968
-52.5383775722336,-30.4905431947968
-52.5518775722336,-30.4671605197968
-52.5923775722336,-30.4437778447968
-52.6193775722336,-30.4437778447968
-52.6463775722336,-30.4437778447968
-52.6733775722336,-30.4437778447968
-52.7003775722336,-30.4437778447968
-52.7273775722336,-30.4437778447968
-52.7543775722336,-30.4437778447968
-52.7948775722336,-30.4671605197968
-52.8083775722336,-30.4905431947968
-52.8218775722336,-30.5139258697968
-52.8353775722336,-30.5373085447968
-52.8488775722336,-30.5606912197968
-52.8623775722336,-30.5840738947968
-52.8758775722336,-30.6074565697968
-52.8758775722336,-30.6542219197968
-52.8623775722336,-30.6776045947968
-52.8488775722336,-30.7009872697968
-52.8353775722336,-30.7243699447968
-52.8218775722336,-30.7477526197968
-52.8083775722336,-30.7711352947968
-52.7948775722336,-30.7945179697968
-52.7543775722336,-30.8179006447968
-52.7273775722336,-30.8179006447968
-52.7003775722336,-30.8179006447968
-52.6733775722336,-30.8179006447968
-52.6463775722336,-30.8179006447968
-52.6193775722336,-30.8179006447968
-52.5923775722336,-30.8179006447968
-52.5518775722336,-30.7945179697968
-52.5383775722336,-30.7711352947968
-52.5248775722336,-30.7477526197968
-52.5113775722336,-30.7243699447968
-52.4978775722336,-30.7009872697968
-52.4843775722336,-30.6776045947968
-52.4708775722336,-30.6542219197968
-52.4303775722336,-30.6308392447968
-52.5518775722336,-30.4203951697968
-52.7948775722336,-30.4203951697968
-52.9163775722336,-30.6308392447968
-52.7948775722336,-30.8412833197968
-52.5518775722336,-30.8412833197968
-52.4438775722336,-30.6074565697968
-52.4573775722336,-30.5840738947968
-52.4708775722336,-30.5606912197968
-52.4843775722336,-30.5373085447968
-52.4978775722336,-30.5139258697968
-52.5113775722336,-30.4905431947968
-52.5248775722336,-30.4671605197968
-52.5383775722336,-30.4437778447968
-52.5788775722336,-30.4203951697968
-52.6058775722336,-30.4203951697968
-52.6328775722336,-30.4203951697968
-52.6598775722336,-30.4203951697968
-52.6868775722336,-30.4203951697968
-52.7138775722336,-30.4203951697968
-52.7408775722336,-30.4203951697968
-52.7678775722336,-30.4203951697968
-52.8083775722336,-30.4437778447968
-52.8218775722336,-30.4671605197968
-52.8353775722336,-30.4905431947968
-52.8488775722336,-30.5139258697968
-52.8623775722336,-30.5373085447968
-52.8758775722336,-30.5606912197968
-52.8893775722336,-30.5840738947968
-52.9028775722336,-30.6074565697968
-52.9028775722336,-30.6542219197968
-52.8893775722336,-30.6776045947968
-52.8758775722336,-30.7009872697968
-52.8623775722336,-30.7243699447968
-52.8488775722336,-30.7477526197968
-52.8353775722336,-30.7711352947968
-52.8218775722336,-30.7945179697968
-52.8083775722336,-30.8179006447968
-52.7678775722336,-30.8412833197968
-52.7408775722336,-30.8412833197968
-52.7138775722336,-30.8412833197968
-52.6868775722336,-30.8412833197968
-52.6598775722336,-30.8412833197968
-52.6328775722336,-30.8412833197968
-52.6058775722336,-30.8412833197968
-52.5788775722336,-30.8412833197968
-52.5383775722336,-30.8179006447968
-52.5248775722336,-30.7945179697968
-52.5113775722336,-30.7711352947968
-52.4978775722336,-30.7477526197968
-52.4843775722336,-30.7243699447968
-52.4708775722336,-30.7009872697968
-52.4573775722336,-30.6776045947968
-52.4438775722336,-30.6542219197968
-52.4033775722336,-30.6308392447968
-52.5383775722336,-30.3970124947968
-52.8083775722336,-30.3970124947968
-52.9433775722336,-30.6308392447968
-52.8083775722336,-30.8646659947968
-52.5383775722336,-30.8646659947968
-52.4168775722336,-30.6074565697968
-52.4303775722336,-30.5840738947968
-52.4573775722336,-30.5373085447968
-52.4708775722336,-30.5139258697968
-52.4843775722336,-30.4905431947968
-52.4978775722336,-30.4671605197968
-52.5113775722336,-30.4437778447968
-52.5248775722336,-30.4203951697968
-52.5653775722336,-30.3970124947968
-52.5923775722336,-30.3970124947968
-52.6193775722336,-30.3970124947968
-52.6463775722336,-30.3970124947968
-52.6733775722336,-30.3970124947968
-52.7003775722336,-30.3970124947968
-52.7273775722336,-30.3970124947968
-52.7543775722336,-30.3970124947968
-52.7813775722336,-30.3970124947968
-52.8218775722336,-30.4203951697968
-52.8353775722336,-30.4437778447968
-52.8488775722336,-30.4671605197968
-52.8623775722336,-30.4905431947968
-52.8758775722336,-30.5139258697968
-52.8893775722336,-30.5373085447968
-52.9028775722336,-30.5606912197968
-52.9298775722336,-30.6074565697968
-52.9298775722336,-30.6542219197968
-52.9163775722336,-30.6776045947968
-52.9028775722336,-30.7009872697968
-52.8893775722336,-30.7243699447968
-52.8758775722336,-30.7477526197968
-52.8623775722336,-30.7711352947968
-52.8488775722336,-30.7945179697968
-52.8353775722336,-30.8179006447968
-52.8218775722336,-30.8412833197968
-52.7813775722336,-30.8646659947968
-52.7543775722336,-30.8646659947968
-52.7273775722336,-30.8646659947968
-52.7003775722336,-30.8646659947968
-52.6733775722336,-30.8646659947968
-52.6463775722336,-30.8646659947968
-52.6193775722336,-30.8646659947968
-52.5923775722336,-30.8646659947968
-52.5653775722336,-30.8646659947968
-52.5248775722336,-30.8412833197968
-52.5113775722336,-30.8179006447968
-52.4978775722336,-30.7945179697968
-52.4843775722336,-30.7711352947968
-52.4708775722336,-30.7477526197968
-52.4573775722336,-30.7243699447968
-52.4438775722336,-30.7009872697968
-52.4168775722336,-30.6542219197968
-52.3763775722336,-30.6308392447968
-52.5248775722336,-30.3736298197968
-52.8218775722336,-30.3736298197968
-52.9703775722336,-30.6308392447968
-52.8218775722336,-30.8880486697968
-52.5248775722336,-30.8880486697968
-52.3898775722336,-30.6074565697968
-52.4303775722336,-30.5373085447968
-52.4438775722336,-30.5139258697968
-52.4573775722336,-30.4905431947968
-52.4708775722336,-30.4671605197968
-52.4843775722336,-30.4437778447968
-52.4978775722336,-30.4203951697968
-52.5113775722336,-30.3970124947968
-52.5518775722336,-30.3736298197968
-52.5788775722336,-30.3736298197968
-52.6058775722336,-30.3736298197968
-52.6328775722336,-30.3736298197968
-52.6598775722336,-30.3736298197968
-52.6868775722336,-30.3736298197968
-52.7138775722336,-30.3736298197968
-52.7408775722336,-30.3736298197968
-52.7678775722336,-30.3736298197968
-52.7948775722336,-30.3736298197968
-52.8353775722336,-30.3970124947968
-52.8488775722336,-30.4203951697968
-52.8623775722336,-30.4437778447968
-52.8758775722336,-30.4671605197968
-52.9568775722336,-30.6074565697968
-52.9568775722336,-30.6542219197968
-52.9433775722336,-30.6776045947968
-52.9298775722336,-30.7009872697968
-52.9163775722336,-30.7243699447968
-52.9028775722336,-30.7477526197968
-52.8893775722336,-30.7711352947968
-52.8758775722336,-30.7945179697968
-52.8623775722336,-30.8179006447968
-52.8488775722336,-30.8412833197968
-52.8353775722336,-30.8646659947968
-52.7948775722336,-30.8880486697968
-52.7678775722336,-30.8880486697968
-52.7408775722336,-30.8880486697968
-52.7138775722336,-30.8880486697968
-52.6868775722336,-30.8880486697968
-52.6598775722336,-30.8880486697968
-52.6328775722336,-30.8880486697968
-52.6058775722336,-30.8880486697968
-52.5788775722336,-30.8880486697968
-52.5518775722336,-30.8880486697968
-52.5113775722336,-30.8646659947968
-52.4978775722336,-30.8412833197968
-52.4843775722336,-30.8179006447968
-52.4708775722336,-30.7945179697968
-52.4573775722336,-30.7711352947968
-52.4438775722336,-30.7477526197968
-52.3898775722336,-30.6542219197968
-52.3493775722336,-30.6308392447968
-52.5113775722336,-30.3502471447968
-52.8353775722336,-30.3502471447968
-52.5113775722336,-30.9114313447968
-52.4168775722336,-30.5139258697968
-52.4303775722336,-30.4905431947968
-52.4438775722336,-30.4671605197968
-52.4573775722336,-30.4437778447968
-52.4708775722336,-30.4203951697968
-52.4843775722336,-30.3970124947968
-52.4978775722336,-30.3736298197968
-52.5383775722336,-30.3502471447968
-52.6193775722336,-30.3502471447968
-52.6463775722336,-30.3502471447968
-52.6733775722336,-30.3502471447968
-52.7003775722336,-30.3502471447968
-52.7813775722336,-30.3502471447968
-52.8083775722336,-30.3502471447968
-52.8488775722336,-30.3736298197968
-52.8623775722336,-30.3970124947968
-52.8758775722336,-30.4203951697968
-52.9703775722336,-30.6776045947968
-52.9568775722336,-30.7009872697968
-52.9433775722336,-30.7243699447968
-52.9298775722336,-30.7477526197968
-52.9163775722336,-30.7711352947968
-52.9028775722336,-30.7945179697968
-52.8893775722336,-30.8179006447968
-52.8758775722336,-30.8412833197968
-52.8623775722336,-30.8646659947968
-52.8488775722336,-30.8880486697968
-52.8083775722336,-30.9114313447968
-52.6463775722336,-30.9114313447968
-52.6193775722336,-30.9114313447968
-52.5923775722336,-30.9114313447968
-52.5653775722336,-30.9114313447968
-52.5383775722336,-30.9114313447968
-52.4978775722336,-30.8880486697968
-52.4843775722336,-30.8646659947968
-52.4708775722336,-30.8412833197968
-52.4573775722336,-30.8179006447968
-52.3763775722336,-30.6776045947968
-52.3628775722336,-30.6542219197968
-52.4168775722336,-30.4671605197968
-52.4303775722336,-30.4437778447968
-52.4438775722336,-30.4203951697968
-52.4573775722336,-30.3970124947968
-52.5248775722336,-30.3268644697968
-52.5518775722336,-30.3268644697968
-52.6058775722336,-30.3268644697968
-52.6328775722336,-30.3268644697968
-52.6598775722336,-30.3268644697968
-52.7948775722336,-30.3268644697968
-52.8758775722336,-30.3736298197968
-52.9838775722336,-30.7009872697968
-52.9703775722336,-30.7243699447968
-52.9433775722336,-30.7711352947968
-52.9298775722336,-30.7945179697968
-52.9163775722336,-30.8179006447968
-52.9028775722336,-30.8412833197968
-52.8893775722336,-30.8646659947968
-52.8758775722336,-30.8880486697968
-52.8623775722336,-30.9114313447968
-52.6328775722336,-30.9348140197968
-52.6058775722336,-30.9348140197968
-52.5788775722336,-30.9348140197968
-52.4843775722336,-30.9114313447968
-52.4708775722336,-30.8880486697968
-52.4573775722336,-30.8646659947968
-52.4438775722336,-30.8412833197968
-52.3493775722336,-30.6776045947968
-52.3898775722336,-30.4671605197968
-52.4033775722336,-30.4437778447968
-52.4168775722336,-30.4203951697968
-52.4303775722336,-30.3970124947968
-52.5113775722336,-30.3034817947968
-52.5383775722336,-30.3034817947968
-52.6193775722336,-30.3034817947968
-52.6463775722336,-30.3034817947968
-52.6733775722336,-30.3034817947968
-52.9433775722336,-30.8179006447968
-52.9298775722336,-30.8412833197968
-52.9163775722336,-30.8646659947968
-52.9028775722336,-30.8880486697968
-52.8893775722336,-30.9114313447968
-52.4573775722336,-30.9114313447968
-52.4438775722336,-30.8880486697968
-52.4303775722336,-30.8646659947968
-52.3763775722336,-30.4437778447968
-52.3898775722336,-30.4203951697968
-52.4033775722336,-30.3970124947968
-52.5248775722336,-30.2800991197968
-52.6328775722336,-30.2800991197968
-52.6598775722336,-30.2800991197968
-52.6868775722336,-30.2800991197968
-52.9433775722336,-30.8646659947968
-52.9298775722336,-30.8880486697968
-52.9163775722336,-30.9114313447968
-52.3628775722336,-30.4203951697968
-52.3763775722336,-30.3970124947968
-52.6463775722336,-30.2567164447968
-52.9703775722336,-30.8646659947968
-52.9568775722336,-30.8880486697968
-52.9433775722336,-30.9114313447968
-52.3628775722336,-30.3736298197968
-52.6598775722336,-30.2333337697968
-52.9838775722336,-30.8880486697968
-52.9703775722336,-30.9114313447968
-52.9973775722336,-30.9114313447968
