-51.7885741829101,-30.9229107767760
-51.7615741829101,-30.9229107767760
-51.7750741829101,-30.8995281017760
-51.8020741829101,-30.8995281017760
-51.8155741829101,-30.9229107767760
-51.8020741829101,-30.9462934517760
-51.7750741829101,-30.9462934517760
-51.7345741829101,-30.9229107767760
-51.7615741829101,-30.8761454267760
-51.8155741829101,-30.8761454267760
-51.8425741829101,-30.9229107767760
-51.8155741829101,-30.9696761267760
-51.7615741829101,-30.9696761267760
-51.7480741829101,-30.8995281017760
-51.7885741829101,-30.8761454267760
-51.8290741829101,-30.8995281017760
-51.8290741829101,-30.9462934517760
-51.7885741829101,-30.9696761267760
-51.7480741829101,-30.9462934517760
-51.7075741829101,-30.9229107767760
-51.7480741829101,-30.8527627517760
-51.8290741829101,-30.8527627517760
-51.8695741829101,-30.9229107767760
-51.8290741829101,-30.9930588017760
-51.7480741829101,-30.9930588017760
-51.7210741829101,-30.8995281017760
-51.7345741829101,-30.8761454267760
-51.7750741829101,-30.8527627517760
-51.8020741829101,-30.8527627517760
-51.8425741829101,-30.8761454267760
-51.8560741829101,-30.8995281017760
-51.8560741829101,-30.9462934517760
-51.8425741829101,-30.9696761267760
-51.8020741829101,-30.9930588017760
-51.7750741829101,-30.9930588017760
-51.7345741829101,-30.9696761267760
-51.7210741829101,-30.9462934517760
-51.6805741829101,-30.9229107767760
-51.7345741829101,-30.8293800767760
-51.8425741829101,-30.8293800767760
-51.7345741829101,-31.0164414767760
-51.6940741829101,-30.8995281017760
-51.7615741829101,-30.8293800767760
-51.7885741829101,-30.8293800767760
-51.8155741829101,-30.8293800767760
-51.8560741829101,-30.8527627517760
-51.8695741829101,-30.8761454267760
-51.8830741829101,-30.8995281017760
-51.8560741829101,-30.9930588017760
-51.8155741829101,-31.0164414767760
-51.7885741829101,-31.0164414767760
-51.7615741829101,-31.0164414767760
-51.7210741829101,-30.9930588017760
-51.7075741829101,-30.9696761267760
-51.6940741829101,-30.9462934517760
-51.6535741829101,-30.9229107767760
-51.7210741829101,-30.8059974017760
-51.8560741829101,-30.8059974017760
-51.9235741829101,-30.9229107767760
-51.7210741829101,-31.0398241517760
-51.6670741829101,-30.8995281017760
-51.7480741829101,-30.8059974017760
-51.7750741829101,-30.8059974017760
-51.8020741829101,-30.8059974017760
-51.8290741829101,-30.8059974017760
-51.8695741829101,-30.8293800767760
-51.8830741829101,-30.8527627517760
-51.8965741829101,-30.8761454267760
-51.9100741829101,-30.8995281017760
-51.8020741829101,-31.0398241517760
-51.7750741829101,-31.0398241517760
-51.7480741829101,-31.0398241517760
-51.7075741829101,-31.0164414767760
-51.6940741829101,-30.9930588017760
-51.6805741829101,-30.9696761267760
-51.6670741829101,-30.9462934517760
-51.7075741829101,-30.7826147267760
-51.8695741829101,-30.7826147267760
-51.9505741829101,-30.9229107767760
-51.7075741829101,-31.0632068267760
-51.6940741829101,-30.8059974017760
-51.7345741829101,-30.7826147267760
-51.7615741829101,-30.7826147267760
-51.7885741829101,-30.7826147267760
-51.8155741829101,-30.7826147267760
-51.8425741829101,-30.7826147267760
-51.8830741829101,-30.8059974017760
-51.8965741829101,-30.8293800767760
-51.9100741829101,-30.8527627517760
-51.9235741829101,-30.8761454267760
-51.9370741829101,-30.8995281017760
-51.7885741829101,-31.0632068267760
-51.7615741829101,-31.0632068267760
-51.7345741829101,-31.0632068267760
-51.6940741829101,-31.0398241517760
-51.6805741829101,-31.0164414767760
-51.6670741829101,-30.9930588017760
-51.6535741829101,-30.9696761267760
-51.6400741829101,-30.9462934517760
-51.6940741829101,-30.7592320517760
-51.8830741829101,-30.7592320517760
-51.6940741829101,-31.0865895017760
-51.6805741829101,-30.7826147267760
-51.7210741829101,-30.7592320517760
-51.7480741829101,-30.7592320517760
-51.7750741829101,-30.7592320517760
-51.8020741829101,-30.7592320517760
-51.8290741829101,-30.7592320517760
-51.8560741829101,-30.7592320517760
-51.8965741829101,-30.7826147267760
-51.9100741829101,-30.8059974017760
-51.9235741829101,-30.8293800767760
-51.9370741829101,-30.8527627517760
-51.9505741829101,-30.8761454267760
-51.9640741829101,-30.8995281017760
-51.7750741829101,-31.0865895017760
-51.7480741829101,-31.0865895017760
-51.7210741829101,-31.0865895017760
-51.6805741829101,-31.0632068267760
-51.6670741829101,-31.0398241517760
-51.6535741829101,-31.0164414767760
-51.6400741829101,-30.9930588017760
-51.6265741829101,-30.9696761267760
-51.6130741829101,-30.9462934517760
-51.8965741829101,-30.7358493767760
-51.6805741829101,-31.1099721767760
-51.6670741829101,-30.7592320517760
-51.7075741829101,-30.7358493767760
-51.7345741829101,-30.7358493767760
-51.7615741829101,-30.7358493767760
-51.7885741829101,-30.7358493767760
-51.8155741829101,-30.7358493767760
-51.8425741829101,-30.7358493767760
-51.8695741829101,-30.7358493767760
-51.9100741829101,-30.7592320517760
-51.9235741829101,-30.7826147267760
-51.9370741829101,-30.8059974017760
-51.9640741829101,-30.8527627517760
-51.9775741829101,-30.8761454267760
-51.9910741829101,-30.8995281017760
-51.7885741829101,-31.1099721767760
-51.7615741829101,-31.1099721767760
-51.7345741829101,-31.1099721767760
-51.7075741829101,-31.1099721767760
-51.6670741829101,-31.0865895017760
-51.6535741829101,-31.0632068267760
-51.6400741829101,-31.0398241517760
-51.6265741829101,-31.0164414767760
-51.6130741829101,-30.9930588017760
-51.5995741829101,-30.9696761267760
-51.9100741829101,-30.7124667017760
-51.6670741829101,-31.1333548517760
-51.7210741829101,-30.7124667017760
-51.7480741829101,-30.7124667017760
-51.7750741829101,-30.7124667017760
-51.8020741829101,-30.7124667017760
-51.8290741829101,-30.7124667017760
-51.8560741829101,-30.7124667017760
-51.8830741829101,-30.7124667017760
-51.9235741829101,-30.7358493767760
-51.9910741829101,-30.8527627517760
-52.0045741829101,-30.8761454267760
-52.0180741829101,-30.8995281017760
-51.7750741829101,-31.1333548517760
-51.7480741829101,-31.1333548517760
-51.7210741829101,-31.1333548517760
-51.6940741829101,-31.1333548517760
-51.6535741829101,-31.1099721767760
-51.6400741829101,-31.0865895017760
-51.6265741829101,-31.0632068267760
-51.6130741829101,-31.0398241517760
-51.9235741829101,-30.6890840267760
-52.0585741829101,-30.9229107767760
-51.6535741829101,-31.1567375267760
-51.7075741829101,-30.6890840267760
-51.7345741829101,-30.6890840267760
-51.7615741829101,-30.6890840267760
-51.7885741829101,-30.6890840267760
-51.8155741829101,-30.6890840267760
-51.8425741829101,-30.6890840267760
-51.8695741829101,-30.6890840267760
-51.8965741829101,-30.6890840267760
-51.9370741829101,-30.7124667017760
-52.0315741829101,-30.8761454267760
-52.0450741829101,-30.8995281017760
-51.8155741829101,-31.1567375267760
-51.7885741829101,-31.1567375267760
-51.7615741829101,-31.1567375267760
-51.7345741829101,-31.1567375267760
-51.7075741829101,-31.1567375267760
-51.6805741829101,-31.1567375267760
-51.6400741829101,-31.1333548517760
-51.6265741829101,-31.1099721767760
-51.6130741829101,-31.0865895017760
-51.9370741829101,-30.6657013517760
-51.6400741829101,-31.1801202017760
-51.7480741829101,-30.6657013517760
-51.7750741829101,-30.6657013517760
-51.8020741829101,-30.6657013517760
-51.8290741829101,-30.6657013517760
-51.8560741829101,-30.6657013517760
-51.8830741829101,-30.6657013517760
-51.9100741829101,-30.6657013517760
-51.9505741829101,-30.6890840267760
-52.0585741829101,-30.8761454267760
-52.0720741829101,-30.8995281017760
-51.7750741829101,-31.1801202017760
-51.7480741829101,-31.1801202017760
-51.7210741829101,-31.1801202017760
-51.6940741829101,-31.1801202017760
-51.6670741829101,-31.1801202017760
-51.6130741829101,-31.1333548517760
-51.5995741829101,-31.1099721767760
-51.5860741829101,-31.0865895017760
-51.9505741829101,-30.6423186767760
-51.7885741829101,-30.6423186767760
-51.8425741829101,-30.6423186767760
-51.8695741829101,-30.6423186767760
-51.8965741829101,-30.6423186767760
-51.9235741829101,-30.6423186767760
-51.9640741829101,-30.6657013517760
-52.0720741829101,-30.8527627517760
-52.0855741829101,-30.8761454267760
-52.0990741829101,-30.8995281017760
-51.7615741829101,-31.2035028767760
-51.7345741829101,-31.2035028767760
-51.7075741829101,-31.2035028767760
-51.6805741829101,-31.2035028767760
-51.6535741829101,-31.2035028767760
-51.5725741829101,-31.1099721767760
-51.8560741829101,-30.6189360017760
-51.8830741829101,-30.6189360017760
-51.9100741829101,-30.6189360017760
-51.9370741829101,-30.6189360017760
-51.9775741829101,-30.6423186767760
-52.0990741829101,-30.8527627517760
-51.7750741829101,-31.2268855517760
-51.7480741829101,-31.2268855517760
-51.7210741829101,-31.2268855517760
-51.6940741829101,-31.2268855517760
-51.6670741829101,-31.2268855517760
-51.5455741829101,-31.1099721767760
-51.8965741829101,-30.5955533267760
-51.9235741829101,-30.5955533267760
-51.7885741829101,-31.2502682267760
-51.7615741829101,-31.2502682267760
-51.7345741829101,-31.2502682267760
-51.7075741829101,-31.2502682267760
-51.6805741829101,-31.2502682267760
-51.6535741829101,-31.2502682267760
-51.8020741829101,-31.2736509017760
-51.7750741829101,-31.2736509017760
-51.7480741829101,-31.2736509017760
