-54.0169124979499,-31.2361983452728
-53.9899124979499,-31.2361983452728
-54.0034124979499,-31.2128156702728
-54.0304124979499,-31.2128156702728
-54.0439124979499,-31.2361983452728
-54.0304124979499,-31.2595810202728
-54.0034124979499,-31.2595810202728
-53.9629124979499,-31.2361983452728
-53.9899124979499,-31.1894329952727
-54.0439124979499,-31.1894329952727
-54.0709124979499,-31.2361983452728
-54.0439124979499,-31.2829636952728
-53.9764124979499,-31.2128156702728
-54.0169124979499,-31.1894329952727
-54.0574124979499,-31.2128156702728
-54.0574124979499,-31.2595810202728
-54.0169124979499,-31.2829636952728
-53.9359124979499,-31.2361983452728
-53.9764124979499,-31.1660503202727
-54.0574124979499,-31.1660503202727
-54.0979124979499,-31.2361983452728
-54.0574124979499,-31.3063463702728
-53.9494124979499,-31.2128156702728
-53.9629124979499,-31.1894329952727
-54.0034124979499,-31.1660503202727
-54.0304124979499,-31.1660503202727
-54.0709124979499,-31.1894329952727
-54.0844124979499,-31.2128156702728
-54.0844124979499,-31.2595810202728
-54.0709124979499,-31.2829636952728
-54.0304124979499,-31.3063463702728
-53.9629124979499,-31.1426676452727
-54.0709124979499,-31.1426676452727
-54.1249124979499,-31.2361983452728
-54.0709124979499,-31.3297290452728
-53.9224124979499,-31.2128156702728
-53.9359124979499,-31.1894329952727
-53.9494124979499,-31.1660503202727
-53.9899124979499,-31.1426676452727
-54.0169124979499,-31.1426676452727
-54.0439124979499,-31.1426676452727
-54.0844124979499,-31.1660503202727
-54.0979124979499,-31.1894329952727
-54.1114124979499,-31.2128156702728
-54.1114124979499,-31.2595810202728
-54.0979124979499,-31.2829636952728
-54.0844124979499,-31.3063463702728
-54.0439124979499,-31.3297290452728
-54.0169124979499,-31.3297290452728
-53.9899124979499,-31.3297290452728
-53.9494124979499,-31.1192849702727
-54.0844124979499,-31.1192849702727
-54.1519124979499,-31.2361983452728
-54.0844124979499,-31.3531117202728
-53.8954124979499,-31.2128156702728
-53.9089124979499,-31.1894329952727
-53.9224124979499,-31.1660503202727
-53.9359124979499,-31.1426676452727
-53.9764124979499,-31.1192849702727
-54.0034124979499,-31.1192849702727
-54.0304124979499,-31.1192849702727
-54.0574124979499,-31.1192849702727
-54.0979124979499,-31.1426676452727
-54.1114124979499,-31.1660503202727
-54.1249124979499,-31.1894329952727
-54.1384124979499,-31.2128156702728
-54.1384124979499,-31.2595810202728
-54.1249124979499,-31.2829636952728
-54.1114124979499,-31.3063463702728
-54.0979124979499,-31.3297290452728
-54.0574124979499,-31.3531117202728
-54.0304124979499,-31.3531117202728
-54.0034124979499,-31.3531117202728
-53.9764124979499,-31.3531117202728
-53.9359124979499,-31.0959022952727
-54.1789124979499,-31.2361983452728
-54.0979124979499,-31.3764943952728
-53.8684124979499,-31.2128156702728
-53.8819124979499,-31.1894329952727
-53.8954124979499,-31.1660503202727
-53.9089124979499,-31.1426676452727
-53.9224124979499,-31.1192849702727
-53.9629124979499,-31.0959022952727
-53.9899124979499,-31.0959022952727
-54.0169124979499,-31.0959022952727
-54.0439124979499,-31.0959022952727
-54.0709124979499,-31.0959022952727
-54.1384124979499,-31.1660503202727
-54.1519124979499,-31.1894329952727
-54.1654124979499,-31.2128156702728
-54.1654124979499,-31.2595810202728
-54.1519124979499,-31.2829636952728
-54.1384124979499,-31.3063463702728
-54.1249124979499,-31.3297290452728
-54.1114124979499,-31.3531117202728
-54.0709124979499,-31.3764943952728
-54.0439124979499,-31.3764943952728
-54.0169124979499,-31.3764943952728
-53.9899124979499,-31.3764943952728
-53.8279124979499,-31.2361983452728
-53.9224124979499,-31.0725196202727
-54.2059124979499,-31.2361983452728
-54.1114124979499,-31.3998770702728
-53.8414124979499,-31.2128156702728
-53.8549124979499,-31.1894329952727
-53.8684124979499,-31.1660503202727
-53.8819124979499,-31.1426676452727
-53.8954124979499,-31.1192849702727
-53.9089124979499,-31.0959022952727
-53.9494124979499,-31.0725196202727
-53.9764124979499,-31.0725196202727
-54.0034124979499,-31.0725196202727
-54.0304124979499,-31.0725196202727
-54.1654124979499,-31.1660503202727
-54.1789124979499,-31.1894329952727
-54.1924124979499,-31.2128156702728
-54.1924124979499,-31.2595810202728
-54.1789124979499,-31.2829636952728
-54.1654124979499,-31.3063463702728
-54.1519124979499,-31.3297290452728
-54.1384124979499,-31.3531117202728
-54.1249124979499,-31.3764943952728
-54.0844124979499,-31.3998770702728
-54.0574124979499,-31.3998770702728
-54.0304124979499,-31.3998770702728
-54.0034124979499,-31.3998770702728
-53.9764124979499,-31.3998770702728
-53.8009124979499,-31.2361983452728
-53.9089124979499,-31.0491369452727
-54.2329124979499,-31.2361983452728
-54.1249124979499,-31.4232597452728
-53.8144124979499,-31.2128156702728
-53.8279124979499,-31.1894329952727
-53.8414124979499,-31.1660503202727
-53.8549124979499,-31.1426676452727
-53.8684124979499,-31.1192849702727
-53.8819124979499,-31.0959022952727
-53.8954124979499,-31.0725196202727
-53.9359124979499,-31.0491369452727
-53.9629124979499,-31.0491369452727
-54.1924124979499,-31.1660503202727
-54.2059124979499,-31.1894329952727
-54.2194124979499,-31.2128156702728
-54.2194124979499,-31.2595810202728
-54.2059124979499,-31.2829636952728
-54.1924124979499,-31.3063463702728
-54.1789124979499,-31.3297290452728
-54.1654124979499,-31.3531117202728
-54.1519124979499,-31.3764943952728
-54.1384124979499,-31.3998770702728
-54.0979124979499,-31.4232597452728
-54.0709124979499,-31.4232597452728
-54.0439124979499,-31.4232597452728
-54.0169124979499,-31.4232597452728
-53.9899124979499,-31.4232597452728
-53.9629124979499,-31.4232597452728
-53.8954124979499,-31.0257542702727
-54.2599124979499,-31.2361983452728
-54.1384124979499,-31.4466424202728
-53.7874124979499,-31.2128156702728
-53.8009124979499,-31.1894329952727
-53.8144124979499,-31.1660503202727
-53.8279124979499,-31.1426676452727
-53.8414124979499,-31.1192849702727
-53.8549124979499,-31.0959022952727
-53.8684124979499,-31.0725196202727
-53.8819124979499,-31.0491369452727
-53.9224124979499,-31.0257542702727
-53.9494124979499,-31.0257542702727
-54.2194124979499,-31.1660503202727
-54.2329124979499,-31.1894329952727
-54.2464124979499,-31.2128156702728
-54.2464124979499,-31.2595810202728
-54.2329124979499,-31.2829636952728
-54.2194124979499,-31.3063463702728
-54.2059124979499,-31.3297290452728
-54.1924124979499,-31.3531117202728
-54.1789124979499,-31.3764943952728
-54.1654124979499,-31.3998770702728
-54.1519124979499,-31.4232597452728
-54.0844124979499,-31.4466424202728
-54.0574124979499,-31.4466424202728
-54.0304124979499,-31.4466424202728
-54.0034124979499,-31.4466424202728
-53.9764124979499,-31.4466424202728
-53.9494124979499,-31.4466424202728
-53.8819124979499,-31.0023715952727
-54.2869124979499,-31.2361983452728
-54.1519124979499,-31.4700250952728
-53.7604124979499,-31.2128156702728
-53.7739124979499,-31.1894329952727
-53.7874124979499,-31.1660503202727
-53.8009124979499,-31.1426676452727
-53.8144124979499,-31.1192849702727
-53.8279124979499,-31.0959022952727
-53.8414124979499,-31.0725196202727
-53.8549124979499,-31.0491369452727
-53.8684124979499,-31.0257542702727
-53.9089124979499,-31.0023715952727
-53.9359124979499,-31.0023715952727
-54.2464124979499,-31.1660503202727
-54.2599124979499,-31.1894329952727
-54.2734124979499,-31.2128156702728
-54.2734124979499,-31.2595810202728
-54.2599124979499,-31.2829636952728
-54.2464124979499,-31.3063463702728
-54.2329124979499,-31.3297290452728
-54.2194124979499,-31.3531117202728
-54.2059124979499,-31.3764943952728
-54.1924124979499,-31.3998770702728
-54.1789124979499,-31.4232597452728
-54.1654124979499,-31.4466424202728
-54.0439124979499,-31.4700250952728
-54.0169124979499,-31.4700250952728
-53.9899124979499,-31.4700250952728
-53.9629124979499,-31.4700250952728
-53.9359124979499,-31.4700250952728
-53.7199124979499,-31.2361983452728
-53.8684124979499,-30.9789889202727
-54.3139124979499,-31.2361983452728
-53.7334124979499,-31.2128156702728
-53.7469124979499,-31.1894329952727
-53.7604124979499,-31.1660503202727
-53.7739124979499,-31.1426676452727
-53.7874124979499,-31.1192849702727
-53.8009124979499,-31.0959022952727
-53.8144124979499,-31.0725196202727
-53.8279124979499,-31.0491369452727
-53.8414124979499,-31.0257542702727
-53.8549124979499,-31.0023715952727
-53.8954124979499,-30.9789889202727
-53.9224124979499,-30.9789889202727
-54.2734124979499,-31.1660503202727
-54.2869124979499,-31.1894329952727
-54.3004124979499,-31.2128156702728
-54.3004124979499,-31.2595810202728
-54.2869124979499,-31.2829636952728
-54.2734124979499,-31.3063463702728
-54.2599124979499,-31.3297290452728
-54.2464124979499,-31.3531117202728
-54.2329124979499,-31.3764943952728
-54.2194124979499,-31.3998770702728
-54.2059124979499,-31.4232597452728
-54.1924124979499,-31.4466424202728
-54.1789124979499,-31.4700250952728
-54.0304124979499,-31.4934077702728
-54.0034124979499,-31.4934077702728
-53.9764124979499,-31.4934077702728
-53.7604124979499,-31.3063463702728
-53.7469124979499,-31.2829636952728
-53.7334124979499,-31.2595810202728
-53.6929124979499,-31.2361983452728
-53.8549124979499,-30.9556062452727
-54.3409124979499,-31.2361983452728
-53.7064124979499,-31.2128156702728
-53.7199124979499,-31.1894329952727
-53.7334124979499,-31.1660503202727
-53.7469124979499,-31.1426676452727
-53.7604124979499,-31.1192849702727
-53.7739124979499,-31.0959022952727
-53.7874124979499,-31.0725196202727
-53.8009124979499,-31.0491369452727
-53.8144124979499,-31.0257542702727
-53.8279124979499,-31.0023715952727
-53.8414124979499,-30.9789889202727
-53.8819124979499,-30.9556062452727
-53.9089124979499,-30.9556062452727
-54.3004124979499,-31.1660503202727
-54.3139124979499,-31.1894329952727
-54.3274124979499,-31.2128156702728
-54.3274124979499,-31.2595810202728
-54.3139124979499,-31.2829636952728
-54.3004124979499,-31.3063463702728
-54.2869124979499,-31.3297290452728
-54.2734124979499,-31.3531117202728
-54.2599124979499,-31.3764943952728
-54.2464124979499,-31.3998770702728
-54.2329124979499,-31.4232597452728
-54.2194124979499,-31.4466424202728
-54.2059124979499,-31.4700250952728
-54.1924124979499,-31.4934077702728
-54.0169124979499,-31.5167904452728
-53.9899124979499,-31.5167904452728
-53.7334124979499,-31.3063463702728
-53.7199124979499,-31.2829636952728
-53.7064124979499,-31.2595810202728
-53.6659124979499,-31.2361983452728
-53.8414124979499,-30.9322235702727
-54.3679124979499,-31.2361983452728
-53.6794124979499,-31.2128156702728
-53.6929124979499,-31.1894329952727
-53.7064124979499,-31.1660503202727
-53.7199124979499,-31.1426676452727
-53.7334124979499,-31.1192849702727
-53.7469124979499,-31.0959022952727
-53.7604124979499,-31.0725196202727
-53.7739124979499,-31.0491369452727
-53.7874124979499,-31.0257542702727
-53.8009124979499,-31.0023715952727
-53.8144124979499,-30.9789889202727
-53.8279124979499,-30.9556062452727
-53.8684124979499,-30.9322235702727
-54.3544124979499,-31.2128156702728
-54.3544124979499,-31.2595810202728
-54.3409124979499,-31.2829636952728
-54.3274124979499,-31.3063463702728
-54.3139124979499,-31.3297290452728
-54.3004124979499,-31.3531117202728
-54.2869124979499,-31.3764943952728
-54.2734124979499,-31.3998770702728
-54.2599124979499,-31.4232597452728
-54.2464124979499,-31.4466424202728
-54.2329124979499,-31.4700250952728
-54.2194124979499,-31.4934077702728
-53.7064124979499,-31.3063463702728
-53.6929124979499,-31.2829636952728
-53.6794124979499,-31.2595810202728
-53.6389124979499,-31.2361983452728
-53.8279124979499,-30.9088408952727
-54.3949124979499,-31.2361983452728
-53.6524124979499,-31.2128156702728
-53.6659124979499,-31.1894329952727
-53.6794124979499,-31.1660503202727
-53.6929124979499,-31.1426676452727
-53.7064124979499,-31.1192849702727
-53.7199124979499,-31.0959022952727
-53.7334124979499,-31.0725196202727
-53.7469124979499,-31.0491369452727
-53.7604124979499,-31.0257542702727
-53.7739124979499,-31.0023715952727
-53.7874124979499,-30.9789889202727
-53.8009124979499,-30.9556062452727
-53.8144124979499,-30.9322235702727
-54.3814124979499,-31.2595810202728
-54.3679124979499,-31.2829636952728
-54.3544124979499,-31.3063463702728
-54.3409124979499,-31.3297290452728
-54.3274124979499,-31.3531117202728
-54.3139124979499,-31.3764943952728
-54.3004124979499,-31.3998770702728
-54.2869124979499,-31.4232597452728
-54.2734124979499,-31.4466424202728
-54.2599124979499,-31.4700250952728
-54.2464124979499,-31.4934077702728
-53.6929124979499,-31.3297290452728
-53.6794124979499,-31.3063463702728
-53.6659124979499,-31.2829636952728
-53.6524124979499,-31.2595810202728
-53.6119124979499,-31.2361983452728
-53.6254124979499,-31.2128156702728
-53.6389124979499,-31.1894329952727
-53.6524124979499,-31.1660503202727
-53.6659124979499,-31.1426676452727
-53.6794124979499,-31.1192849702727
-53.6929124979499,-31.0959022952727
-53.7064124979499,-31.0725196202727
-53.7199124979499,-31.0491369452727
-53.7334124979499,-31.0257542702727
-53.7469124979499,-31.0023715952727
-53.7604124979499,-30.9789889202727
-53.7739124979499,-30.9556062452727
-53.7874124979499,-30.9322235702727
-53.8009124979499,-30.9088408952727
-54.3949124979499,-31.2829636952728
-54.3814124979499,-31.3063463702728
-54.3679124979499,-31.3297290452728
-54.3544124979499,-31.3531117202728
-54.3409124979499,-31.3764943952728
-54.3274124979499,-31.3998770702728
-54.3139124979499,-31.4232597452728
-54.3004124979499,-31.4466424202728
-54.2869124979499,-31.4700250952728
-54.2734124979499,-31.4934077702728
-53.6659124979499,-31.3297290452728
-53.6524124979499,-31.3063463702728
-53.6389124979499,-31.2829636952728
-53.6254124979499,-31.2595810202728
-53.5849124979499,-31.2361983452728
-53.5984124979499,-31.2128156702728
-53.6119124979499,-31.1894329952727
-53.6254124979499,-31.1660503202727
-53.6389124979499,-31.1426676452727
-53.6524124979499,-31.1192849702727
-53.6659124979499,-31.0959022952727
-53.6794124979499,-31.0725196202727
-53.6929124979499,-31.0491369452727
-53.7064124979499,-31.0257542702727
-53.7199124979499,-31.0023715952727
-53.7334124979499,-30.9789889202727
-53.7469124979499,-30.9556062452727
-53.7604124979499,-30.9322235702727
-53.7739124979499,-30.9088408952727
-54.4084124979499,-31.3063463702728
-54.3949124979499,-31.3297290452728
-54.3814124979499,-31.3531117202728
-54.3679124979499,-31.3764943952728
-54.3544124979499,-31.3998770702728
-54.3409124979499,-31.4232597452728
-54.3274124979499,-31.4466424202728
-54.3139124979499,-31.4700250952728
-54.3004124979499,-31.4934077702728
-54.2869124979499,-31.5167904452728
-53.6389124979499,-31.3297290452728
-53.6254124979499,-31.3063463702728
-53.6119124979499,-31.2829636952728
-53.5984124979499,-31.2595810202728
-53.5579124979499,-31.2361983452728
-53.5714124979499,-31.2128156702728
-53.5849124979499,-31.1894329952727
-53.5984124979499,-31.1660503202727
-53.6119124979499,-31.1426676452727
-53.6254124979499,-31.1192849702727
-53.6389124979499,-31.0959022952727
-53.6524124979499,-31.0725196202727
-53.6659124979499,-31.0491369452727
-53.6794124979499,-31.0257542702727
-53.6929124979499,-31.0023715952727
-53.7064124979499,-30.9789889202727
-53.7199124979499,-30.9556062452727
-53.7334124979499,-30.9322235702727
-53.7469124979499,-30.9088408952727
-53.7604124979499,-30.8854582202727
-54.4354124979499,-31.3063463702728
-54.4219124979499,-31.3297290452728
-54.4084124979499,-31.3531117202728
-54.3949124979499,-31.3764943952728
-54.3814124979499,-31.3998770702728
-54.3679124979499,-31.4232597452728
-54.3544124979499,-31.4466424202728
-54.3409124979499,-31.4700250952728
-54.3274124979499,-31.4934077702728
-54.3139124979499,-31.5167904452728
-54.3004124979499,-31.5401731202728
-53.5714124979499,-31.2595810202728
-53.5309124979499,-31.2361983452728
-53.5444124979499,-31.2128156702728
-53.5579124979499,-31.1894329952727
-53.5714124979499,-31.1660503202727
-53.5849124979499,-31.1426676452727
-53.5984124979499,-31.1192849702727
-53.6119124979499,-31.0959022952727
-53.6254124979499,-31.0725196202727
-53.6389124979499,-31.0491369452727
-53.6524124979499,-31.0257542702727
-53.6659124979499,-31.0023715952727
-53.6794124979499,-30.9789889202727
-53.6929124979499,-30.9556062452727
-53.7064124979499,-30.9322235702727
-53.7199124979499,-30.9088408952727
-53.7334124979499,-30.8854582202727
-54.4624124979499,-31.3063463702728
-54.4489124979499,-31.3297290452728
-54.4354124979499,-31.3531117202728
-54.4219124979499,-31.3764943952728
-54.4084124979499,-31.3998770702728
-54.3949124979499,-31.4232597452728
-54.3814124979499,-31.4466424202728
-54.3679124979499,-31.4700250952728
-54.3544124979499,-31.4934077702728
-54.3409124979499,-31.5167904452728
-54.3274124979499,-31.5401731202728
-53.5309124979499,-31.1894329952727
-53.5444124979499,-31.1660503202727
-53.5579124979499,-31.1426676452727
-53.5714124979499,-31.1192849702727
-53.5849124979499,-31.0959022952727
-53.5984124979499,-31.0725196202727
-53.6119124979499,-31.0491369452727
-53.6254124979499,-31.0257542702727
-53.6389124979499,-31.0023715952727
-53.6524124979499,-30.9789889202727
-53.6659124979499,-30.9556062452727
-53.6794124979499,-30.9322235702727
-53.6929124979499,-30.9088408952727
-53.7064124979499,-30.8854582202727
-54.4894124979499,-31.3063463702728
-54.4759124979499,-31.3297290452728
-54.4624124979499,-31.3531117202728
-54.4489124979499,-31.3764943952728
-54.4354124979499,-31.3998770702728
-54.4219124979499,-31.4232597452728
-54.4084124979499,-31.4466424202728
-54.3949124979499,-31.4700250952728
-54.3814124979499,-31.4934077702728
-54.3679124979499,-31.5167904452728
-54.3544124979499,-31.5401731202728
-54.3409124979499,-31.5635557952728
-53.5174124979499,-31.1660503202727
-53.5309124979499,-31.1426676452727
-53.5444124979499,-31.1192849702727
-53.5579124979499,-31.0959022952727
-53.5714124979499,-31.0725196202727
-53.5849124979499,-31.0491369452727
-53.5984124979499,-31.0257542702727
-53.6119124979499,-31.0023715952727
-53.6254124979499,-30.9789889202727
-53.6389124979499,-30.9556062452727
-53.6524124979499,-30.9322235702727
-53.6659124979499,-30.9088408952727
-53.6794124979499,-30.8854582202727
-53.6929124979499,-30.8620755452727
-54.5029124979499,-31.3297290452728
-54.4894124979499,-31.3531117202728
-54.4759124979499,-31.3764943952728
-54.4624124979499,-31.3998770702728
-54.4489124979499,-31.4232597452728
-54.4354124979499,-31.4466424202728
-54.4219124979499,-31.4700250952728
-54.4084124979499,-31.4934077702728
-54.3949124979499,-31.5167904452728
-54.3814124979499,-31.5401731202728
-54.3679124979499,-31.5635557952728
-53.5039124979499,-31.1426676452727
-53.5174124979499,-31.1192849702727
-53.5309124979499,-31.0959022952727
-53.5444124979499,-31.0725196202727
-53.5579124979499,-31.0491369452727
-53.5714124979499,-31.0257542702727
-53.5849124979499,-31.0023715952727
-53.5984124979499,-30.9789889202727
-53.6119124979499,-30.9556062452727
-53.6254124979499,-30.9322235702727
-53.6389124979499,-30.9088408952727
-53.6524124979499,-30.8854582202727
-53.6659124979499,-30.8620755452727
-54.5299124979500,-31.3297290452728
-54.5164124979500,-31.3531117202728
-54.5029124979499,-31.3764943952728
-54.4894124979499,-31.3998770702728
-54.4759124979499,-31.4232597452728
-54.4624124979499,-31.4466424202728
-54.4489124979499,-31.4700250952728
-54.4354124979499,-31.4934077702728
-54.4219124979499,-31.5167904452728
-54.4084124979499,-31.5401731202728
-54.3949124979499,-31.5635557952728
-54.3814124979499,-31.5869384702728
-53.4904124979499,-31.1192849702727
-53.5039124979499,-31.0959022952727
-53.5174124979499,-31.0725196202727
-53.5309124979499,-31.0491369452727
-53.5444124979499,-31.0257542702727
-53.5579124979499,-31.0023715952727
-53.5714124979499,-30.9789889202727
-53.5849124979499,-30.9556062452727
-53.5984124979499,-30.9322235702727
-53.6119124979499,-30.9088408952727
-53.6254124979499,-30.8854582202727
-54.5434124979500,-31.3531117202728
-54.5299124979500,-31.3764943952728
-54.5164124979500,-31.3998770702728
-54.5029124979499,-31.4232597452728
-54.4894124979499,-31.4466424202728
-54.4759124979499,-31.4700250952728
-54.4624124979499,-31.4934077702728
-54.4489124979499,-31.5167904452728
-54.4354124979499,-31.5401731202728
-54.4219124979499,-31.5635557952728
-54.4084124979499,-31.5869384702728
-54.3949124979499,-31.6103211452728
-53.4904124979499,-31.0725196202727
-53.5039124979499,-31.0491369452727
-53.5174124979499,-31.0257542702727
-53.5309124979499,-31.0023715952727
-53.5444124979499,-30.9789889202727
-53.5579124979499,-30.9556062452727
-53.5714124979499,-30.9322235702727
-53.5984124979499,-30.8854582202727
-54.5569124979500,-31.3764943952728
-54.5434124979500,-31.3998770702728
-54.5299124979500,-31.4232597452728
-54.5164124979500,-31.4466424202728
-54.5029124979499,-31.4700250952728
-54.4894124979499,-31.4934077702728
-54.4759124979499,-31.5167904452728
-54.4624124979499,-31.5401731202728
-54.4489124979499,-31.5635557952728
-54.4354124979499,-31.5869384702728
-54.4219124979499,-31.6103211452728
-54.4084124979499,-31.6337038202728
-53.4904124979499,-31.0257542702727
-53.5039124979499,-31.0023715952727
-53.5174124979499,-30.9789889202727
-53.5309124979499,-30.9556062452727
-54.5839124979500,-31.3764943952728
-54.5704124979500,-31.3998770702728
-54.5569124979500,-31.4232597452728
-54.5434124979500,-31.4466424202728
-54.5299124979500,-31.4700250952728
-54.5164124979500,-31.4934077702728
-54.5029124979499,-31.5167904452728
-54.4894124979499,-31.5401731202728
-54.4759124979499,-31.5635557952728
-54.4624124979499,-31.5869384702728
-54.4489124979499,-31.6103211452728
-54.4354124979499,-31.6337038202728
-53.4634124979499,-31.0257542702727
-53.4769124979499,-31.0023715952727
-53.4904124979499,-30.9789889202727
-53.5039124979499,-30.9556062452727
-54.6109124979500,-31.3764943952728
-54.5974124979500,-31.3998770702728
-54.5839124979500,-31.4232597452728
-54.5704124979500,-31.4466424202728
-54.5569124979500,-31.4700250952728
-54.5434124979500,-31.4934077702728
-53.4634124979499,-30.9789889202727
-54.6379124979500,-31.3764943952728
-54.6244124979500,-31.3998770702728
-54.6109124979500,-31.4232597452728
-54.5974124979500,-31.4466424202728
-54.6514124979500,-31.3998770702728
-54.6379124979500,-31.4232597452728
-54.6244124979500,-31.4466424202728
-54.6649124979500,-31.4232597452728
-54.6514124979500,-31.4466424202728
-54.6784124979500,-31.4466424202728
