-52.9198871412652,-32.1884015867646
-52.8928871412652,-32.1884015867646
-52.9063871412652,-32.1650189117646
-52.9333871412652,-32.1650189117646
-52.9468871412652,-32.1884015867646
-52.9333871412652,-32.2117842617646
-52.9063871412652,-32.2117842617646
-52.8658871412652,-32.1884015867646
-52.8928871412652,-32.1416362367646
-52.9468871412652,-32.1416362367646
-52.9738871412652,-32.1884015867646
-52.9468871412652,-32.2351669367646
-52.8928871412652,-32.2351669367646
-52.8793871412652,-32.1650189117646
-52.9198871412652,-32.1416362367646
-52.9603871412652,-32.1650189117646
-52.9603871412652,-32.2117842617646
-52.9198871412652,-32.2351669367646
-52.8793871412652,-32.2117842617646
-52.8388871412652,-32.1884015867646
-52.8793871412652,-32.1182535617646
-52.9603871412652,-32.1182535617646
-53.0008871412652,-32.1884015867646
-52.9603871412652,-32.2585496117646
-52.8793871412652,-32.2585496117646
-52.8523871412652,-32.1650189117646
-52.8658871412652,-32.1416362367646
-52.9063871412652,-32.1182535617646
-52.9333871412652,-32.1182535617646
-52.9738871412652,-32.1416362367646
-52.9873871412652,-32.1650189117646
-52.9873871412652,-32.2117842617646
-52.9738871412652,-32.2351669367646
-52.9333871412652,-32.2585496117646
-52.9063871412652,-32.2585496117646
-52.8658871412652,-32.2351669367646
-52.8523871412652,-32.2117842617646
-52.8118871412652,-32.1884015867646
-52.8658871412652,-32.0948708867646
-52.9738871412652,-32.0948708867646
-53.0278871412652,-32.1884015867646
-52.9738871412652,-32.2819322867646
-52.8658871412652,-32.2819322867646
-52.8253871412652,-32.1650189117646
-52.8388871412652,-32.1416362367646
-52.8523871412652,-32.1182535617646
-52.8928871412652,-32.0948708867646
-52.9198871412652,-32.0948708867646
-52.9468871412652,-32.0948708867646
-52.9873871412652,-32.1182535617646
-53.0008871412652,-32.1416362367646
-53.0143871412652,-32.1650189117646
-53.0143871412652,-32.2117842617646
-53.0008871412652,-32.2351669367646
-52.9873871412652,-32.2585496117646
-52.9468871412652,-32.2819322867646
-52.9198871412652,-32.2819322867646
-52.8928871412652,-32.2819322867646
-52.8523871412652,-32.2585496117646
-52.8388871412652,-32.2351669367646
-52.8253871412652,-32.2117842617646
-52.7848871412652,-32.1884015867646
-52.8523871412652,-32.0714882117646
-52.9873871412652,-32.0714882117646
-53.0548871412652,-32.1884015867646
-52.9873871412652,-32.3053149617646
-52.8523871412652,-32.3053149617646
-52.7983871412652,-32.1650189117646
-52.8118871412652,-32.1416362367646
-52.8253871412652,-32.1182535617646
-52.8388871412652,-32.0948708867646
-52.8793871412652,-32.0714882117646
-52.9063871412652,-32.0714882117646
-52.9333871412652,-32.0714882117646
-52.9603871412652,-32.0714882117646
-53.0008871412652,-32.0948708867646
-53.0143871412652,-32.1182535617646
-53.0278871412652,-32.1416362367646
-53.0413871412652,-32.1650189117646
-53.0413871412652,-32.2117842617646
-53.0278871412652,-32.2351669367646
-53.0143871412652,-32.2585496117646
-53.0008871412652,-32.2819322867646
-52.9603871412652,-32.3053149617646
-52.9333871412652,-32.3053149617646
-52.9063871412652,-32.3053149617646
-52.8793871412652,-32.3053149617646
-52.8388871412652,-32.2819322867646
-52.8253871412652,-32.2585496117646
-52.8118871412652,-32.2351669367646
-52.7983871412652,-32.2117842617646
-52.7578871412652,-32.1884015867646
-53.0008871412652,-32.0481055367646
-53.0818871412652,-32.1884015867646
-53.0008871412652,-32.3286976367646
-52.8388871412652,-32.3286976367646
-52.7713871412652,-32.1650189117646
-52.7848871412652,-32.1416362367646
-52.7983871412652,-32.1182535617646
-52.8118871412652,-32.0948708867646
-52.8253871412652,-32.0714882117646
-52.8658871412652,-32.0481055367646
-52.8928871412652,-32.0481055367646
-52.9198871412652,-32.0481055367646
-52.9468871412652,-32.0481055367646
-52.9738871412652,-32.0481055367646
-53.0143871412652,-32.0714882117646
-53.0278871412652,-32.0948708867646
-53.0413871412652,-32.1182535617646
-53.0548871412652,-32.1416362367646
-53.0683871412652,-32.1650189117646
-53.0683871412652,-32.2117842617646
-53.0548871412652,-32.2351669367646
-53.0413871412652,-32.2585496117646
-53.0278871412652,-32.2819322867646
-53.0143871412652,-32.3053149617646
-52.9738871412652,-32.3286976367646
-52.9468871412652,-32.3286976367646
-52.9198871412652,-32.3286976367646
-52.8928871412652,-32.3286976367646
-52.8658871412652,-32.3286976367646
-52.8253871412652,-32.3053149617646
-52.8118871412652,-32.2819322867646
-52.7983871412652,-32.2585496117646
-52.7848871412652,-32.2351669367646
-52.7713871412652,-32.2117842617646
-53.1088871412652,-32.1884015867646
-53.0143871412652,-32.3520803117646
-52.8253871412652,-32.3520803117646
-52.7443871412652,-32.1650189117646
-52.7578871412652,-32.1416362367646
-52.7713871412652,-32.1182535617646
-53.0278871412652,-32.0481055367646
-53.0413871412652,-32.0714882117646
-53.0548871412652,-32.0948708867646
-53.0683871412652,-32.1182535617646
-53.0818871412652,-32.1416362367646
-53.0953871412652,-32.1650189117646
-53.0953871412652,-32.2117842617646
-53.0818871412652,-32.2351669367646
-53.0683871412652,-32.2585496117646
-53.0548871412652,-32.2819322867646
-53.0413871412652,-32.3053149617646
-53.0278871412652,-32.3286976367646
-52.9873871412652,-32.3520803117646
-52.9603871412652,-32.3520803117646
-52.9333871412652,-32.3520803117646
-52.9063871412652,-32.3520803117646
-52.8793871412652,-32.3520803117646
-52.8523871412652,-32.3520803117646
-53.1358871412652,-32.1884015867646
-53.0278871412652,-32.3754629867646
-52.8118871412652,-32.3754629867646
-52.7308871412652,-32.1416362367646
-52.7443871412652,-32.1182535617646
-52.7578871412652,-32.0948708867646
-52.7713871412652,-32.0714882117646
-53.0413871412652,-32.0247228617646
-53.0548871412652,-32.0481055367646
-53.0683871412652,-32.0714882117646
-53.0818871412652,-32.0948708867646
-53.0953871412652,-32.1182535617646
-53.1088871412652,-32.1416362367646
-53.1223871412652,-32.1650189117646
-53.1223871412652,-32.2117842617646
-53.1088871412652,-32.2351669367646
-53.0953871412652,-32.2585496117646
-53.0818871412652,-32.2819322867646
-53.0683871412652,-32.3053149617646
-53.0548871412652,-32.3286976367646
-53.0413871412652,-32.3520803117646
-53.0008871412652,-32.3754629867646
-52.9738871412652,-32.3754629867646
-52.9468871412652,-32.3754629867646
-52.9198871412652,-32.3754629867646
-52.8928871412652,-32.3754629867646
-52.8658871412652,-32.3754629867646
-52.8388871412652,-32.3754629867646
-52.7983871412652,-32.3520803117646
-53.1628871412652,-32.1884015867646
-53.0413871412652,-32.3988456617646
-52.7983871412652,-32.3988456617646
-52.7038871412652,-32.1416362367646
-52.7173871412652,-32.1182535617646
-52.7308871412652,-32.0948708867646
-52.7443871412652,-32.0714882117646
-52.7578871412652,-32.0481055367646
-53.0683871412652,-32.0247228617646
-53.0818871412652,-32.0481055367646
-53.0953871412652,-32.0714882117646
-53.1088871412652,-32.0948708867646
-53.1223871412652,-32.1182535617646
-53.1358871412652,-32.1416362367646
-53.1493871412652,-32.1650189117646
-53.1493871412652,-32.2117842617646
-53.1358871412652,-32.2351669367646
-53.1223871412652,-32.2585496117646
-53.1088871412652,-32.2819322867646
-53.0953871412652,-32.3053149617646
-53.0818871412652,-32.3286976367646
-53.0683871412652,-32.3520803117646
-53.0548871412652,-32.3754629867646
-53.0143871412652,-32.3988456617646
-52.9873871412652,-32.3988456617646
-52.9603871412652,-32.3988456617646
-52.9333871412652,-32.3988456617646
-52.9063871412652,-32.3988456617646
-52.8793871412652,-32.3988456617646
-52.8523871412652,-32.3988456617646
-52.8253871412652,-32.3988456617646
-53.1898871412652,-32.1884015867646
-52.7848871412652,-32.4222283367646
-52.6768871412652,-32.1416362367646
-52.6903871412652,-32.1182535617646
-52.7038871412652,-32.0948708867646
-52.7173871412652,-32.0714882117646
-52.7308871412652,-32.0481055367646
-52.7443871412652,-32.0247228617646
-53.0953871412652,-32.0247228617646
-53.1088871412652,-32.0481055367646
-53.1223871412652,-32.0714882117646
-53.1358871412652,-32.0948708867646
-53.1493871412652,-32.1182535617646
-53.1628871412652,-32.1416362367646
-53.1763871412652,-32.1650189117646
-53.1763871412652,-32.2117842617646
-53.1628871412652,-32.2351669367646
-53.1493871412652,-32.2585496117646
-53.1358871412652,-32.2819322867646
-53.1223871412652,-32.3053149617646
-53.1088871412652,-32.3286976367646
-53.0953871412652,-32.3520803117646
-53.0818871412652,-32.3754629867646
-53.0278871412652,-32.4222283367646
-53.0008871412652,-32.4222283367646
-52.9738871412652,-32.4222283367646
-52.9468871412652,-32.4222283367646
-52.9198871412652,-32.4222283367646
-52.8928871412652,-32.4222283367646
-52.8658871412652,-32.4222283367646
-52.8388871412652,-32.4222283367646
-52.8118871412652,-32.4222283367646
-52.7713871412652,-32.3988456617646
-53.2168871412652,-32.1884015867646
-52.6498871412652,-32.1416362367646
-52.6633871412652,-32.1182535617646
-52.6768871412652,-32.0948708867646
-52.6903871412652,-32.0714882117646
-52.7038871412652,-32.0481055367646
-52.7173871412652,-32.0247228617646
-52.7308871412652,-32.0013401867646
-53.1223871412652,-32.0247228617646
-53.1358871412652,-32.0481055367646
-53.1493871412652,-32.0714882117646
-53.1628871412652,-32.0948708867646
-53.1763871412652,-32.1182535617646
-53.1898871412652,-32.1416362367646
-53.2033871412652,-32.1650189117646
-53.2033871412652,-32.2117842617646
-53.1898871412652,-32.2351669367646
-53.1763871412652,-32.2585496117646
-53.1628871412652,-32.2819322867646
-53.1493871412652,-32.3053149617646
-53.1358871412652,-32.3286976367646
-53.1223871412652,-32.3520803117646
-53.1088871412652,-32.3754629867646
-52.9603871412652,-32.4456110117646
-52.9333871412652,-32.4456110117646
-52.9063871412652,-32.4456110117646
-52.8793871412652,-32.4456110117646
-52.8523871412652,-32.4456110117646
-52.8253871412652,-32.4456110117646
-52.7983871412652,-32.4456110117646
-52.7443871412652,-32.3988456617646
-52.7308871412652,-32.3754629867646
-53.2438871412652,-32.1884015867646
-52.6228871412652,-32.1416362367646
-52.6363871412652,-32.1182535617646
-52.6498871412652,-32.0948708867646
-52.6633871412652,-32.0714882117646
-52.6768871412652,-32.0481055367646
-52.6903871412652,-32.0247228617646
-52.7038871412652,-32.0013401867646
-52.7173871412652,-31.9779575117646
-53.1628871412652,-32.0481055367646
-53.1763871412652,-32.0714882117646
-53.1898871412652,-32.0948708867646
-53.2033871412652,-32.1182535617646
-53.2168871412652,-32.1416362367646
-53.2303871412652,-32.1650189117646
-53.2303871412652,-32.2117842617646
-53.2168871412652,-32.2351669367646
-53.2033871412652,-32.2585496117646
-53.1898871412652,-32.2819322867646
-53.1763871412652,-32.3053149617646
-53.1628871412652,-32.3286976367646
-53.1493871412652,-32.3520803117646
-52.9468871412652,-32.4689936867646
-53.2708871412652,-32.1884015867646
-52.6093871412652,-32.1182535617646
-52.6228871412652,-32.0948708867646
-52.6363871412652,-32.0714882117646
-52.6498871412652,-32.0481055367646
-52.6633871412652,-32.0247228617646
-52.6768871412652,-32.0013401867646
-52.6903871412652,-31.9779575117646
-53.2033871412652,-32.0714882117646
-53.2168871412652,-32.0948708867646
-53.2303871412652,-32.1182535617646
-53.2438871412652,-32.1416362367646
-53.2573871412652,-32.2117842617646
-53.2438871412652,-32.2351669367646
-53.2303871412652,-32.2585496117646
-53.2168871412652,-32.2819322867646
-53.2033871412652,-32.3053149617646
-53.1898871412652,-32.3286976367646
-53.1763871412652,-32.3520803117646
-53.2978871412652,-32.1884015867646
-52.5958871412652,-32.0948708867646
-52.6093871412652,-32.0714882117646
-52.6228871412652,-32.0481055367646
-52.6363871412652,-32.0247228617646
-52.6498871412652,-32.0013401867646
-52.6633871412652,-31.9779575117646
-52.6768871412652,-31.9545748367646
-53.2843871412652,-32.2117842617646
-53.2708871412652,-32.2351669367646
-53.2573871412652,-32.2585496117646
-53.2438871412652,-32.2819322867646
-53.2303871412652,-32.3053149617646
-53.2168871412652,-32.3286976367646
-53.2033871412652,-32.3520803117646
-52.5688871412652,-32.0948708867646
-52.5823871412652,-32.0714882117646
-52.5958871412652,-32.0481055367646
-52.6093871412652,-32.0247228617646
-52.6228871412652,-32.0013401867646
-52.6363871412652,-31.9779575117646
-52.6498871412652,-31.9545748367646
-52.6633871412652,-31.9311921617645
-53.2843871412652,-32.2585496117646
-53.2708871412652,-32.2819322867646
-53.2573871412652,-32.3053149617646
-53.2438871412652,-32.3286976367646
-52.5418871412652,-32.0948708867646
-52.5553871412652,-32.0714882117646
-52.5688871412652,-32.0481055367646
-52.5823871412652,-32.0247228617646
-52.5958871412652,-32.0013401867646
-52.6093871412652,-31.9779575117646
-52.6228871412652,-31.9545748367646
-52.6363871412652,-31.9311921617645
-52.6498871412652,-31.9078094867645
-52.5283871412652,-32.0714882117646
-52.5418871412652,-32.0481055367646
-52.5553871412652,-32.0247228617646
-52.5688871412652,-32.0013401867646
-52.5823871412652,-31.9779575117646
-52.5958871412652,-31.9545748367646
-52.5148871412652,-32.0481055367646
-52.5283871412652,-32.0247228617646
-52.5418871412652,-32.0013401867646
-52.5553871412652,-31.9779575117646
-52.5688871412652,-31.9545748367646
-52.4878871412652,-32.0481055367646
-52.5013871412652,-32.0247228617646
-52.5148871412652,-32.0013401867646
-52.5283871412652,-31.9779575117646
-52.5418871412652,-31.9545748367646
-52.4608871412652,-32.0481055367646
-52.4743871412652,-32.0247228617646
-52.4878871412652,-32.0013401867646
-52.5148871412652,-31.9545748367646
-52.4338871412652,-32.0481055367646
-52.4473871412652,-32.0247228617646
-52.4608871412652,-32.0013401867646
-52.4203871412652,-32.0247228617646
