-54.8913020329421,-28.4178211245645
-54.8643020329421,-28.4178211245645
-54.8778020329421,-28.3944384495645
-54.9048020329421,-28.3944384495645
-54.9183020329421,-28.4178211245645
-54.9048020329421,-28.4412037995645
-54.8778020329421,-28.4412037995645
-54.8373020329421,-28.4178211245645
-54.8643020329421,-28.3710557745645
-54.9183020329421,-28.3710557745645
-54.9453020329421,-28.4178211245645
-54.9183020329421,-28.4645864745645
-54.8643020329421,-28.4645864745645
-54.8508020329421,-28.3944384495645
-54.8913020329421,-28.3710557745645
-54.9318020329421,-28.3944384495645
-54.9318020329421,-28.4412037995645
-54.8913020329421,-28.4645864745645
-54.8508020329421,-28.4412037995645
-54.8103020329421,-28.4178211245645
-54.9318020329421,-28.3476730995645
-54.9723020329421,-28.4178211245645
-54.9318020329421,-28.4879691495645
-54.8508020329421,-28.4879691495645
-54.8238020329421,-28.3944384495645
-54.8373020329421,-28.3710557745645
-54.8778020329421,-28.3476730995645
-54.9048020329421,-28.3476730995645
-54.9453020329421,-28.3710557745645
-54.9588020329421,-28.3944384495645
-54.9588020329421,-28.4412037995645
-54.9453020329421,-28.4645864745645
-54.9048020329421,-28.4879691495645
-54.8778020329421,-28.4879691495645
-54.8373020329421,-28.4645864745645
-54.8238020329421,-28.4412037995645
-54.7833020329421,-28.4178211245645
-54.9453020329421,-28.3242904245645
-54.9993020329421,-28.4178211245645
-54.8373020329421,-28.5113518245645
-54.7968020329421,-28.3944384495645
-54.8103020329421,-28.3710557745645
-54.8643020329421,-28.3242904245645
-54.8913020329421,-28.3242904245645
-54.9183020329421,-28.3242904245645
-54.9588020329421,-28.3476730995645
-54.9723020329421,-28.3710557745645
-54.9858020329421,-28.3944384495645
-54.9858020329421,-28.4412037995645
-54.9723020329421,-28.4645864745645
-54.9588020329421,-28.4879691495645
-54.8913020329421,-28.5113518245645
-54.8643020329421,-28.5113518245645
-54.8238020329421,-28.4879691495645
-54.8103020329421,-28.4645864745645
-54.7968020329421,-28.4412037995645
-54.7563020329421,-28.4178211245645
-54.9588020329421,-28.3009077495645
-55.0263020329421,-28.4178211245645
-54.8238020329421,-28.5347344995645
-54.7698020329421,-28.3944384495645
-54.7833020329421,-28.3710557745645
-54.8778020329421,-28.3009077495645
-54.9048020329421,-28.3009077495645
-54.9318020329421,-28.3009077495645
-54.9723020329421,-28.3242904245645
-54.9858020329421,-28.3476730995645
-54.9993020329421,-28.3710557745645
-55.0128020329421,-28.3944384495645
-55.0128020329421,-28.4412037995645
-54.9993020329421,-28.4645864745645
-54.9858020329421,-28.4879691495645
-54.9048020329421,-28.5347344995645
-54.8778020329421,-28.5347344995645
-54.8508020329421,-28.5347344995645
-54.8103020329421,-28.5113518245645
-54.7968020329421,-28.4879691495645
-54.7833020329421,-28.4645864745645
-54.7698020329421,-28.4412037995645
-54.7293020329421,-28.4178211245645
-54.9723020329421,-28.2775250745645
-55.0533020329421,-28.4178211245645
-54.8103020329421,-28.5581171745645
-54.7428020329421,-28.3944384495645
-54.7563020329421,-28.3710557745645
-54.9183020329421,-28.2775250745645
-54.9453020329421,-28.2775250745645
-54.9858020329421,-28.3009077495645
-54.9993020329421,-28.3242904245645
-55.0128020329421,-28.3476730995645
-55.0263020329421,-28.3710557745645
-55.0398020329421,-28.3944384495645
-55.0398020329421,-28.4412037995645
-55.0263020329421,-28.4645864745645
-54.9183020329421,-28.5581171745645
-54.8913020329421,-28.5581171745645
-54.8643020329421,-28.5581171745645
-54.8373020329421,-28.5581171745645
-54.7968020329421,-28.5347344995645
-54.7833020329421,-28.5113518245645
-54.7698020329421,-28.4879691495645
-54.7563020329421,-28.4645864745645
-54.7428020329421,-28.4412037995645
-54.7023020329421,-28.4178211245645
-54.9858020329421,-28.2541423995645
-55.0803020329421,-28.4178211245645
-54.7968020329421,-28.5814998495645
-54.7158020329421,-28.3944384495645
-54.7293020329421,-28.3710557745645
-54.9318020329421,-28.2541423995645
-54.9588020329421,-28.2541423995645
-54.9993020329421,-28.2775250745645
-55.0128020329421,-28.3009077495645
-55.0263020329421,-28.3242904245645
-55.0398020329421,-28.3476730995645
-55.0533020329421,-28.3710557745645
-55.0668020329421,-28.3944384495645
-55.0668020329421,-28.4412037995645
-55.0533020329421,-28.4645864745645
-54.9048020329421,-28.5814998495645
-54.8778020329421,-28.5814998495645
-54.8508020329421,-28.5814998495645
-54.8238020329421,-28.5814998495645
-54.7833020329421,-28.5581171745645
-54.7698020329421,-28.5347344995645
-54.7563020329421,-28.5113518245645
-54.7428020329421,-28.4879691495645
-54.7293020329421,-28.4645864745645
-54.7158020329421,-28.4412037995645
-54.6753020329421,-28.4178211245645
-54.9993020329421,-28.2307597245645
-55.1073020329421,-28.4178211245645
-54.7833020329421,-28.6048825245645
-54.6888020329421,-28.3944384495645
-54.7023020329421,-28.3710557745645
-54.9453020329421,-28.2307597245645
-54.9723020329421,-28.2307597245645
-55.0398020329421,-28.3009077495645
-55.0533020329421,-28.3242904245645
-55.0668020329421,-28.3476730995645
-55.0803020329421,-28.3710557745645
-55.0938020329421,-28.3944384495645
-55.0938020329421,-28.4412037995645
-55.0803020329421,-28.4645864745645
-54.8103020329421,-28.6048825245645
-54.7698020329421,-28.5814998495645
-54.7563020329421,-28.5581171745645
-54.7428020329421,-28.5347344995645
-54.7293020329421,-28.5113518245645
-54.7158020329421,-28.4879691495645
-54.7023020329421,-28.4645864745645
-54.6888020329421,-28.4412037995645
-55.0128020329421,-28.2073770495645
-55.1343020329421,-28.4178211245645
-54.6888020329421,-28.3476730995645
-54.9588020329421,-28.2073770495645
-54.9858020329421,-28.2073770495645
-55.0938020329421,-28.3476730995645
-55.1073020329421,-28.3710557745645
-55.1208020329421,-28.3944384495645
-55.1208020329421,-28.4412037995645
-55.1073020329421,-28.4645864745645
-54.7563020329421,-28.6048825245645
-54.7428020329421,-28.5814998495645
-54.7293020329421,-28.5581171745645
-54.7158020329421,-28.5347344995645
-54.7023020329421,-28.5113518245645
-54.6888020329421,-28.4879691495645
-54.6753020329421,-28.4645864745645
-54.6618020329421,-28.4412037995645
-54.9723020329421,-28.1839943745645
-54.9993020329421,-28.1839943745645
-55.1208020329421,-28.3476730995645
-55.1343020329421,-28.3710557745645
-55.1478020329421,-28.3944384495645
-55.1478020329421,-28.4412037995645
-54.7158020329421,-28.5814998495645
-54.7023020329421,-28.5581171745645
-54.6888020329421,-28.5347344995645
-54.6753020329421,-28.5113518245645
-54.6348020329421,-28.4412037995645
-54.9858020329421,-28.1606116995645
-55.1478020329421,-28.3476730995645
-55.1613020329421,-28.3710557745645
-55.1748020329421,-28.3944384495645
-54.6213020329421,-28.4645864745645
-54.6078020329421,-28.4412037995645
-54.5808020329421,-28.3944384495645
-55.1613020329421,-28.3242904245645
-55.1748020329421,-28.3476730995645
-55.1883020329421,-28.3710557745645
-55.2018020329421,-28.3944384495645
-54.5943020329421,-28.4645864745645
-54.5808020329421,-28.4412037995645
-54.5538020329421,-28.3944384495645
-54.5673020329421,-28.3710557745645
-55.1883020329421,-28.3242904245645
