-53.0066930550359,-33.1640256850312
-52.9796930550359,-33.1640256850312
-52.9931930550359,-33.1406430100312
-53.0201930550359,-33.1406430100312
-53.0336930550359,-33.1640256850312
-53.0201930550359,-33.1874083600312
-52.9931930550359,-33.1874083600312
-52.9526930550359,-33.1640256850312
-52.9796930550359,-33.1172603350312
-53.0336930550359,-33.1172603350312
-53.0606930550359,-33.1640256850312
-53.0336930550359,-33.2107910350312
-52.9796930550359,-33.2107910350312
-52.9661930550359,-33.1406430100312
-53.0066930550359,-33.1172603350312
-53.0471930550359,-33.1406430100312
-53.0471930550359,-33.1874083600312
-53.0066930550359,-33.2107910350312
-52.9661930550359,-33.1874083600312
-52.9256930550359,-33.1640256850312
-52.9661930550359,-33.0938776600312
-53.0471930550359,-33.0938776600312
-53.0876930550359,-33.1640256850312
-53.0471930550359,-33.2341737100312
-52.9661930550359,-33.2341737100312
-52.9391930550359,-33.1406430100312
-52.9526930550359,-33.1172603350312
-52.9931930550359,-33.0938776600312
-53.0201930550359,-33.0938776600312
-53.0606930550359,-33.1172603350312
-53.0741930550359,-33.1406430100312
-53.0741930550359,-33.1874083600312
-53.0606930550359,-33.2107910350312
-53.0201930550359,-33.2341737100312
-52.9931930550359,-33.2341737100312
-52.9526930550359,-33.2107910350312
-52.9391930550359,-33.1874083600312
-52.8986930550359,-33.1640256850312
-52.9526930550359,-33.0704949850312
-53.0606930550359,-33.0704949850312
-53.1146930550359,-33.1640256850312
-53.0606930550359,-33.2575563850312
-52.9526930550359,-33.2575563850312
-52.9121930550359,-33.1406430100312
-52.9256930550359,-33.1172603350312
-52.9391930550359,-33.0938776600312
-52.9796930550359,-33.0704949850312
-53.0066930550359,-33.0704949850312
-53.0336930550359,-33.0704949850312
-53.0741930550359,-33.0938776600312
-53.0876930550359,-33.1172603350312
-53.1011930550359,-33.1406430100312
-53.1011930550359,-33.1874083600312
-53.0876930550359,-33.2107910350312
-53.0741930550359,-33.2341737100312
-53.0336930550359,-33.2575563850312
-53.0066930550359,-33.2575563850312
-52.9796930550359,-33.2575563850312
-52.9391930550359,-33.2341737100312
-52.9256930550359,-33.2107910350312
-52.9121930550359,-33.1874083600312
-52.8716930550359,-33.1640256850312
-52.9391930550359,-33.0471123100312
-53.0741930550359,-33.0471123100312
-53.1416930550359,-33.1640256850312
-53.0741930550359,-33.2809390600312
-52.9391930550359,-33.2809390600312
-52.8851930550359,-33.1406430100312
-52.8986930550359,-33.1172603350312
-52.9121930550359,-33.0938776600312
-52.9256930550359,-33.0704949850312
-52.9661930550359,-33.0471123100312
-52.9931930550359,-33.0471123100312
-53.0201930550359,-33.0471123100312
-53.0471930550359,-33.0471123100312
-53.0876930550359,-33.0704949850312
-53.1011930550359,-33.0938776600312
-53.1146930550359,-33.1172603350312
-53.1281930550359,-33.1406430100312
-53.1281930550359,-33.1874083600312
-53.1146930550359,-33.2107910350312
-53.1011930550359,-33.2341737100312
-53.0876930550359,-33.2575563850312
-53.0471930550359,-33.2809390600312
-53.0201930550359,-33.2809390600312
-52.9931930550359,-33.2809390600312
-52.9661930550359,-33.2809390600312
-52.9256930550359,-33.2575563850312
-52.9121930550359,-33.2341737100312
-52.8986930550359,-33.2107910350312
-52.8851930550359,-33.1874083600312
-52.8446930550359,-33.1640256850312
-52.9256930550359,-33.0237296350312
-53.0876930550359,-33.0237296350312
-53.1686930550359,-33.1640256850312
-53.0876930550359,-33.3043217350312
-52.9256930550359,-33.3043217350312
-52.8581930550359,-33.1406430100312
-52.8716930550359,-33.1172603350312
-52.8851930550359,-33.0938776600312
-52.8986930550359,-33.0704949850312
-52.9121930550359,-33.0471123100312
-52.9526930550359,-33.0237296350312
-52.9796930550359,-33.0237296350312
-53.0066930550359,-33.0237296350312
-53.0336930550359,-33.0237296350312
-53.0606930550359,-33.0237296350312
-53.1011930550359,-33.0471123100312
-53.1146930550359,-33.0704949850312
-53.1281930550359,-33.0938776600312
-53.1416930550359,-33.1172603350312
-53.1551930550359,-33.1406430100312
-53.1551930550359,-33.1874083600312
-53.1416930550359,-33.2107910350312
-53.1281930550359,-33.2341737100312
-53.1146930550359,-33.2575563850312
-53.1011930550359,-33.2809390600312
-53.0606930550359,-33.3043217350312
-53.0336930550359,-33.3043217350312
-53.0066930550359,-33.3043217350312
-52.9796930550359,-33.3043217350312
-52.9526930550359,-33.3043217350312
-52.9121930550359,-33.2809390600312
-52.8986930550359,-33.2575563850312
-52.8851930550359,-33.2341737100312
-52.8716930550359,-33.2107910350312
-52.8581930550359,-33.1874083600312
-52.8176930550359,-33.1640256850312
-52.9121930550359,-33.0003469600312
-53.1011930550359,-33.0003469600312
-53.1956930550359,-33.1640256850312
-53.1011930550359,-33.3277044100312
-52.9121930550359,-33.3277044100312
-52.8311930550359,-33.1406430100312
-52.8446930550359,-33.1172603350312
-52.8581930550359,-33.0938776600312
-52.8716930550359,-33.0704949850312
-52.8851930550359,-33.0471123100312
-52.8986930550359,-33.0237296350312
-52.9391930550359,-33.0003469600312
-52.9661930550359,-33.0003469600312
-52.9931930550359,-33.0003469600312
-53.0201930550359,-33.0003469600312
-53.0471930550359,-33.0003469600312
-53.0741930550359,-33.0003469600312
-53.1146930550359,-33.0237296350312
-53.1281930550359,-33.0471123100312
-53.1416930550359,-33.0704949850312
-53.1551930550359,-33.0938776600312
-53.1686930550359,-33.1172603350312
-53.1821930550359,-33.1406430100312
-53.1821930550359,-33.1874083600312
-53.1686930550359,-33.2107910350312
-53.1551930550359,-33.2341737100312
-53.1416930550359,-33.2575563850312
-53.1281930550359,-33.2809390600312
-53.1146930550359,-33.3043217350312
-53.0741930550359,-33.3277044100312
-53.0471930550359,-33.3277044100312
-53.0201930550359,-33.3277044100312
-52.9931930550359,-33.3277044100312
-52.9661930550359,-33.3277044100312
-52.9391930550359,-33.3277044100312
-52.8986930550359,-33.3043217350312
-52.8851930550359,-33.2809390600312
-52.8716930550359,-33.2575563850312
-52.8581930550359,-33.2341737100312
-52.8446930550359,-33.2107910350312
-52.8311930550359,-33.1874083600312
-52.7906930550359,-33.1640256850312
-52.8986930550359,-32.9769642850312
-53.1146930550359,-32.9769642850312
-53.2226930550359,-33.1640256850312
-53.1146930550359,-33.3510870850312
-52.8986930550359,-33.3510870850312
-52.8041930550359,-33.1406430100312
-52.8176930550359,-33.1172603350312
-52.8311930550359,-33.0938776600312
-52.8446930550359,-33.0704949850312
-52.8581930550359,-33.0471123100312
-52.8716930550359,-33.0237296350312
-52.8851930550359,-33.0003469600312
-52.9256930550359,-32.9769642850312
-52.9526930550359,-32.9769642850312
-52.9796930550359,-32.9769642850312
-53.0066930550359,-32.9769642850312
-53.0336930550359,-32.9769642850312
-53.0606930550359,-32.9769642850312
-53.0876930550359,-32.9769642850312
-53.1281930550359,-33.0003469600312
-53.1416930550359,-33.0237296350312
-53.1551930550359,-33.0471123100312
-53.1686930550359,-33.0704949850312
-53.1821930550359,-33.0938776600312
-53.1956930550359,-33.1172603350312
-53.2091930550359,-33.1406430100312
-53.2091930550359,-33.1874083600312
-53.1956930550359,-33.2107910350312
-53.1821930550359,-33.2341737100312
-53.1686930550359,-33.2575563850312
-53.1551930550359,-33.2809390600312
-53.1416930550359,-33.3043217350312
-53.1281930550359,-33.3277044100312
-53.0876930550359,-33.3510870850312
-53.0606930550359,-33.3510870850312
-53.0336930550359,-33.3510870850312
-53.0066930550359,-33.3510870850312
-52.9796930550359,-33.3510870850312
-52.9526930550359,-33.3510870850312
-52.9256930550359,-33.3510870850312
-52.8851930550359,-33.3277044100312
-52.8716930550359,-33.3043217350312
-52.8581930550359,-33.2809390600312
-52.8446930550359,-33.2575563850312
-52.8311930550359,-33.2341737100312
-52.8176930550359,-33.2107910350312
-52.8041930550359,-33.1874083600312
-52.7636930550359,-33.1640256850312
-52.8851930550359,-32.9535816100312
-53.1281930550359,-32.9535816100312
-53.2496930550359,-33.1640256850312
-53.1281930550359,-33.3744697600312
-52.7771930550359,-33.1406430100312
-52.7906930550359,-33.1172603350312
-52.8041930550359,-33.0938776600312
-52.8176930550359,-33.0704949850312
-52.8311930550359,-33.0471123100312
-52.8446930550359,-33.0237296350312
-52.8581930550359,-33.0003469600312
-52.8716930550359,-32.9769642850312
-52.9121930550359,-32.9535816100312
-52.9391930550359,-32.9535816100312
-52.9661930550359,-32.9535816100312
-52.9931930550359,-32.9535816100312
-53.0201930550359,-32.9535816100312
-53.0471930550359,-32.9535816100312
-53.0741930550359,-32.9535816100312
-53.1011930550359,-32.9535816100312
-53.1416930550359,-32.9769642850312
-53.1551930550359,-33.0003469600312
-53.1686930550359,-33.0237296350312
-53.1821930550359,-33.0471123100312
-53.1956930550359,-33.0704949850312
-53.2091930550359,-33.0938776600312
-53.2226930550359,-33.1172603350312
-53.2361930550359,-33.1406430100312
-53.2361930550359,-33.1874083600312
-53.2226930550359,-33.2107910350312
-53.2091930550359,-33.2341737100312
-53.1956930550359,-33.2575563850312
-53.1821930550359,-33.2809390600312
-53.1686930550359,-33.3043217350312
-53.1551930550359,-33.3277044100312
-53.1416930550359,-33.3510870850312
-53.1011930550359,-33.3744697600312
-53.0741930550359,-33.3744697600312
-53.0471930550359,-33.3744697600312
-53.0201930550359,-33.3744697600312
-52.9931930550359,-33.3744697600312
-52.9661930550359,-33.3744697600312
-52.9391930550359,-33.3744697600312
-52.9121930550359,-33.3744697600312
-52.8716930550359,-33.3510870850312
-52.8581930550359,-33.3277044100312
-52.8446930550359,-33.3043217350312
-52.8311930550359,-33.2809390600312
-52.8176930550359,-33.2575563850312
-52.8041930550359,-33.2341737100312
-52.7906930550359,-33.2107910350312
-52.7771930550359,-33.1874083600312
-52.7366930550359,-33.1640256850312
-52.8716930550359,-32.9301989350312
-53.1416930550359,-32.9301989350312
-53.2766930550359,-33.1640256850312
-53.1416930550359,-33.3978524350312
-52.7501930550359,-33.1406430100312
-52.7636930550359,-33.1172603350312
-52.7771930550359,-33.0938776600312
-52.7906930550359,-33.0704949850312
-52.8041930550359,-33.0471123100312
-52.8176930550359,-33.0237296350312
-52.8311930550359,-33.0003469600312
-52.8446930550359,-32.9769642850312
-52.8581930550359,-32.9535816100312
-52.8986930550359,-32.9301989350312
-52.9256930550359,-32.9301989350312
-52.9526930550359,-32.9301989350312
-52.9796930550359,-32.9301989350312
-53.0066930550359,-32.9301989350312
-53.0336930550359,-32.9301989350312
-53.0606930550359,-32.9301989350312
-53.0876930550359,-32.9301989350312
-53.1146930550359,-32.9301989350312
-53.1551930550359,-32.9535816100312
-53.2091930550359,-33.0471123100312
-53.2226930550359,-33.0704949850312
-53.2361930550359,-33.0938776600312
-53.2496930550359,-33.1172603350312
-53.2631930550359,-33.1406430100312
-53.2631930550359,-33.1874083600312
-53.2496930550359,-33.2107910350312
-53.2361930550359,-33.2341737100312
-53.2226930550359,-33.2575563850312
-53.2091930550359,-33.2809390600312
-53.1956930550359,-33.3043217350312
-53.1821930550359,-33.3277044100312
-53.1686930550359,-33.3510870850312
-53.1551930550359,-33.3744697600312
-53.1146930550359,-33.3978524350312
-53.0876930550359,-33.3978524350312
-53.0606930550359,-33.3978524350312
-53.0336930550359,-33.3978524350312
-53.0066930550359,-33.3978524350312
-52.9796930550359,-33.3978524350312
-52.9526930550359,-33.3978524350312
-52.9256930550359,-33.3978524350312
-52.8176930550359,-33.3043217350312
-52.8041930550359,-33.2809390600312
-52.7906930550359,-33.2575563850312
-52.7771930550359,-33.2341737100312
-52.7636930550359,-33.2107910350312
-52.7501930550359,-33.1874083600312
-52.7096930550359,-33.1640256850312
-53.1551930550359,-32.9068162600312
-53.3036930550359,-33.1640256850312
-53.1551930550359,-33.4212351100312
-52.7231930550359,-33.1406430100312
-52.7366930550359,-33.1172603350312
-52.7501930550359,-33.0938776600312
-52.7636930550359,-33.0704949850312
-52.7771930550359,-33.0471123100312
-52.7906930550359,-33.0237296350312
-52.8041930550359,-33.0003469600312
-52.8176930550359,-32.9769642850312
-52.8311930550359,-32.9535816100312
-52.8446930550359,-32.9301989350312
-52.8851930550359,-32.9068162600312
-52.9121930550359,-32.9068162600312
-52.9391930550359,-32.9068162600312
-52.9661930550359,-32.9068162600312
-52.9931930550359,-32.9068162600312
-53.0201930550359,-32.9068162600312
-53.0471930550359,-32.9068162600312
-53.0741930550359,-32.9068162600312
-53.1011930550359,-32.9068162600312
-53.1281930550359,-32.9068162600312
-53.2766930550359,-33.1172603350312
-53.2901930550359,-33.1406430100312
-53.2901930550359,-33.1874083600312
-53.2766930550359,-33.2107910350312
-53.2631930550359,-33.2341737100312
-53.2496930550359,-33.2575563850312
-53.2361930550359,-33.2809390600312
-53.2226930550359,-33.3043217350312
-53.2091930550359,-33.3277044100312
-53.1956930550359,-33.3510870850312
-53.1821930550359,-33.3744697600312
-53.1686930550359,-33.3978524350312
-53.1281930550359,-33.4212351100312
-53.1011930550359,-33.4212351100312
-53.0741930550359,-33.4212351100312
-53.0471930550359,-33.4212351100312
-53.0201930550359,-33.4212351100312
-52.9931930550359,-33.4212351100312
-52.9661930550359,-33.4212351100312
-52.7771930550359,-33.2809390600312
-52.7636930550359,-33.2575563850312
-52.7501930550359,-33.2341737100312
-52.7366930550359,-33.2107910350312
-52.7231930550359,-33.1874083600312
-52.6826930550359,-33.1640256850312
-53.3306930550359,-33.1640256850312
-53.1686930550359,-33.4446177850312
-52.6961930550359,-33.1406430100312
-52.7096930550359,-33.1172603350312
-52.7231930550359,-33.0938776600312
-52.7366930550359,-33.0704949850312
-52.7501930550359,-33.0471123100312
-52.7636930550359,-33.0237296350312
-52.7771930550359,-33.0003469600312
-52.7906930550359,-32.9769642850312
-52.8041930550359,-32.9535816100312
-52.8176930550359,-32.9301989350312
-52.9256930550359,-32.8834335850312
-52.9526930550359,-32.8834335850312
-52.9796930550359,-32.8834335850312
-53.0066930550359,-32.8834335850312
-53.0336930550359,-32.8834335850312
-53.0606930550359,-32.8834335850312
-53.0876930550359,-32.8834335850312
-53.1146930550359,-32.8834335850312
-53.1416930550359,-32.8834335850312
-53.3036930550359,-33.1172603350312
-53.3171930550359,-33.1406430100312
-53.3171930550359,-33.1874083600312
-53.3036930550359,-33.2107910350312
-53.2901930550359,-33.2341737100312
-53.2766930550359,-33.2575563850312
-53.2631930550359,-33.2809390600312
-53.2496930550359,-33.3043217350312
-53.2361930550359,-33.3277044100312
-53.2226930550359,-33.3510870850312
-53.2091930550359,-33.3744697600312
-53.1956930550359,-33.3978524350312
-53.1821930550359,-33.4212351100312
-53.1416930550359,-33.4446177850312
-53.1146930550359,-33.4446177850312
-53.0876930550359,-33.4446177850312
-53.0606930550359,-33.4446177850312
-53.0336930550359,-33.4446177850312
-53.0066930550359,-33.4446177850312
-52.9796930550359,-33.4446177850312
-52.7096930550359,-33.2107910350312
-52.6961930550359,-33.1874083600312
-53.3576930550359,-33.1640256850312
-53.1821930550359,-33.4680004600312
-52.6691930550359,-33.1406430100312
-52.6826930550359,-33.1172603350312
-52.6961930550359,-33.0938776600312
-52.7096930550359,-33.0704949850312
-52.7231930550359,-33.0471123100312
-52.7366930550359,-33.0237296350312
-52.7501930550359,-33.0003469600312
-52.7636930550359,-32.9769642850312
-52.7771930550359,-32.9535816100312
-52.7906930550359,-32.9301989350312
-52.9661930550359,-32.8600509100312
-52.9931930550359,-32.8600509100312
-53.0201930550359,-32.8600509100312
-53.0471930550359,-32.8600509100312
-53.0741930550359,-32.8600509100312
-53.1011930550359,-32.8600509100312
-53.1281930550359,-32.8600509100312
-53.1551930550359,-32.8600509100312
-53.3306930550359,-33.1172603350312
-53.3441930550359,-33.1406430100312
-53.3441930550359,-33.1874083600312
-53.3306930550359,-33.2107910350312
-53.3171930550359,-33.2341737100312
-53.3036930550359,-33.2575563850312
-53.2901930550359,-33.2809390600312
-53.2766930550359,-33.3043217350312
-53.2631930550359,-33.3277044100312
-53.2496930550359,-33.3510870850312
-53.2361930550359,-33.3744697600312
-53.2226930550359,-33.3978524350312
-53.2091930550359,-33.4212351100312
-53.1956930550359,-33.4446177850312
-53.1551930550359,-33.4680004600312
-53.1281930550359,-33.4680004600312
-53.1011930550359,-33.4680004600312
-53.0741930550359,-33.4680004600312
-53.0471930550359,-33.4680004600312
-53.0201930550359,-33.4680004600312
-53.3846930550359,-33.1640256850312
-53.1956930550359,-33.4913831350312
-52.6556930550359,-33.1172603350312
-52.6691930550359,-33.0938776600312
-52.6826930550359,-33.0704949850312
-52.6961930550359,-33.0471123100312
-52.7096930550359,-33.0237296350312
-52.7231930550359,-33.0003469600312
-52.7366930550359,-32.9769642850312
-52.7501930550359,-32.9535816100312
-52.7636930550359,-32.9301989350312
-52.7771930550359,-32.9068162600312
-52.9796930550359,-32.8366682350312
-53.0066930550359,-32.8366682350312
-53.0336930550359,-32.8366682350312
-53.0606930550359,-32.8366682350312
-53.0876930550359,-32.8366682350312
-53.1146930550359,-32.8366682350312
-53.1416930550359,-32.8366682350312
-53.3441930550359,-33.0938776600312
-53.3576930550359,-33.1172603350312
-53.3711930550359,-33.1406430100312
-53.3711930550359,-33.1874083600312
-53.3576930550359,-33.2107910350312
-53.3441930550359,-33.2341737100312
-53.3306930550359,-33.2575563850312
-53.3171930550359,-33.2809390600312
-53.3036930550359,-33.3043217350312
-53.2901930550359,-33.3277044100312
-53.2766930550359,-33.3510870850312
-53.2631930550359,-33.3744697600312
-53.2496930550359,-33.3978524350312
-53.2361930550359,-33.4212351100312
-53.2226930550359,-33.4446177850312
-53.2091930550359,-33.4680004600312
-53.1686930550359,-33.4913831350312
-53.1416930550359,-33.4913831350312
-53.1146930550359,-33.4913831350312
-53.0876930550359,-33.4913831350312
-53.0606930550359,-33.4913831350312
-53.4116930550359,-33.1640256850312
-53.2091930550359,-33.5147658100312
-52.6421930550359,-33.0938776600312
-52.6556930550359,-33.0704949850312
-52.6691930550359,-33.0471123100312
-52.6826930550359,-33.0237296350312
-52.6961930550359,-33.0003469600312
-52.7096930550359,-32.9769642850312
-52.7231930550359,-32.9535816100312
-52.7366930550359,-32.9301989350312
-52.7501930550359,-32.9068162600312
-52.9931930550359,-32.8132855600312
-53.0201930550359,-32.8132855600312
-53.0471930550359,-32.8132855600312
-53.1281930550359,-32.8132855600312
-53.3981930550359,-33.1874083600312
-53.3846930550359,-33.2107910350312
-53.3711930550359,-33.2341737100312
-53.3576930550359,-33.2575563850312
-53.3441930550359,-33.2809390600312
-53.3306930550359,-33.3043217350312
-53.3171930550359,-33.3277044100312
-53.3036930550359,-33.3510870850312
-53.2901930550359,-33.3744697600312
-53.2766930550359,-33.3978524350312
-53.2631930550359,-33.4212351100312
-53.2496930550359,-33.4446177850312
-53.2361930550359,-33.4680004600312
-53.2226930550359,-33.4913831350312
-53.1821930550359,-33.5147658100312
-53.1551930550359,-33.5147658100312
-53.1281930550359,-33.5147658100312
-53.1011930550359,-33.5147658100312
-53.0741930550359,-33.5147658100312
-53.2226930550359,-33.5381484850312
-52.6286930550359,-33.0704949850312
-52.6421930550359,-33.0471123100312
-52.6556930550359,-33.0237296350312
-52.6691930550359,-33.0003469600312
-52.6826930550359,-32.9769642850312
-52.6961930550359,-32.9535816100312
-52.7096930550359,-32.9301989350312
-52.7231930550359,-32.9068162600312
-52.7366930550359,-32.8834335850312
-53.0066930550359,-32.7899028850312
-53.4251930550359,-33.1874083600312
-53.4116930550359,-33.2107910350312
-53.3981930550359,-33.2341737100312
-53.3846930550359,-33.2575563850312
-53.3711930550359,-33.2809390600312
-53.3576930550359,-33.3043217350312
-53.3441930550359,-33.3277044100312
-53.3306930550359,-33.3510870850312
-53.3171930550359,-33.3744697600312
-53.3036930550359,-33.3978524350312
-53.2901930550359,-33.4212351100312
-53.2766930550359,-33.4446177850312
-53.2631930550359,-33.4680004600312
-53.2496930550359,-33.4913831350312
-53.2361930550359,-33.5147658100312
-53.1956930550359,-33.5381484850312
-53.1686930550359,-33.5381484850312
-53.1416930550359,-33.5381484850312
-53.1146930550359,-33.5381484850312
-53.2361930550359,-33.5615311600312
-52.6151930550359,-33.0471123100312
-52.6286930550359,-33.0237296350312
-52.6421930550359,-33.0003469600312
-52.6556930550359,-32.9769642850312
-52.6691930550359,-32.9535816100312
-52.6826930550359,-32.9301989350312
-52.6961930550359,-32.9068162600312
-52.7096930550359,-32.8834335850312
-52.7231930550359,-32.8600509100312
-53.4386930550359,-33.2107910350312
-53.4251930550359,-33.2341737100312
-53.4116930550359,-33.2575563850312
-53.3981930550359,-33.2809390600312
-53.3846930550359,-33.3043217350312
-53.3711930550359,-33.3277044100312
-53.3576930550359,-33.3510870850312
-53.3441930550359,-33.3744697600312
-53.3306930550359,-33.3978524350312
-53.3171930550359,-33.4212351100312
-53.3036930550359,-33.4446177850312
-53.2901930550359,-33.4680004600312
-53.2766930550359,-33.4913831350312
-53.2631930550359,-33.5147658100312
-53.2496930550359,-33.5381484850312
-53.2091930550359,-33.5615311600312
-53.1821930550359,-33.5615311600312
-53.1551930550359,-33.5615311600312
-53.1281930550359,-33.5615311600312
-53.2496930550359,-33.5849138350312
-52.6016930550359,-33.0237296350312
-52.6151930550359,-33.0003469600312
-52.6286930550359,-32.9769642850312
-52.6421930550359,-32.9535816100312
-52.6556930550359,-32.9301989350312
-52.6691930550359,-32.9068162600312
-52.6826930550359,-32.8834335850312
-52.6961930550359,-32.8600509100312
-52.7096930550359,-32.8366682350312
-53.4521930550359,-33.2341737100312
-53.4386930550359,-33.2575563850312
-53.4251930550359,-33.2809390600312
-53.4116930550359,-33.3043217350312
-53.3981930550359,-33.3277044100312
-53.3846930550359,-33.3510870850312
-53.3711930550359,-33.3744697600312
-53.3576930550359,-33.3978524350312
-53.3441930550359,-33.4212351100312
-53.3306930550359,-33.4446177850312
-53.3171930550359,-33.4680004600312
-53.3036930550359,-33.4913831350312
-53.2901930550359,-33.5147658100312
-53.2766930550359,-33.5381484850312
-53.2631930550359,-33.5615311600312
-53.2226930550359,-33.5849138350312
-53.1956930550359,-33.5849138350312
-53.1686930550359,-33.5849138350312
-53.2631930550359,-33.6082965100312
-52.5881930550359,-33.0003469600312
-52.6016930550359,-32.9769642850312
-52.6151930550359,-32.9535816100312
-52.6286930550359,-32.9301989350312
-52.6421930550359,-32.9068162600312
-52.6556930550359,-32.8834335850312
-52.6691930550359,-32.8600509100312
-52.6826930550359,-32.8366682350312
-52.6961930550359,-32.8132855600312
-53.4656930550359,-33.2575563850312
-53.4521930550359,-33.2809390600312
-53.4386930550359,-33.3043217350312
-53.4251930550359,-33.3277044100312
-53.4116930550359,-33.3510870850312
-53.3981930550359,-33.3744697600312
-53.3846930550359,-33.3978524350312
-53.3711930550359,-33.4212351100312
-53.3576930550359,-33.4446177850312
-53.3441930550359,-33.4680004600312
-53.3306930550359,-33.4913831350312
-53.3171930550359,-33.5147658100312
-53.3036930550359,-33.5381484850312
-53.2901930550359,-33.5615311600312
-53.2766930550359,-33.5849138350312
-53.2361930550359,-33.6082965100312
-53.2091930550359,-33.6082965100312
-53.1821930550359,-33.6082965100312
-53.2766930550359,-33.6316791850312
-52.5746930550359,-32.9769642850312
-52.5881930550359,-32.9535816100312
-52.6016930550359,-32.9301989350312
-52.6151930550359,-32.9068162600312
-52.6286930550359,-32.8834335850312
-52.6421930550359,-32.8600509100312
-52.6556930550359,-32.8366682350312
-52.6691930550359,-32.8132855600312
-52.6826930550359,-32.7899028850312
-53.4521930550359,-33.3277044100312
-53.4386930550359,-33.3510870850312
-53.4251930550359,-33.3744697600312
-53.4116930550359,-33.3978524350312
-53.3981930550359,-33.4212351100312
-53.3846930550359,-33.4446177850312
-53.3711930550359,-33.4680004600312
-53.3576930550359,-33.4913831350312
-53.3441930550359,-33.5147658100312
-53.3306930550359,-33.5381484850312
-53.3171930550359,-33.5615311600312
-53.3036930550359,-33.5849138350312
-53.2901930550359,-33.6082965100312
-53.2496930550359,-33.6316791850312
-53.2226930550359,-33.6316791850312
-53.2901930550359,-33.6550618600312
-52.5611930550359,-32.9535816100312
-52.5746930550359,-32.9301989350312
-52.5881930550359,-32.9068162600312
-52.6016930550359,-32.8834335850312
-52.6151930550359,-32.8600509100312
-52.6286930550359,-32.8366682350312
-52.6421930550359,-32.8132855600312
-52.6556930550359,-32.7899028850312
-52.6691930550359,-32.7665202100312
-53.4251930550359,-33.4212351100312
-53.3981930550359,-33.4680004600312
-53.3846930550359,-33.4913831350312
-53.3711930550359,-33.5147658100312
-53.3576930550359,-33.5381484850312
-53.3441930550359,-33.5615311600312
-53.3306930550359,-33.5849138350312
-53.3171930550359,-33.6082965100312
-53.3036930550359,-33.6316791850312
-53.2631930550359,-33.6550618600312
-53.3036930550359,-33.6784445350312
-52.5476930550359,-32.9301989350312
-52.5611930550359,-32.9068162600312
-52.5746930550359,-32.8834335850312
-52.5881930550359,-32.8600509100312
-52.6016930550359,-32.8366682350312
-52.6151930550359,-32.8132855600312
-52.6286930550359,-32.7899028850312
-52.6421930550359,-32.7665202100312
-52.6556930550359,-32.7431375350312
-53.4251930550359,-33.4680004600312
-53.4116930550359,-33.4913831350312
-53.3981930550359,-33.5147658100312
-53.3846930550359,-33.5381484850312
-53.3711930550359,-33.5615311600312
-53.3576930550359,-33.5849138350312
-53.3441930550359,-33.6082965100312
-53.3306930550359,-33.6316791850312
-53.3171930550359,-33.7018272100312
-52.5341930550359,-32.9068162600312
-52.5476930550359,-32.8834335850312
-52.5611930550359,-32.8600509100312
-52.5746930550359,-32.8366682350312
-52.5881930550359,-32.8132855600312
-52.6016930550359,-32.7899028850312
-52.6151930550359,-32.7665202100312
-52.6286930550359,-32.7431375350312
-52.6421930550359,-32.7197548600312
-53.4251930550359,-33.5147658100312
-53.4116930550359,-33.5381484850312
-53.3981930550359,-33.5615311600312
-52.5206930550359,-32.8834335850312
-52.5341930550359,-32.8600509100312
-52.5476930550359,-32.8366682350312
-52.5611930550359,-32.8132855600312
-52.5746930550359,-32.7899028850312
-52.5881930550359,-32.7665202100312
-52.6016930550359,-32.7431375350312
-52.6151930550359,-32.7197548600312
-52.6286930550359,-32.6963721850312
-53.4386930550359,-33.5381484850312
-53.4251930550359,-33.5615311600312
-53.3441930550359,-33.7018272100312
-52.5071930550359,-32.8600509100312
-52.5206930550359,-32.8366682350312
-52.5341930550359,-32.8132855600312
-52.5476930550359,-32.7899028850312
-52.5611930550359,-32.7665202100312
-52.5746930550359,-32.7431375350312
-52.5881930550359,-32.7197548600312
-52.6016930550359,-32.6963721850312
-52.6151930550359,-32.6729895100312
-53.4521930550359,-33.5615311600312
-53.3576930550359,-33.7252098850312
-52.4936930550359,-32.8366682350312
-52.5071930550359,-32.8132855600312
-52.5206930550359,-32.7899028850312
-52.5341930550359,-32.7665202100312
-52.5476930550359,-32.7431375350312
-52.5611930550359,-32.7197548600312
-52.5746930550359,-32.6963721850312
-52.5881930550359,-32.6729895100312
-52.6016930550359,-32.6496068350312
-53.4656930550359,-33.5849138350312
-53.3846930550359,-33.7252098850312
-52.4801930550359,-32.8132855600312
-52.4936930550359,-32.7899028850312
-52.5071930550359,-32.7665202100312
-52.5206930550359,-32.7431375350312
-52.5341930550359,-32.7197548600312
-52.5476930550359,-32.6963721850312
-52.5611930550359,-32.6729895100312
-52.5746930550359,-32.6496068350312
-53.5061930550359,-33.5615311600312
-53.4926930550359,-33.5849138350312
-53.4791930550359,-33.6082965100312
-53.3981930550359,-33.7485925600312
-52.4666930550359,-32.7899028850312
-52.4801930550359,-32.7665202100312
-52.4936930550359,-32.7431375350312
-52.5071930550359,-32.7197548600312
-52.5206930550359,-32.6963721850312
-52.5341930550359,-32.6729895100312
-52.5476930550359,-32.6496068350312
-53.5061930550359,-33.6082965100312
-53.4926930550359,-33.6316791850312
-52.4666930550359,-32.7431375350312
-52.4801930550359,-32.7197548600312
-52.4936930550359,-32.6963721850312
-52.5071930550359,-32.6729895100312
-52.5206930550359,-32.6496068350312
-52.4531930550359,-32.7197548600312
-52.4666930550359,-32.6963721850312
-52.4801930550359,-32.6729895100312
-52.4936930550359,-32.6496068350312
-53.5196930550359,-33.6784445350312
-52.4531930550359,-32.6729895100312
-52.4666930550359,-32.6496068350312
-52.4396930550359,-32.6496068350312
