-55.7751407161652,-29.0657779548547
-55.7481407161652,-29.0657779548547
-55.7616407161652,-29.0423952798547
-55.7886407161652,-29.0423952798547
-55.8021407161652,-29.0657779548547
-55.7886407161652,-29.0891606298547
-55.7616407161652,-29.0891606298547
-55.7211407161652,-29.0657779548547
-55.7481407161652,-29.0190126048547
-55.8021407161652,-29.0190126048547
-55.8291407161652,-29.0657779548547
-55.8021407161652,-29.1125433048547
-55.7481407161652,-29.1125433048547
-55.7346407161652,-29.0423952798547
-55.7751407161652,-29.0190126048547
-55.8156407161652,-29.0423952798547
-55.8156407161652,-29.0891606298547
-55.7751407161652,-29.1125433048547
-55.7346407161652,-29.0891606298547
-55.6941407161652,-29.0657779548547
-55.7346407161652,-28.9956299298547
-55.8156407161652,-28.9956299298547
-55.8561407161652,-29.0657779548547
-55.7076407161652,-29.0423952798547
-55.7211407161652,-29.0190126048547
-55.7616407161652,-28.9956299298547
-55.7886407161652,-28.9956299298547
-55.8291407161652,-29.0190126048547
-55.8426407161652,-29.0423952798547
-55.8426407161652,-29.0891606298547
-55.8291407161652,-29.1125433048547
-55.7211407161652,-29.1125433048547
-55.7076407161652,-29.0891606298547
-55.6671407161652,-29.0657779548547
-55.8831407161652,-29.0657779548547
-55.6806407161652,-29.0423952798547
-55.6941407161652,-29.0190126048547
-55.8426407161652,-28.9956299298547
-55.8561407161652,-29.0190126048547
-55.8696407161652,-29.0423952798547
-55.8696407161652,-29.0891606298547
-55.8561407161652,-29.1125433048547
-55.6806407161652,-29.0891606298547
-55.6401407161651,-29.0657779548547
-55.9101407161652,-29.0657779548547
-55.6536407161651,-29.0423952798547
-55.6671407161652,-29.0190126048547
-55.8561407161652,-28.9722472548547
-55.8696407161652,-28.9956299298547
-55.8831407161652,-29.0190126048547
-55.8966407161652,-29.0423952798547
-55.8966407161652,-29.0891606298547
-55.8831407161652,-29.1125433048547
-55.8696407161652,-29.1359259798547
-55.6536407161651,-29.0891606298547
-55.6131407161651,-29.0657779548547
-55.9371407161652,-29.0657779548547
-55.6266407161651,-29.0423952798547
-55.6401407161651,-29.0190126048547
-55.8831407161652,-28.9722472548547
-55.8966407161652,-28.9956299298547
-55.9101407161652,-29.0190126048547
-55.9236407161652,-29.0423952798547
-55.9236407161652,-29.0891606298547
-55.9101407161652,-29.1125433048547
-55.8966407161652,-29.1359259798547
-55.6266407161651,-29.0891606298547
-55.5861407161651,-29.0657779548547
-55.9641407161652,-29.0657779548547
-55.5996407161651,-29.0423952798547
-55.6131407161651,-29.0190126048547
-55.9101407161652,-28.9722472548547
-55.9236407161652,-28.9956299298547
-55.9371407161652,-29.0190126048547
-55.9506407161652,-29.0423952798547
-55.9506407161652,-29.0891606298547
-55.9371407161652,-29.1125433048547
-55.9236407161652,-29.1359259798547
-55.5996407161651,-29.0891606298547
-55.5591407161651,-29.0657779548547
-55.9911407161652,-29.0657779548547
-55.5726407161651,-29.0423952798547
-55.5861407161651,-29.0190126048547
-55.9236407161652,-28.9488645798547
-55.9371407161652,-28.9722472548547
-55.9506407161652,-28.9956299298547
-55.9641407161652,-29.0190126048547
-55.9776407161652,-29.0423952798547
-55.9776407161652,-29.0891606298547
-55.9641407161652,-29.1125433048547
-55.9506407161652,-29.1359259798547
-55.5726407161651,-29.0891606298547
-55.5321407161651,-29.0657779548547
-56.0181407161652,-29.0657779548547
-55.5456407161651,-29.0423952798547
-55.5591407161651,-29.0190126048547
-55.9506407161652,-28.9488645798547
-55.9641407161652,-28.9722472548547
-55.9776407161652,-28.9956299298547
-55.9911407161652,-29.0190126048547
-56.0046407161652,-29.0423952798547
-56.0046407161652,-29.0891606298547
-55.9911407161652,-29.1125433048547
-55.9776407161652,-29.1359259798547
-55.5051407161651,-29.0657779548547
-56.0451407161652,-29.0657779548547
-55.5186407161651,-29.0423952798547
-55.5321407161651,-29.0190126048547
-55.9776407161652,-28.9488645798547
-55.9911407161652,-28.9722472548547
-56.0046407161652,-28.9956299298547
-56.0181407161652,-29.0190126048547
-56.0316407161652,-29.0423952798547
-56.0316407161652,-29.0891606298547
-56.0181407161652,-29.1125433048547
-56.0046407161652,-29.1359259798547
-55.5186407161651,-29.0891606298547
-55.4781407161651,-29.0657779548547
-56.0721407161652,-29.0657779548547
-55.5051407161651,-29.0190126048547
-56.0046407161652,-28.9488645798547
-56.0181407161652,-28.9722472548547
-56.0316407161652,-28.9956299298547
-56.0451407161652,-29.0190126048547
-56.0586407161652,-29.0423952798547
-56.0586407161652,-29.0891606298547
-56.0451407161652,-29.1125433048547
-56.0316407161652,-29.1359259798547
-55.5051407161651,-29.1125433048547
-55.4916407161651,-29.0891606298547
-56.0991407161652,-29.0657779548547
-56.0181407161652,-28.9254819048547
-56.0316407161652,-28.9488645798547
-56.0451407161652,-28.9722472548547
-56.0586407161652,-28.9956299298547
-56.0721407161652,-29.0190126048547
-56.0856407161652,-29.0423952798547
-56.0856407161652,-29.0891606298547
-56.0721407161652,-29.1125433048547
-56.0586407161652,-29.1359259798547
-55.4916407161651,-29.1359259798547
-55.4781407161651,-29.1125433048547
-55.4646407161651,-29.0891606298547
-55.4241407161651,-29.0657779548547
-56.1261407161652,-29.0657779548547
-56.0451407161652,-28.9254819048547
-56.0586407161652,-28.9488645798547
-56.0721407161652,-28.9722472548547
-56.0856407161652,-28.9956299298547
-56.0991407161652,-29.0190126048547
-56.1126407161652,-29.0423952798547
-56.1126407161652,-29.0891606298547
-56.0991407161652,-29.1125433048547
-56.0856407161652,-29.1359259798547
-55.4781407161651,-29.1593086548547
-55.4646407161651,-29.1359259798547
-55.4511407161651,-29.1125433048547
-55.4376407161651,-29.0891606298547
-55.3971407161651,-29.0657779548547
-56.1531407161652,-29.0657779548547
-55.4106407161651,-29.0423952798547
-56.0721407161652,-28.9254819048547
-56.0856407161652,-28.9488645798547
-56.0991407161652,-28.9722472548547
-56.1126407161652,-28.9956299298547
-56.1261407161652,-29.0190126048547
-56.1396407161652,-29.0423952798547
-56.1396407161652,-29.0891606298547
-56.1261407161652,-29.1125433048547
-56.1126407161652,-29.1359259798547
-55.4646407161651,-29.1826913298547
-55.4511407161651,-29.1593086548547
-55.4376407161651,-29.1359259798547
-55.4241407161651,-29.1125433048547
-55.4106407161651,-29.0891606298547
-55.3701407161651,-29.0657779548547
-56.1801407161652,-29.0657779548547
-55.3836407161651,-29.0423952798547
-55.3971407161651,-29.0190126048547
-56.0721407161652,-28.8787165548547
-56.0856407161652,-28.9020992298547
-56.0991407161652,-28.9254819048547
-56.1126407161652,-28.9488645798547
-56.1261407161652,-28.9722472548547
-56.1396407161652,-28.9956299298547
-56.1531407161652,-29.0190126048547
-56.1666407161652,-29.0423952798547
-56.1666407161652,-29.0891606298547
-56.1531407161652,-29.1125433048547
-56.1396407161652,-29.1359259798547
-55.4511407161651,-29.2060740048547
-55.4376407161651,-29.1826913298547
-55.4241407161651,-29.1593086548547
-55.4106407161651,-29.1359259798547
-55.3971407161651,-29.1125433048547
-55.3836407161651,-29.0891606298547
-55.3431407161651,-29.0657779548547
-56.2071407161652,-29.0657779548547
-55.3566407161651,-29.0423952798547
-55.3701407161651,-29.0190126048547
-55.3836407161651,-28.9956299298547
-56.1666407161652,-28.9956299298547
-56.1801407161652,-29.0190126048547
-56.1936407161652,-29.0423952798547
-56.1936407161652,-29.0891606298547
-56.1801407161652,-29.1125433048547
-56.1666407161652,-29.1359259798547
-55.4241407161651,-29.2060740048547
-55.4106407161651,-29.1826913298547
-55.3971407161651,-29.1593086548547
-55.3836407161651,-29.1359259798547
-55.3701407161651,-29.1125433048547
-55.3566407161651,-29.0891606298547
-55.3161407161651,-29.0657779548547
-56.2341407161652,-29.0657779548547
-55.3296407161651,-29.0423952798547
-55.3431407161651,-29.0190126048547
-55.3566407161651,-28.9956299298547
-56.2206407161652,-29.0891606298547
-56.2071407161652,-29.1125433048547
-55.3836407161651,-29.1826913298547
-55.3701407161651,-29.1593086548547
-55.3566407161651,-29.1359259798547
-55.3431407161651,-29.1125433048547
-55.3296407161651,-29.0891606298547
-55.2891407161651,-29.0657779548547
-55.3026407161651,-29.0423952798547
-55.3161407161651,-29.0190126048547
-55.3296407161651,-28.9956299298547
-56.2476407161652,-29.0891606298547
-56.2341407161652,-29.1125433048547
-55.3836407161651,-29.2294566798547
-55.3701407161651,-29.2060740048547
-55.3566407161651,-29.1826913298547
-55.3431407161651,-29.1593086548547
-55.3296407161651,-29.1359259798547
-55.3161407161651,-29.1125433048547
-55.3026407161651,-29.0891606298547
-55.2756407161651,-29.0423952798547
-55.2891407161651,-29.0190126048547
-55.3026407161651,-28.9956299298547
-55.3431407161651,-29.2060740048547
-55.3296407161651,-29.1826913298547
-55.3161407161651,-29.1593086548547
-55.3026407161651,-29.1359259798547
-55.2891407161651,-29.1125433048547
-55.2756407161651,-29.0891606298547
-55.3161407161651,-29.2060740048547
-55.3026407161651,-29.1826913298547
-55.2891407161651,-29.1593086548547
-55.2756407161651,-29.1359259798547
