-53.1035404257967,-31.4384912828851
-53.0765404257967,-31.4384912828851
-53.0900404257967,-31.4151086078851
-53.1170404257967,-31.4151086078851
-53.1305404257967,-31.4384912828851
-53.1170404257967,-31.4618739578851
-53.0900404257967,-31.4618739578851
-53.0495404257967,-31.4384912828851
-53.0765404257967,-31.3917259328851
-53.1305404257967,-31.3917259328851
-53.1575404257967,-31.4384912828851
-53.1305404257967,-31.4852566328851
-53.0765404257967,-31.4852566328851
-53.0630404257967,-31.4151086078851
-53.1035404257967,-31.3917259328851
-53.1440404257967,-31.4151086078851
-53.1440404257967,-31.4618739578851
-53.1035404257967,-31.4852566328851
-53.0630404257967,-31.4618739578851
-53.0225404257967,-31.4384912828851
-53.0630404257967,-31.3683432578851
-53.1440404257967,-31.3683432578851
-53.1845404257967,-31.4384912828851
-53.1440404257967,-31.5086393078851
-53.0630404257967,-31.5086393078851
-53.0360404257967,-31.4151086078851
-53.0495404257967,-31.3917259328851
-53.0900404257967,-31.3683432578851
-53.1170404257967,-31.3683432578851
-53.1575404257967,-31.3917259328851
-53.1710404257967,-31.4151086078851
-53.1710404257967,-31.4618739578851
-53.1575404257967,-31.4852566328851
-53.1170404257967,-31.5086393078851
-53.0900404257967,-31.5086393078851
-53.0495404257967,-31.4852566328851
-53.0360404257967,-31.4618739578851
-52.9955404257967,-31.4384912828851
-53.0495404257967,-31.3449605828851
-53.1575404257967,-31.3449605828851
-53.2115404257967,-31.4384912828851
-53.1575404257967,-31.5320219828851
-53.0495404257967,-31.5320219828851
-53.0090404257967,-31.4151086078851
-53.0225404257967,-31.3917259328851
-53.0360404257967,-31.3683432578851
-53.0765404257967,-31.3449605828851
-53.1035404257967,-31.3449605828851
-53.1305404257967,-31.3449605828851
-53.1710404257967,-31.3683432578851
-53.1845404257967,-31.3917259328851
-53.1980404257967,-31.4151086078851
-53.1980404257967,-31.4618739578851
-53.1845404257967,-31.4852566328851
-53.1710404257967,-31.5086393078851
-53.1305404257967,-31.5320219828851
-53.1035404257967,-31.5320219828851
-53.0765404257967,-31.5320219828851
-53.0360404257967,-31.5086393078851
-53.0225404257967,-31.4852566328851
-53.0090404257967,-31.4618739578851
-52.9685404257967,-31.4384912828851
-53.0360404257967,-31.3215779078851
-53.1710404257967,-31.3215779078851
-53.2385404257967,-31.4384912828851
-53.1710404257967,-31.5554046578851
-53.0360404257967,-31.5554046578851
-52.9820404257967,-31.4151086078851
-52.9955404257967,-31.3917259328851
-53.0090404257967,-31.3683432578851
-53.0225404257967,-31.3449605828851
-53.0630404257967,-31.3215779078851
-53.0900404257967,-31.3215779078851
-53.1170404257967,-31.3215779078851
-53.1440404257967,-31.3215779078851
-53.1845404257967,-31.3449605828851
-53.1980404257967,-31.3683432578851
-53.2115404257967,-31.3917259328851
-53.2250404257967,-31.4151086078851
-53.2250404257967,-31.4618739578851
-53.2115404257967,-31.4852566328851
-53.1980404257967,-31.5086393078851
-53.1440404257967,-31.5554046578851
-53.1170404257967,-31.5554046578851
-53.0900404257967,-31.5554046578851
-53.0630404257967,-31.5554046578851
-53.0225404257967,-31.5320219828851
-53.0090404257967,-31.5086393078851
-52.9955404257967,-31.4852566328851
-52.9820404257967,-31.4618739578851
-52.9415404257967,-31.4384912828851
-53.0225404257967,-31.2981952328851
-53.1845404257967,-31.2981952328851
-53.2655404257967,-31.4384912828851
-53.1845404257967,-31.5787873328851
-53.0225404257967,-31.5787873328851
-52.9550404257967,-31.4151086078851
-52.9685404257967,-31.3917259328851
-52.9820404257967,-31.3683432578851
-52.9955404257967,-31.3449605828851
-53.0090404257967,-31.3215779078851
-53.0495404257967,-31.2981952328851
-53.0765404257967,-31.2981952328851
-53.1035404257967,-31.2981952328851
-53.1305404257967,-31.2981952328851
-53.1575404257967,-31.2981952328851
-53.1980404257967,-31.3215779078851
-53.2115404257967,-31.3449605828851
-53.2250404257967,-31.3683432578851
-53.2385404257967,-31.3917259328851
-53.2520404257967,-31.4151086078851
-53.2520404257967,-31.4618739578851
-53.2385404257967,-31.4852566328851
-53.1980404257967,-31.5554046578851
-53.1575404257967,-31.5787873328851
-53.1305404257967,-31.5787873328851
-53.1035404257967,-31.5787873328851
-53.0765404257967,-31.5787873328851
-53.0495404257967,-31.5787873328851
-53.0090404257967,-31.5554046578851
-52.9955404257967,-31.5320219828851
-52.9820404257967,-31.5086393078851
-53.0090404257967,-31.2748125578851
-53.1980404257967,-31.2748125578851
-53.1980404257967,-31.6021700078851
-53.0090404257967,-31.6021700078851
-52.9415404257967,-31.3917259328851
-52.9550404257967,-31.3683432578851
-52.9685404257967,-31.3449605828851
-52.9820404257967,-31.3215779078851
-52.9955404257967,-31.2981952328851
-53.0360404257967,-31.2748125578851
-53.0630404257967,-31.2748125578851
-53.0900404257967,-31.2748125578851
-53.1170404257967,-31.2748125578851
-53.1440404257967,-31.2748125578851
-53.1710404257967,-31.2748125578851
-53.2115404257967,-31.2981952328851
-53.2250404257967,-31.3215779078851
-53.2385404257967,-31.3449605828851
-53.2520404257967,-31.3683432578851
-53.2655404257967,-31.3917259328851
-53.2790404257967,-31.4151086078851
-53.2790404257967,-31.4618739578851
-53.2655404257967,-31.4852566328851
-53.2250404257967,-31.5554046578851
-53.2115404257967,-31.5787873328851
-53.1710404257967,-31.6021700078851
-53.1440404257967,-31.6021700078851
-53.1170404257967,-31.6021700078851
-53.0900404257967,-31.6021700078851
-53.0630404257967,-31.6021700078851
-53.0360404257967,-31.6021700078851
-52.9955404257967,-31.5787873328851
-52.9955404257967,-31.2514298828851
-53.2115404257967,-31.2514298828851
-53.2115404257967,-31.6255526828851
-52.9955404257967,-31.6255526828851
-52.9415404257967,-31.3449605828851
-52.9550404257967,-31.3215779078851
-52.9685404257967,-31.2981952328851
-52.9820404257967,-31.2748125578851
-53.0225404257967,-31.2514298828851
-53.0495404257967,-31.2514298828851
-53.0765404257967,-31.2514298828851
-53.1035404257967,-31.2514298828851
-53.1305404257967,-31.2514298828851
-53.1575404257967,-31.2514298828851
-53.1845404257967,-31.2514298828851
-53.2250404257967,-31.2748125578851
-53.2385404257967,-31.2981952328851
-53.2520404257967,-31.3215779078851
-53.2655404257967,-31.3449605828851
-53.2790404257967,-31.3683432578851
-53.2925404257967,-31.3917259328851
-53.2250404257967,-31.6021700078851
-53.1845404257967,-31.6255526828851
-53.1575404257967,-31.6255526828851
-53.1305404257967,-31.6255526828851
-53.1035404257967,-31.6255526828851
-53.0765404257967,-31.6255526828851
-53.0495404257967,-31.6255526828851
-53.0225404257967,-31.6255526828851
-52.9820404257967,-31.6021700078851
-52.9820404257967,-31.2280472078851
-53.2250404257967,-31.2280472078851
-53.2250404257967,-31.6489353578851
-52.9820404257967,-31.6489353578851
-52.9280404257967,-31.3215779078851
-52.9415404257967,-31.2981952328851
-52.9550404257967,-31.2748125578851
-52.9685404257967,-31.2514298828851
-53.0090404257967,-31.2280472078851
-53.0360404257967,-31.2280472078851
-53.0630404257967,-31.2280472078851
-53.0900404257967,-31.2280472078851
-53.1170404257967,-31.2280472078851
-53.1440404257967,-31.2280472078851
-53.1710404257967,-31.2280472078851
-53.1980404257967,-31.2280472078851
-53.2385404257967,-31.2514298828851
-53.2520404257967,-31.2748125578851
-53.2655404257967,-31.2981952328851
-53.2790404257967,-31.3215779078851
-53.2925404257967,-31.3449605828851
-53.3060404257967,-31.3683432578851
-53.3195404257967,-31.3917259328851
-53.2520404257967,-31.6021700078851
-53.2385404257967,-31.6255526828851
-53.1980404257967,-31.6489353578851
-53.1710404257967,-31.6489353578851
-53.1440404257967,-31.6489353578851
-53.1170404257967,-31.6489353578851
-53.0900404257967,-31.6489353578851
-53.0630404257967,-31.6489353578851
-53.0360404257967,-31.6489353578851
-53.0090404257967,-31.6489353578851
-52.9685404257967,-31.6255526828851
-52.9550404257967,-31.6021700078851
-52.9685404257967,-31.2046645328851
-53.2385404257967,-31.2046645328851
-53.2385404257967,-31.6723180328851
-52.9685404257967,-31.6723180328851
-52.9145404257967,-31.2981952328851
-52.9280404257967,-31.2748125578851
-52.9415404257967,-31.2514298828851
-52.9550404257967,-31.2280472078851
-52.9955404257967,-31.2046645328851
-53.0225404257967,-31.2046645328851
-53.0495404257967,-31.2046645328851
-53.0765404257967,-31.2046645328851
-53.1035404257967,-31.2046645328851
-53.1305404257967,-31.2046645328851
-53.1575404257967,-31.2046645328851
-53.1845404257967,-31.2046645328851
-53.2115404257967,-31.2046645328851
-53.2520404257967,-31.2280472078851
-53.2655404257967,-31.2514298828851
-53.2790404257967,-31.2748125578851
-53.2925404257967,-31.2981952328851
-53.3060404257967,-31.3215779078851
-53.3195404257967,-31.3449605828851
-53.3330404257967,-31.3683432578851
-53.3465404257967,-31.3917259328851
-53.2655404257967,-31.6255526828851
-53.2520404257967,-31.6489353578851
-53.2115404257967,-31.6723180328851
-53.1845404257967,-31.6723180328851
-53.1575404257967,-31.6723180328851
-53.1305404257967,-31.6723180328851
-53.1035404257967,-31.6723180328851
-53.0765404257967,-31.6723180328851
-53.0495404257967,-31.6723180328851
-53.0225404257967,-31.6723180328851
-52.9955404257967,-31.6723180328851
-52.9550404257967,-31.6489353578851
-52.9415404257967,-31.6255526828851
-52.9550404257967,-31.1812818578851
-53.2520404257967,-31.1812818578851
-53.2520404257967,-31.6957007078851
-52.9550404257967,-31.6957007078851
-52.9280404257967,-31.2280472078851
-52.9415404257967,-31.2046645328851
-52.9820404257967,-31.1812818578851
-53.0090404257967,-31.1812818578851
-53.0360404257967,-31.1812818578851
-53.0630404257967,-31.1812818578851
-53.0900404257967,-31.1812818578851
-53.1170404257967,-31.1812818578851
-53.1440404257967,-31.1812818578851
-53.1710404257967,-31.1812818578851
-53.1980404257967,-31.1812818578851
-53.2250404257967,-31.1812818578851
-53.2655404257967,-31.2046645328851
-53.2790404257967,-31.2280472078851
-53.2925404257967,-31.2514298828851
-53.3060404257967,-31.2748125578851
-53.3195404257967,-31.2981952328851
-53.3330404257967,-31.3215779078851
-53.3465404257967,-31.3449605828851
-53.3600404257967,-31.3683432578851
-53.2790404257967,-31.6489353578851
-53.2655404257967,-31.6723180328851
-53.2250404257967,-31.6957007078851
-53.1980404257967,-31.6957007078851
-53.1710404257967,-31.6957007078851
-53.1440404257967,-31.6957007078851
-53.1170404257967,-31.6957007078851
-53.0900404257967,-31.6957007078851
-53.0630404257967,-31.6957007078851
-53.0360404257967,-31.6957007078851
-53.0090404257967,-31.6957007078851
-52.9820404257967,-31.6957007078851
-52.9415404257967,-31.6723180328851
-52.9415404257967,-31.1578991828851
-53.2655404257967,-31.1578991828851
-53.2655404257967,-31.7190833828851
-52.9415404257967,-31.7190833828851
-52.9145404257967,-31.2046645328851
-52.9280404257967,-31.1812818578851
-52.9685404257967,-31.1578991828851
-52.9955404257967,-31.1578991828851
-53.0225404257967,-31.1578991828851
-53.0495404257967,-31.1578991828851
-53.0765404257967,-31.1578991828851
-53.1035404257967,-31.1578991828851
-53.1305404257967,-31.1578991828851
-53.1575404257967,-31.1578991828851
-53.1845404257967,-31.1578991828851
-53.2115404257967,-31.1578991828851
-53.2385404257967,-31.1578991828851
-53.2790404257967,-31.1812818578851
-53.2925404257967,-31.2046645328851
-53.3060404257967,-31.2280472078851
-53.3195404257967,-31.2514298828851
-53.3330404257967,-31.2748125578851
-53.3465404257967,-31.2981952328851
-53.3600404257967,-31.3215779078851
-53.3735404257967,-31.3449605828851
-53.3060404257967,-31.6489353578851
-53.2925404257967,-31.6723180328851
-53.2790404257967,-31.6957007078851
-53.2385404257967,-31.7190833828851
-53.2115404257967,-31.7190833828851
-53.1845404257967,-31.7190833828851
-53.1575404257967,-31.7190833828851
-53.1305404257967,-31.7190833828851
-53.1035404257967,-31.7190833828851
-53.0765404257967,-31.7190833828851
-53.0495404257967,-31.7190833828851
-53.0225404257967,-31.7190833828851
-52.9955404257967,-31.7190833828851
-52.9685404257967,-31.7190833828851
-52.9280404257967,-31.6957007078851
-52.9145404257967,-31.6723180328851
-53.2790404257967,-31.7424660578851
-52.9280404257967,-31.7424660578851
-52.9550404257967,-31.1345165078851
-52.9820404257967,-31.1345165078851
-53.0090404257967,-31.1345165078851
-53.0360404257967,-31.1345165078851
-53.0630404257967,-31.1345165078851
-53.0900404257967,-31.1345165078851
-53.1170404257967,-31.1345165078851
-53.1440404257967,-31.1345165078851
-53.1710404257967,-31.1345165078851
-53.1980404257967,-31.1345165078851
-53.2250404257967,-31.1345165078851
-53.2925404257967,-31.1578991828851
-53.3060404257967,-31.1812818578851
-53.3195404257967,-31.2046645328851
-53.3330404257967,-31.2280472078851
-53.3465404257967,-31.2514298828851
-53.3195404257967,-31.6723180328851
-53.3060404257967,-31.6957007078851
-53.2925404257967,-31.7190833828851
-53.2520404257967,-31.7424660578851
-53.2250404257967,-31.7424660578851
-53.1980404257967,-31.7424660578851
-53.1710404257967,-31.7424660578851
-53.1440404257967,-31.7424660578851
-53.1170404257967,-31.7424660578851
-53.0900404257967,-31.7424660578851
-53.0630404257967,-31.7424660578851
-53.0360404257967,-31.7424660578851
-53.0090404257967,-31.7424660578851
-52.9820404257967,-31.7424660578851
-52.9550404257967,-31.7424660578851
-52.9145404257967,-31.7190833828851
-52.9010404257967,-31.6957007078851
-53.2925404257967,-31.7658487328851
-52.9145404257967,-31.7658487328851
-52.9415404257967,-31.1111338328851
-52.9685404257967,-31.1111338328851
-52.9955404257967,-31.1111338328851
-53.0225404257967,-31.1111338328851
-53.0495404257967,-31.1111338328851
-53.0765404257967,-31.1111338328851
-53.1035404257967,-31.1111338328851
-53.1305404257967,-31.1111338328851
-53.1575404257967,-31.1111338328851
-53.1845404257967,-31.1111338328851
-53.2115404257967,-31.1111338328851
-53.3330404257967,-31.1812818578851
-53.3195404257967,-31.7190833828851
-53.3060404257967,-31.7424660578851
-53.2655404257967,-31.7658487328851
-53.2385404257967,-31.7658487328851
-53.2115404257967,-31.7658487328851
-53.1845404257967,-31.7658487328851
-53.1575404257967,-31.7658487328851
-53.1305404257967,-31.7658487328851
-53.1035404257967,-31.7658487328851
-53.0765404257967,-31.7658487328851
-53.0495404257967,-31.7658487328851
-53.0225404257967,-31.7658487328851
-52.9955404257967,-31.7658487328851
-52.9685404257967,-31.7658487328851
-52.9415404257967,-31.7658487328851
-52.9010404257967,-31.7424660578851
-53.3060404257967,-31.7892314078851
-52.9010404257967,-31.7892314078851
-52.9550404257967,-31.0877511578851
-52.9820404257967,-31.0877511578851
-53.0090404257967,-31.0877511578851
-53.0360404257967,-31.0877511578851
-53.0630404257967,-31.0877511578851
-53.0900404257967,-31.0877511578851
-53.1170404257967,-31.0877511578851
-53.1440404257967,-31.0877511578851
-53.1710404257967,-31.0877511578851
-53.3195404257967,-31.7658487328851
-53.2790404257967,-31.7892314078851
-53.2520404257967,-31.7892314078851
-53.2250404257967,-31.7892314078851
-53.1980404257967,-31.7892314078851
-53.1710404257967,-31.7892314078851
-53.1440404257967,-31.7892314078851
-53.1170404257967,-31.7892314078851
-53.0900404257967,-31.7892314078851
-53.0630404257967,-31.7892314078851
-53.0360404257967,-31.7892314078851
-53.0090404257967,-31.7892314078851
-52.9820404257967,-31.7892314078851
-52.9550404257967,-31.7892314078851
-52.9280404257967,-31.7892314078851
-52.8875404257967,-31.7658487328851
-52.8875404257967,-31.8126140828851
-52.9415404257967,-31.0643684828851
-52.9685404257967,-31.0643684828851
-52.9955404257967,-31.0643684828851
-53.0225404257967,-31.0643684828851
-53.0495404257967,-31.0643684828851
-53.0765404257967,-31.0643684828851
-53.1035404257967,-31.0643684828851
-53.1305404257967,-31.0643684828851
-53.1575404257967,-31.0643684828851
-53.1845404257967,-31.0643684828851
-53.2925404257967,-31.8126140828851
-53.2655404257967,-31.8126140828851
-53.2385404257967,-31.8126140828851
-53.2115404257967,-31.8126140828851
-53.1845404257967,-31.8126140828851
-53.1575404257967,-31.8126140828851
-53.1305404257967,-31.8126140828851
-53.1035404257967,-31.8126140828851
-53.0765404257967,-31.8126140828851
-53.0495404257967,-31.8126140828851
-53.0225404257967,-31.8126140828851
-52.9955404257967,-31.8126140828851
-52.9685404257967,-31.8126140828851
-52.9415404257967,-31.8126140828851
-52.9145404257967,-31.8126140828851
-52.8740404257967,-31.8359967578851
-52.9280404257967,-31.0409858078851
-52.9550404257967,-31.0409858078851
-52.9820404257967,-31.0409858078851
-53.0090404257967,-31.0409858078851
-53.0360404257967,-31.0409858078851
-53.0630404257967,-31.0409858078851
-53.0900404257967,-31.0409858078851
-53.1170404257967,-31.0409858078851
-53.1440404257967,-31.0409858078851
-53.1710404257967,-31.0409858078851
-53.2520404257967,-31.8359967578851
-53.2250404257967,-31.8359967578851
-53.1980404257967,-31.8359967578851
-53.1710404257967,-31.8359967578851
-53.1440404257967,-31.8359967578851
-53.1170404257967,-31.8359967578851
-53.0900404257967,-31.8359967578851
-53.0630404257967,-31.8359967578851
-53.0360404257967,-31.8359967578851
-53.0090404257967,-31.8359967578851
-52.9820404257967,-31.8359967578851
-52.9550404257967,-31.8359967578851
-52.9280404257967,-31.8359967578851
-52.9010404257967,-31.8359967578851
-52.8605404257967,-31.8593794328851
-52.9145404257967,-31.0176031328851
-52.9415404257967,-31.0176031328851
-52.9685404257967,-31.0176031328851
-52.9955404257967,-31.0176031328851
-53.0225404257967,-31.0176031328851
-53.0495404257967,-31.0176031328851
-53.0765404257967,-31.0176031328851
-53.1035404257967,-31.0176031328851
-53.2385404257967,-31.8593794328851
-53.2115404257967,-31.8593794328851
-53.1845404257967,-31.8593794328851
-53.1575404257967,-31.8593794328851
-53.1305404257967,-31.8593794328851
-53.1035404257967,-31.8593794328851
-53.0765404257967,-31.8593794328851
-53.0495404257967,-31.8593794328851
-53.0225404257967,-31.8593794328851
-52.9955404257967,-31.8593794328851
-52.9685404257967,-31.8593794328851
-52.9415404257967,-31.8593794328851
-52.9145404257967,-31.8593794328851
-52.8875404257967,-31.8593794328851
-52.9010404257967,-30.9942204578851
-52.9280404257967,-30.9942204578851
-52.9550404257967,-30.9942204578851
-52.9820404257967,-30.9942204578851
-53.0090404257967,-30.9942204578851
-53.0360404257967,-30.9942204578851
-53.0630404257967,-30.9942204578851
-53.0900404257967,-30.9942204578851
-53.1170404257967,-30.9942204578851
-53.2250404257967,-31.8827621078851
-53.1980404257967,-31.8827621078851
-53.1710404257967,-31.8827621078851
-53.0900404257967,-31.8827621078851
-52.9010404257967,-31.8827621078851
-52.8875404257967,-30.9708377828851
-52.9145404257967,-30.9708377828851
-52.9415404257967,-30.9708377828851
-52.9685404257967,-30.9708377828851
-52.9955404257967,-30.9708377828851
-52.8740404257967,-30.9474551078851
-52.9010404257967,-30.9474551078851
-52.9280404257967,-30.9474551078851
-52.9550404257967,-30.9474551078851
-52.9820404257967,-30.9474551078851
-53.0090404257967,-30.9474551078851
-52.8605404257967,-30.9240724328851
-53.0225404257967,-30.9240724328851
