-54.1537738823868,-30.7716129654583
-54.1267738823868,-30.7716129654583
-54.1807738823868,-30.7716129654583
-54.1672738823868,-30.7949956404583
-54.1402738823868,-30.7949956404583
-54.0997738823868,-30.7716129654583
-54.1267738823868,-30.7248476154583
-54.2077738823868,-30.7716129654583
-54.1807738823868,-30.8183783154583
-54.1267738823868,-30.8183783154583
-54.1132738823868,-30.7482302904583
-54.1942738823868,-30.7949956404583
-54.1537738823868,-30.8183783154583
-54.1132738823868,-30.7949956404583
-54.0727738823868,-30.7716129654583
-54.2347738823868,-30.7716129654583
-54.1942738823868,-30.8417609904583
-54.1132738823868,-30.8417609904583
-54.0862738823868,-30.7482302904583
-54.0997738823868,-30.7248476154583
-54.2212738823868,-30.7482302904583
-54.2212738823868,-30.7949956404583
-54.2077738823868,-30.8183783154583
-54.1672738823868,-30.8417609904583
-54.1402738823868,-30.8417609904583
-54.0997738823868,-30.8183783154583
-54.0862738823868,-30.7949956404583
-54.0457738823868,-30.7716129654583
-54.2617738823868,-30.7716129654583
-54.2077738823868,-30.8651436654583
-54.0997738823868,-30.8651436654583
-54.0592738823868,-30.7482302904583
-54.0727738823868,-30.7248476154583
-54.0862738823868,-30.7014649404583
-54.2482738823868,-30.7949956404583
-54.2347738823868,-30.8183783154583
-54.2212738823868,-30.8417609904583
-54.1807738823868,-30.8651436654583
-54.1537738823868,-30.8651436654583
-54.1267738823868,-30.8651436654583
-54.0862738823868,-30.8417609904583
-54.0727738823868,-30.8183783154583
-54.0592738823868,-30.7949956404583
-54.0187738823868,-30.7716129654583
-54.2887738823868,-30.7716129654583
-54.2212738823868,-30.8885263404583
-54.0862738823868,-30.8885263404583
-54.0322738823868,-30.7482302904583
-54.0457738823868,-30.7248476154583
-54.0592738823868,-30.7014649404583
-54.2752738823868,-30.7482302904583
-54.2752738823868,-30.7949956404583
-54.2617738823868,-30.8183783154583
-54.2482738823868,-30.8417609904583
-54.2347738823868,-30.8651436654583
-54.1942738823868,-30.8885263404583
-54.1672738823868,-30.8885263404583
-54.1402738823868,-30.8885263404583
-54.1132738823868,-30.8885263404583
-54.0727738823868,-30.8651436654583
-54.0592738823868,-30.8417609904583
-54.0457738823868,-30.8183783154583
-54.0322738823868,-30.7949956404583
-53.9917738823868,-30.7716129654583
-54.3157738823868,-30.7716129654583
-54.2347738823868,-30.9119090154583
-54.0727738823868,-30.9119090154583
-54.0052738823868,-30.7482302904583
-54.0187738823868,-30.7248476154583
-54.0322738823868,-30.7014649404583
-54.3022738823868,-30.7482302904583
-54.3022738823868,-30.7949956404583
-54.2887738823868,-30.8183783154583
-54.2752738823868,-30.8417609904583
-54.2617738823868,-30.8651436654583
-54.2482738823868,-30.8885263404583
-54.2077738823868,-30.9119090154583
-54.1807738823868,-30.9119090154583
-54.1537738823868,-30.9119090154583
-54.1267738823868,-30.9119090154583
-54.0997738823868,-30.9119090154583
-54.0592738823868,-30.8885263404583
-54.0457738823868,-30.8651436654583
-54.0322738823868,-30.8417609904583
-54.0187738823868,-30.8183783154583
-54.0052738823868,-30.7949956404583
-53.9647738823868,-30.7716129654583
-54.3427738823868,-30.7716129654583
-54.2482738823868,-30.9352916904583
-54.0592738823868,-30.9352916904583
-53.9782738823868,-30.7482302904583
-53.9917738823868,-30.7248476154583
-54.0052738823868,-30.7014649404583
-54.3157738823868,-30.7248476154583
-54.3292738823868,-30.7482302904583
-54.3292738823868,-30.7949956404583
-54.3157738823868,-30.8183783154583
-54.3022738823868,-30.8417609904583
-54.2887738823868,-30.8651436654583
-54.2752738823868,-30.8885263404583
-54.2617738823868,-30.9119090154583
-54.2212738823868,-30.9352916904583
-54.1942738823868,-30.9352916904583
-54.1672738823868,-30.9352916904583
-54.1402738823868,-30.9352916904583
-54.1132738823868,-30.9352916904583
-54.0862738823868,-30.9352916904583
-54.0457738823868,-30.9119090154583
-54.0322738823868,-30.8885263404583
-54.0187738823868,-30.8651436654583
-54.0052738823868,-30.8417609904583
-53.9917738823868,-30.8183783154583
-53.9782738823868,-30.7949956404583
-53.9377738823868,-30.7716129654583
-54.3697738823868,-30.7716129654583
-54.0457738823868,-30.9586743654583
-53.9512738823868,-30.7482302904583
-53.9647738823868,-30.7248476154583
-53.9782738823868,-30.7014649404583
-53.9917738823868,-30.6780822654583
-54.0052738823868,-30.6546995904583
-54.3562738823868,-30.7482302904583
-54.3562738823868,-30.7949956404583
-54.3427738823868,-30.8183783154583
-54.3292738823868,-30.8417609904583
-54.3157738823868,-30.8651436654583
-54.3022738823868,-30.8885263404583
-54.2887738823868,-30.9119090154583
-54.1537738823868,-30.9586743654583
-54.1267738823868,-30.9586743654583
-54.0997738823868,-30.9586743654583
-54.0322738823868,-30.9352916904583
-54.0187738823868,-30.9119090154583
-54.0052738823868,-30.8885263404583
-53.9917738823868,-30.8651436654583
-53.9782738823868,-30.8417609904583
-53.9647738823868,-30.8183783154583
-53.9512738823868,-30.7949956404583
-53.9107738823868,-30.7716129654583
-54.3967738823868,-30.7716129654583
-53.9242738823868,-30.7482302904583
-53.9377738823868,-30.7248476154583
-53.9512738823868,-30.7014649404583
-53.9647738823868,-30.6780822654583
-53.9782738823868,-30.6546995904583
-54.3697738823868,-30.7248476154583
-54.3832738823868,-30.7482302904583
-54.3832738823868,-30.7949956404583
-54.3697738823868,-30.8183783154583
-54.3562738823868,-30.8417609904583
-54.3427738823868,-30.8651436654583
-54.3292738823868,-30.8885263404583
-54.3157738823868,-30.9119090154583
-54.0187738823868,-30.9586743654583
-54.0052738823868,-30.9352916904583
-53.9917738823868,-30.9119090154583
-53.9782738823868,-30.8885263404583
-53.9647738823868,-30.8651436654583
-53.9512738823868,-30.8417609904583
-53.9377738823868,-30.8183783154583
-53.9242738823868,-30.7949956404583
-53.8837738823868,-30.7716129654583
-54.4237738823868,-30.7716129654583
-53.8972738823868,-30.7482302904583
-53.9107738823868,-30.7248476154583
-53.9242738823868,-30.7014649404583
-53.9377738823868,-30.6780822654583
-53.9512738823868,-30.6546995904583
-53.9647738823868,-30.6313169154582
-54.3832738823868,-30.7014649404583
-54.3967738823868,-30.7248476154583
-54.4102738823868,-30.7482302904583
-54.4102738823868,-30.7949956404583
-54.3967738823868,-30.8183783154583
-54.3832738823868,-30.8417609904583
-54.3697738823868,-30.8651436654583
-54.3562738823868,-30.8885263404583
-53.9917738823868,-30.9586743654583
-53.9782738823868,-30.9352916904583
-53.9647738823868,-30.9119090154583
-53.9512738823868,-30.8885263404583
-53.9377738823868,-30.8651436654583
-53.9242738823868,-30.8417609904583
-53.9107738823868,-30.8183783154583
-53.8972738823868,-30.7949956404583
-53.8567738823868,-30.7716129654583
-54.4507738823868,-30.7716129654583
-53.8702738823868,-30.7482302904583
-53.8837738823868,-30.7248476154583
-53.8972738823868,-30.7014649404583
-53.9107738823868,-30.6780822654583
-53.9242738823868,-30.6546995904583
-53.9377738823868,-30.6313169154582
-53.9512738823868,-30.6079342404582
-54.3967738823868,-30.6780822654583
-54.4102738823868,-30.7014649404583
-54.4237738823868,-30.7248476154583
-54.4372738823868,-30.7482302904583
-54.4372738823868,-30.7949956404583
-54.4237738823868,-30.8183783154583
-54.4102738823868,-30.8417609904583
-54.3967738823868,-30.8651436654583
-54.3832738823868,-30.8885263404583
-53.9782738823868,-30.9820570404583
-53.9647738823868,-30.9586743654583
-53.9512738823868,-30.9352916904583
-53.9377738823868,-30.9119090154583
-53.9242738823868,-30.8885263404583
-53.9107738823868,-30.8651436654583
-53.8972738823868,-30.8417609904583
-53.8837738823868,-30.8183783154583
-53.8702738823868,-30.7949956404583
-53.8297738823868,-30.7716129654583
-54.4777738823868,-30.7716129654583
-53.8432738823868,-30.7482302904583
-53.8567738823868,-30.7248476154583
-53.8702738823868,-30.7014649404583
-53.8837738823868,-30.6780822654583
-53.8972738823868,-30.6546995904583
-53.9107738823868,-30.6313169154582
-53.9242738823868,-30.6079342404582
-53.9377738823868,-30.5845515654582
-54.4237738823868,-30.6780822654583
-54.4372738823868,-30.7014649404583
-54.4507738823868,-30.7248476154583
-54.4642738823868,-30.7482302904583
-54.4642738823868,-30.7949956404583
-54.4507738823868,-30.8183783154583
-54.4372738823868,-30.8417609904583
-54.4237738823868,-30.8651436654583
-54.4102738823868,-30.8885263404583
-53.9377738823868,-30.9586743654583
-53.9242738823868,-30.9352916904583
-53.9107738823868,-30.9119090154583
-53.8972738823868,-30.8885263404583
-53.8837738823868,-30.8651436654583
-53.8702738823868,-30.8417609904583
-53.8567738823868,-30.8183783154583
-53.8432738823868,-30.7949956404583
-54.5047738823868,-30.7716129654583
-53.8297738823868,-30.7248476154583
-53.8432738823868,-30.7014649404583
-53.8567738823868,-30.6780822654583
-53.8702738823868,-30.6546995904583
-53.8837738823868,-30.6313169154582
-53.8972738823868,-30.6079342404582
-53.9107738823868,-30.5845515654582
-53.9242738823868,-30.5611688904582
-54.4372738823868,-30.6546995904583
-54.4507738823868,-30.6780822654583
-54.4642738823868,-30.7014649404583
-54.4777738823868,-30.7248476154583
-54.4912738823868,-30.7482302904583
-54.4912738823868,-30.7949956404583
-54.4777738823868,-30.8183783154583
-54.4642738823868,-30.8417609904583
-54.4507738823868,-30.8651436654583
-54.4372738823868,-30.8885263404583
-53.8972738823868,-30.9352916904583
-53.8837738823868,-30.9119090154583
-53.8702738823868,-30.8885263404583
-53.8567738823868,-30.8651436654583
-53.8432738823868,-30.8417609904583
-53.8297738823868,-30.8183783154583
-53.8162738823868,-30.7949956404583
-54.5317738823868,-30.7716129654583
-53.8162738823868,-30.7014649404583
-53.8297738823868,-30.6780822654583
-53.8432738823868,-30.6546995904583
-53.8567738823868,-30.6313169154582
-53.8702738823868,-30.6079342404582
-53.8837738823868,-30.5845515654582
-53.8972738823868,-30.5611688904582
-54.4507738823868,-30.6313169154582
-54.4642738823868,-30.6546995904583
-54.4777738823868,-30.6780822654583
-54.4912738823868,-30.7014649404583
-54.5047738823868,-30.7248476154583
-54.5182738823868,-30.7482302904583
-54.5182738823868,-30.7949956404583
-54.5047738823868,-30.8183783154583
-54.4912738823868,-30.8417609904583
-54.4777738823868,-30.8651436654583
-53.8567738823868,-30.9119090154583
-53.8432738823868,-30.8885263404583
-53.8297738823868,-30.8651436654583
-53.8162738823868,-30.8417609904583
-53.8027738823868,-30.8183783154583
-54.5587738823868,-30.7716129654583
-53.8027738823868,-30.6780822654583
-53.8162738823868,-30.6546995904583
-53.8297738823868,-30.6313169154582
-53.8432738823868,-30.6079342404582
-53.8567738823868,-30.5845515654582
-53.8702738823868,-30.5611688904582
-53.8837738823868,-30.5377862154582
-54.4777738823868,-30.6313169154582
-54.4912738823868,-30.6546995904583
-54.5047738823868,-30.6780822654583
-54.5182738823868,-30.7014649404583
-54.5317738823868,-30.7248476154583
-54.5452738823868,-30.7482302904583
-54.5452738823868,-30.7949956404583
-54.5317738823868,-30.8183783154583
-54.5182738823868,-30.8417609904583
-54.5047738823868,-30.8651436654583
-53.8162738823868,-30.8885263404583
-53.8027738823868,-30.8651436654583
-53.7892738823868,-30.8417609904583
-53.7757738823868,-30.8183783154583
-53.7622738823868,-30.7949956404583
-54.5857738823868,-30.7716129654583
-53.8027738823868,-30.6313169154582
-53.8162738823868,-30.6079342404582
-53.8297738823868,-30.5845515654582
-53.8432738823868,-30.5611688904582
-53.8567738823868,-30.5377862154582
-53.8702738823868,-30.5144035404582
-54.5047738823868,-30.6313169154582
-54.5182738823868,-30.6546995904583
-54.5317738823868,-30.6780822654583
-54.5452738823868,-30.7014649404583
-54.5587738823868,-30.7248476154583
-54.5722738823868,-30.7482302904583
-54.5722738823868,-30.7949956404583
-54.5452738823868,-30.8417609904583
-54.5317738823868,-30.8651436654583
-53.7892738823868,-30.8885263404583
-53.7757738823868,-30.8651436654583
-53.7622738823868,-30.8417609904583
-53.7487738823868,-30.8183783154583
-53.7352738823868,-30.7949956404583
-54.6127738823868,-30.7716129654583
-53.7892738823868,-30.6079342404582
-53.8027738823868,-30.5845515654582
-53.8162738823868,-30.5611688904582
-53.8297738823868,-30.5377862154582
-53.8432738823868,-30.5144035404582
-53.8567738823868,-30.4910208654582
-54.5317738823868,-30.6313169154582
-54.5452738823868,-30.6546995904583
-54.5587738823868,-30.6780822654583
-54.5722738823868,-30.7014649404583
-54.5857738823868,-30.7248476154583
-54.5992738823868,-30.7482302904583
-53.7622738823868,-30.8885263404583
-53.7487738823868,-30.8651436654583
-53.7352738823868,-30.8417609904583
-53.7217738823868,-30.8183783154583
-54.6397738823868,-30.7716129654583
-53.7757738823868,-30.5845515654582
-53.7892738823868,-30.5611688904582
-53.8027738823868,-30.5377862154582
-54.5587738823868,-30.6313169154582
-54.5722738823868,-30.6546995904583
-54.5857738823868,-30.6780822654583
-54.5992738823868,-30.7014649404583
-54.6127738823868,-30.7248476154583
-54.6262738823868,-30.7482302904583
-53.7217738823868,-30.8651436654583
-53.7082738823868,-30.8417609904583
-53.6947738823868,-30.8183783154583
-53.7622738823868,-30.5611688904582
-53.7757738823868,-30.5377862154582
-54.5857738823868,-30.6313169154582
-54.5992738823868,-30.6546995904583
-54.6127738823868,-30.6780822654583
-54.6262738823868,-30.7014649404583
-54.6397738823868,-30.7248476154583
-54.6532738823868,-30.7482302904583
-53.6812738823868,-30.8417609904583
-53.7487738823868,-30.5377862154582
-54.6127738823868,-30.6313169154582
-54.6262738823868,-30.6546995904583
-54.6397738823868,-30.6780822654583
-54.6532738823868,-30.7014649404583
-54.6667738823868,-30.7248476154583
-54.6802738823868,-30.7482302904583
-54.6397738823868,-30.6313169154582
-54.6532738823868,-30.6546995904583
-54.6667738823868,-30.6780822654583
-54.6802738823868,-30.7014649404583
-54.6937738823868,-30.7248476154583
-54.7072738823868,-30.7482302904583
-54.6667738823868,-30.6313169154582
-54.6937738823868,-30.6780822654583
