-53.1161290444147,-27.8991406261928
-53.0891290444147,-27.8991406261928
-53.1026290444147,-27.8757579511928
-53.1296290444147,-27.8757579511928
-53.1431290444147,-27.8991406261928
-53.1296290444147,-27.9225233011928
-53.1026290444147,-27.9225233011928
-53.0621290444147,-27.8991406261928
-53.0891290444147,-27.8523752761928
-53.0756290444147,-27.8757579511928
-53.1566290444147,-27.9225233011928
-53.0756290444147,-27.9225233011928
-53.0756290444147,-27.8289926011928
-53.1836290444148,-27.9225233011928
-53.1701290444148,-27.9459059761928
-53.0486290444147,-27.9225233011928
-53.1836290444148,-27.9692886511928
-53.1971290444148,-27.9926713261928
