-41.5993728466377,-8.5690926772121
-41.5723728466377,-8.5690926772121
-41.5858728466377,-8.5457100022121
-41.6128728466377,-8.5457100022121
-41.6263728466377,-8.5690926772121
-41.6128728466377,-8.5924753522121
-41.5858728466377,-8.5924753522121
-41.5453728466377,-8.5690926772121
-41.5723728466377,-8.5223273272121
-41.6263728466377,-8.5223273272121
-41.6533728466377,-8.5690926772121
-41.6263728466377,-8.6158580272121
-41.5723728466377,-8.6158580272121
-41.5588728466377,-8.5457100022121
-41.5993728466377,-8.5223273272121
-41.6398728466377,-8.5457100022121
-41.6398728466377,-8.5924753522121
-41.5993728466377,-8.6158580272121
-41.5588728466377,-8.5924753522121
-41.5183728466377,-8.5690926772121
-41.5588728466377,-8.4989446522121
-41.6398728466377,-8.4989446522121
-41.6803728466377,-8.5690926772121
-41.6398728466377,-8.6392407022121
-41.5588728466377,-8.6392407022121
-41.5318728466377,-8.5457100022121
-41.5453728466377,-8.5223273272121
-41.5858728466377,-8.4989446522121
-41.6128728466377,-8.4989446522121
-41.6533728466377,-8.5223273272121
-41.6668728466377,-8.5457100022121
-41.6668728466377,-8.5924753522121
-41.6533728466377,-8.6158580272121
-41.6128728466377,-8.6392407022121
-41.5858728466377,-8.6392407022121
-41.5453728466377,-8.6158580272121
-41.5318728466377,-8.5924753522121
-41.4913728466377,-8.5690926772121
-41.5453728466377,-8.4755619772121
-41.6533728466377,-8.4755619772121
-41.7073728466377,-8.5690926772121
-41.6533728466377,-8.6626233772121
-41.5453728466377,-8.6626233772121
-41.5048728466377,-8.5457100022121
-41.5183728466377,-8.5223273272121
-41.5318728466377,-8.4989446522121
-41.5723728466377,-8.4755619772121
-41.5993728466377,-8.4755619772121
-41.6263728466377,-8.4755619772121
-41.6668728466377,-8.4989446522121
-41.6803728466377,-8.5223273272121
-41.6938728466377,-8.5457100022121
-41.6938728466377,-8.5924753522121
-41.6803728466377,-8.6158580272121
-41.6668728466377,-8.6392407022121
-41.6263728466377,-8.6626233772121
-41.5993728466377,-8.6626233772121
-41.5723728466377,-8.6626233772121
-41.5318728466377,-8.6392407022121
-41.5183728466377,-8.6158580272121
-41.5048728466377,-8.5924753522121
-41.5318728466377,-8.4521793022121
-41.6668728466377,-8.4521793022121
-41.7343728466377,-8.5690926772121
-41.6668728466377,-8.6860060522121
-41.5318728466377,-8.6860060522121
-41.4778728466377,-8.5457100022121
-41.4913728466377,-8.5223273272121
-41.5048728466377,-8.4989446522121
-41.5183728466377,-8.4755619772121
-41.5588728466377,-8.4521793022121
-41.5858728466377,-8.4521793022121
-41.6128728466377,-8.4521793022121
-41.6398728466377,-8.4521793022121
-41.6803728466377,-8.4755619772121
-41.6938728466377,-8.4989446522121
-41.7073728466377,-8.5223273272121
-41.7208728466377,-8.5457100022121
-41.7208728466377,-8.5924753522121
-41.7073728466377,-8.6158580272121
-41.6938728466377,-8.6392407022121
-41.6803728466377,-8.6626233772121
-41.6398728466377,-8.6860060522121
-41.6128728466377,-8.6860060522121
-41.5858728466377,-8.6860060522121
-41.5588728466377,-8.6860060522121
-41.5183728466377,-8.6626233772121
-41.5048728466377,-8.6392407022121
-41.4913728466377,-8.6158580272121
-41.5183728466377,-8.4287966272121
-41.6803728466377,-8.4287966272121
-41.6803728466377,-8.7093887272121
-41.4913728466377,-8.4755619772121
-41.5048728466377,-8.4521793022121
-41.5453728466377,-8.4287966272121
-41.5723728466377,-8.4287966272121
-41.5993728466377,-8.4287966272121
-41.6263728466377,-8.4287966272121
-41.6533728466377,-8.4287966272121
-41.6938728466377,-8.4521793022121
-41.7073728466377,-8.4755619772121
-41.7343728466377,-8.6158580272121
-41.7208728466377,-8.6392407022121
-41.7073728466377,-8.6626233772121
-41.6938728466377,-8.6860060522121
-41.6533728466377,-8.7093887272121
-41.6263728466377,-8.7093887272121
-41.5993728466377,-8.7093887272121
-41.5723728466377,-8.7093887272121
-41.5453728466377,-8.7093887272121
-41.5048728466377,-8.4054139522121
-41.6938728466377,-8.4054139522121
-41.6938728466377,-8.7327714022121
-41.5318728466377,-8.4054139522121
-41.5588728466377,-8.4054139522121
-41.5858728466377,-8.4054139522121
-41.6128728466377,-8.4054139522121
-41.6398728466377,-8.4054139522121
-41.6668728466377,-8.4054139522121
-41.7073728466377,-8.4287966272121
-41.7208728466377,-8.4521793022121
-41.7343728466377,-8.6626233772121
-41.7208728466377,-8.6860060522121
-41.7073728466377,-8.7093887272121
-41.6668728466377,-8.7327714022121
-41.6398728466377,-8.7327714022121
-41.6128728466377,-8.7327714022121
-41.5858728466377,-8.7327714022121
-41.5588728466377,-8.7327714022121
-41.5318728466377,-8.7327714022121
-41.4913728466377,-8.7561540772121
-41.5183728466377,-8.3820312772121
-41.5453728466377,-8.3820312772121
-41.5723728466377,-8.3820312772121
-41.5993728466377,-8.3820312772121
-41.6263728466377,-8.3820312772121
-41.6533728466377,-8.3820312772121
-41.7208728466377,-8.4054139522121
-41.7343728466377,-8.4287966272121
-41.7343728466377,-8.7093887272121
-41.7208728466377,-8.7327714022121
-41.6533728466377,-8.7561540772121
-41.6263728466377,-8.7561540772121
-41.5993728466377,-8.7561540772121
-41.5723728466377,-8.7561540772121
-41.5453728466377,-8.7561540772121
-41.5183728466377,-8.7561540772121
-41.4778728466377,-8.7327714022121
-41.4778728466377,-8.7795367522121
-41.5588728466377,-8.3586486022121
-41.5858728466377,-8.3586486022121
-41.6128728466377,-8.3586486022121
-41.6398728466377,-8.3586486022121
-41.6668728466377,-8.3586486022121
-41.6128728466377,-8.7795367522121
-41.5858728466377,-8.7795367522121
-41.5588728466377,-8.7795367522121
-41.5318728466377,-8.7795367522121
-41.5048728466377,-8.7795367522121
-41.4643728466377,-8.7561540772121
-41.4508728466377,-8.7327714022121
-41.4373728466377,-8.7093887272121
-41.4238728466377,-8.6860060522121
-41.5723728466377,-8.3352659272121
-41.5993728466377,-8.3352659272121
-41.6263728466377,-8.3352659272121
-41.6533728466377,-8.3352659272121
-41.4238728466377,-8.7327714022121
-41.4103728466377,-8.7093887272121
-41.6398728466377,-8.3118832522121
-41.4103728466377,-8.7561540772121
-41.3968728466377,-8.7327714022121
-41.3833728466377,-8.7093887272121
