-42.5007879148140,-7.1983195174786
-42.4737879148140,-7.1983195174786
-42.4872879148140,-7.1749368424786
-42.5142879148140,-7.1749368424786
-42.5277879148140,-7.1983195174786
-42.5142879148140,-7.2217021924786
-42.4872879148140,-7.2217021924786
-42.4467879148140,-7.1983195174786
-42.4737879148140,-7.1515541674786
-42.5277879148140,-7.1515541674786
-42.5547879148140,-7.1983195174786
-42.5277879148140,-7.2450848674786
-42.4737879148140,-7.2450848674786
-42.4602879148140,-7.1749368424786
-42.5007879148140,-7.1515541674786
-42.5412879148140,-7.1749368424786
-42.5412879148140,-7.2217021924786
-42.5007879148140,-7.2450848674786
-42.4602879148140,-7.2217021924786
-42.4197879148140,-7.1983195174786
-42.4602879148140,-7.1281714924786
-42.5412879148140,-7.1281714924786
-42.5817879148140,-7.1983195174786
-42.5412879148140,-7.2684675424786
-42.4602879148140,-7.2684675424786
-42.4332879148140,-7.1749368424786
-42.4467879148140,-7.1515541674786
-42.4872879148140,-7.1281714924786
-42.5142879148140,-7.1281714924786
-42.5547879148140,-7.1515541674786
-42.5682879148140,-7.1749368424786
-42.5682879148140,-7.2217021924786
-42.5547879148140,-7.2450848674786
-42.5142879148140,-7.2684675424786
-42.4872879148140,-7.2684675424786
-42.4467879148140,-7.2450848674786
-42.4332879148140,-7.2217021924786
-42.3927879148140,-7.1983195174786
-42.4467879148140,-7.1047888174786
-42.5547879148140,-7.1047888174786
-42.6087879148140,-7.1983195174786
-42.5547879148140,-7.2918502174786
-42.4467879148140,-7.2918502174786
-42.4062879148140,-7.1749368424786
-42.4197879148140,-7.1515541674786
-42.4332879148140,-7.1281714924786
-42.4737879148140,-7.1047888174786
-42.5007879148140,-7.1047888174786
-42.5277879148140,-7.1047888174786
-42.5682879148140,-7.1281714924786
-42.5817879148140,-7.1515541674786
-42.5952879148140,-7.1749368424786
-42.5952879148140,-7.2217021924786
-42.5817879148140,-7.2450848674786
-42.5682879148140,-7.2684675424786
-42.5277879148140,-7.2918502174786
-42.5007879148140,-7.2918502174786
-42.4737879148140,-7.2918502174786
-42.4332879148140,-7.2684675424786
-42.4197879148140,-7.2450848674786
-42.4062879148140,-7.2217021924786
-42.3657879148140,-7.1983195174786
-42.4332879148140,-7.0814061424786
-42.5682879148140,-7.0814061424786
-42.6357879148140,-7.1983195174786
-42.5682879148140,-7.3152328924786
-42.4332879148140,-7.3152328924786
-42.4197879148140,-7.1047888174786
-42.4602879148140,-7.0814061424786
-42.4872879148140,-7.0814061424786
-42.5142879148140,-7.0814061424786
-42.5412879148140,-7.0814061424786
-42.5817879148140,-7.1047888174786
-42.5952879148140,-7.1281714924786
-42.6087879148140,-7.1515541674786
-42.6222879148140,-7.1749368424786
-42.6222879148140,-7.2217021924786
-42.6087879148140,-7.2450848674786
-42.5952879148140,-7.2684675424786
-42.5817879148140,-7.2918502174786
-42.5412879148140,-7.3152328924786
-42.5142879148140,-7.3152328924786
-42.4872879148140,-7.3152328924786
-42.4602879148140,-7.3152328924786
-42.4197879148140,-7.2918502174786
-42.4062879148140,-7.2684675424786
-42.3927879148140,-7.2450848674786
-42.3792879148140,-7.2217021924786
-42.4197879148140,-7.0580234674786
-42.5817879148140,-7.0580234674786
-42.5817879148140,-7.3386155674786
-42.4197879148140,-7.3386155674786
-42.4467879148140,-7.0580234674786
-42.4737879148140,-7.0580234674786
-42.5007879148140,-7.0580234674786
-42.5277879148140,-7.0580234674786
-42.5547879148140,-7.0580234674786
-42.5952879148140,-7.0814061424786
-42.6087879148140,-7.1047888174786
-42.6222879148140,-7.1281714924786
-42.6357879148140,-7.1515541674786
-42.6492879148140,-7.2217021924786
-42.6357879148140,-7.2450848674786
-42.6222879148140,-7.2684675424786
-42.6087879148140,-7.2918502174786
-42.5952879148140,-7.3152328924786
-42.5547879148140,-7.3386155674786
-42.5277879148140,-7.3386155674786
-42.5007879148140,-7.3386155674786
-42.4737879148140,-7.3386155674786
-42.4467879148140,-7.3386155674786
-42.4062879148140,-7.3152328924786
-42.3927879148140,-7.2918502174786
-42.3792879148140,-7.2684675424786
-42.3657879148140,-7.2450848674786
-42.3522879148140,-7.2217021924786
-42.5952879148140,-7.0346407924786
-42.5952879148140,-7.3619982424786
-42.4062879148140,-7.3619982424786
-42.4332879148140,-7.0346407924786
-42.4602879148140,-7.0346407924786
-42.4872879148140,-7.0346407924786
-42.5142879148140,-7.0346407924786
-42.5412879148140,-7.0346407924786
-42.5682879148140,-7.0346407924786
-42.6087879148140,-7.0580234674786
-42.6222879148140,-7.0814061424786
-42.6357879148140,-7.1047888174786
-42.6222879148140,-7.3152328924786
-42.6087879148140,-7.3386155674786
-42.5682879148140,-7.3619982424786
-42.5412879148140,-7.3619982424786
-42.5142879148140,-7.3619982424786
-42.4872879148140,-7.3619982424786
-42.4602879148140,-7.3619982424786
-42.4332879148140,-7.3619982424786
-42.3927879148140,-7.3386155674786
-42.3792879148140,-7.3152328924786
-42.3657879148140,-7.2918502174786
-42.3522879148140,-7.2684675424786
-42.3387879148140,-7.2450848674786
-42.3252879148140,-7.2217021924786
-42.6087879148140,-7.0112581174786
-42.3927879148140,-7.3853809174786
-42.4197879148140,-7.0112581174786
-42.4467879148140,-7.0112581174786
-42.4737879148140,-7.0112581174786
-42.5007879148140,-7.0112581174786
-42.5277879148140,-7.0112581174786
-42.5547879148140,-7.0112581174786
-42.5817879148140,-7.0112581174786
-42.6222879148140,-7.0346407924786
-42.6357879148140,-7.0580234674786
-42.6492879148140,-7.0814061424786
-42.5817879148140,-7.3853809174786
-42.5547879148140,-7.3853809174786
-42.4737879148140,-7.3853809174786
-42.4467879148140,-7.3853809174786
-42.4197879148140,-7.3853809174786
-42.3792879148140,-7.3619982424786
-42.3657879148140,-7.3386155674786
-42.3522879148140,-7.3152328924786
-42.3387879148140,-7.2918502174786
-42.3252879148140,-7.2684675424786
-42.3792879148140,-7.4087635924786
-42.4332879148140,-6.9878754424786
-42.4602879148140,-6.9878754424786
-42.4872879148140,-6.9878754424786
-42.5142879148140,-6.9878754424786
-42.5412879148140,-6.9878754424786
-42.6357879148140,-7.0112581174786
-42.3657879148140,-7.3853809174786
-42.3522879148140,-7.3619982424786
