-43.9683501609764,-8.4560660310381
-43.9413501609764,-8.4560660310381
-43.9548501609764,-8.4326833560381
-43.9818501609764,-8.4326833560381
-43.9953501609764,-8.4560660310381
-43.9818501609764,-8.4794487060381
-43.9548501609764,-8.4794487060381
-43.9143501609764,-8.4560660310381
-43.9413501609764,-8.4093006810381
-43.9953501609764,-8.4093006810381
-44.0223501609764,-8.4560660310381
-43.9953501609764,-8.5028313810381
-43.9413501609764,-8.5028313810381
-43.9278501609764,-8.4326833560381
-43.9683501609764,-8.4093006810381
-44.0088501609764,-8.4326833560381
-44.0088501609764,-8.4794487060381
-43.9683501609764,-8.5028313810381
-43.9278501609764,-8.4794487060381
-43.8873501609764,-8.4560660310381
-44.0493501609764,-8.4560660310381
-44.0088501609764,-8.5262140560381
-43.9278501609764,-8.5262140560381
-43.9008501609764,-8.4326833560381
-43.9143501609764,-8.4093006810381
-44.0223501609764,-8.4093006810381
-44.0358501609764,-8.4326833560381
-44.0358501609764,-8.4794487060381
-44.0223501609764,-8.5028313810381
-43.9818501609764,-8.5262140560381
-43.9548501609764,-8.5262140560381
-43.9143501609764,-8.5028313810381
-43.9008501609764,-8.4794487060381
-43.8603501609764,-8.4560660310381
-44.0763501609764,-8.4560660310381
-44.0223501609764,-8.5495967310381
-43.9143501609764,-8.5495967310381
-43.8738501609764,-8.4326833560381
-43.8873501609764,-8.4093006810381
-43.9008501609764,-8.3859180060381
-44.0493501609764,-8.4093006810381
-44.0628501609764,-8.4326833560381
-44.0628501609764,-8.4794487060381
-44.0493501609764,-8.5028313810381
-44.0358501609764,-8.5262140560381
-43.9953501609764,-8.5495967310381
-43.9683501609764,-8.5495967310381
-43.9413501609764,-8.5495967310381
-43.9008501609764,-8.5262140560381
-43.8873501609764,-8.5028313810381
-43.8738501609764,-8.4794487060381
-43.8333501609764,-8.4560660310381
-44.1033501609764,-8.4560660310381
-44.0358501609764,-8.5729794060381
-43.9008501609764,-8.5729794060381
-43.8468501609764,-8.4326833560381
-43.8603501609764,-8.4093006810381
-43.8738501609764,-8.3859180060381
-43.8873501609764,-8.3625353310381
-44.0628501609764,-8.3859180060381
-44.0763501609764,-8.4093006810381
-44.0898501609764,-8.4326833560381
-44.0898501609764,-8.4794487060381
-44.0763501609764,-8.5028313810381
-44.0628501609764,-8.5262140560381
-44.0493501609764,-8.5495967310381
-44.0088501609764,-8.5729794060381
-43.9818501609764,-8.5729794060381
-43.9548501609764,-8.5729794060381
-43.9278501609764,-8.5729794060381
-43.8873501609764,-8.5495967310381
-43.8738501609764,-8.5262140560381
-43.8603501609764,-8.5028313810381
-43.8468501609764,-8.4794487060381
-43.8063501609764,-8.4560660310381
-44.1303501609764,-8.4560660310381
-44.0493501609764,-8.5963620810381
-43.8198501609764,-8.4326833560381
-43.8333501609764,-8.4093006810381
-43.8468501609764,-8.3859180060381
-43.8603501609764,-8.3625353310381
-43.8738501609764,-8.3391526560381
-44.0898501609764,-8.3859180060381
-44.1033501609764,-8.4093006810381
-44.1168501609764,-8.4326833560381
-44.1168501609764,-8.4794487060381
-44.1033501609764,-8.5028313810381
-44.0898501609764,-8.5262140560381
-44.0763501609764,-8.5495967310381
-44.0628501609764,-8.5729794060381
-44.0223501609764,-8.5963620810381
-43.9953501609764,-8.5963620810381
-43.9683501609764,-8.5963620810381
-43.9413501609764,-8.5963620810381
-43.8738501609764,-8.5729794060381
-43.8603501609764,-8.5495967310381
-43.8468501609764,-8.5262140560381
-43.8333501609764,-8.5028313810381
-43.8198501609764,-8.4794487060381
-43.7793501609763,-8.4560660310381
-44.1573501609764,-8.4560660310381
-43.7928501609764,-8.4326833560381
-43.8063501609764,-8.4093006810381
-43.8198501609764,-8.3859180060381
-43.8333501609764,-8.3625353310381
-43.8468501609764,-8.3391526560381
-43.8603501609764,-8.3157699810381
-44.1168501609764,-8.3859180060381
-44.1303501609764,-8.4093006810381
-44.1438501609764,-8.4326833560381
-44.1438501609764,-8.4794487060381
-44.1303501609764,-8.5028313810381
-44.1168501609764,-8.5262140560381
-44.1033501609764,-8.5495967310381
-44.0898501609764,-8.5729794060381
-44.0763501609764,-8.5963620810381
-43.8468501609764,-8.5729794060381
-43.8333501609764,-8.5495967310381
-43.8198501609764,-8.5262140560381
-43.8063501609764,-8.5028313810381
-43.7928501609764,-8.4794487060381
-43.7523501609763,-8.4560660310381
-44.1843501609764,-8.4560660310381
-43.7658501609763,-8.4326833560381
-43.7793501609763,-8.4093006810381
-43.7928501609764,-8.3859180060381
-43.8063501609764,-8.3625353310381
-43.8198501609764,-8.3391526560381
-43.8333501609764,-8.3157699810381
-44.1438501609764,-8.3859180060381
-44.1573501609764,-8.4093006810381
-44.1708501609764,-8.4326833560381
-44.1708501609764,-8.4794487060381
-44.1573501609764,-8.5028313810381
-44.1438501609764,-8.5262140560381
-44.1303501609764,-8.5495967310381
-44.1168501609764,-8.5729794060381
-44.1033501609764,-8.5963620810381
-43.8198501609764,-8.5729794060381
-43.8063501609764,-8.5495967310381
-43.7928501609764,-8.5262140560381
-43.7793501609763,-8.5028313810381
-43.7658501609763,-8.4794487060381
-43.7253501609763,-8.4560660310381
-44.2113501609764,-8.4560660310381
-43.7388501609763,-8.4326833560381
-43.7523501609763,-8.4093006810381
-43.7658501609763,-8.3859180060381
-43.7793501609763,-8.3625353310381
-43.7928501609764,-8.3391526560381
-43.8063501609764,-8.3157699810381
-43.8198501609764,-8.2923873060381
-44.1708501609764,-8.3859180060381
-44.1843501609764,-8.4093006810381
-44.1978501609764,-8.4326833560381
-44.1978501609764,-8.4794487060381
-44.1843501609764,-8.5028313810381
-44.1708501609764,-8.5262140560381
-44.1573501609764,-8.5495967310381
-44.1438501609764,-8.5729794060381
-44.1303501609764,-8.5963620810381
-43.7928501609764,-8.5729794060381
-43.7793501609763,-8.5495967310381
-43.7658501609763,-8.5262140560381
-43.7523501609763,-8.5028313810381
-43.7388501609763,-8.4794487060381
-43.6983501609763,-8.4560660310381
-44.2383501609764,-8.4560660310381
-43.7118501609763,-8.4326833560381
-43.7253501609763,-8.4093006810381
-43.7388501609763,-8.3859180060381
-43.7523501609763,-8.3625353310381
-43.7658501609763,-8.3391526560381
-43.7793501609763,-8.3157699810381
-43.7928501609764,-8.2923873060381
-43.8063501609764,-8.2690046310381
-44.1978501609764,-8.3859180060381
-44.2113501609764,-8.4093006810381
-44.2248501609764,-8.4326833560381
-44.2248501609764,-8.4794487060381
-44.2113501609764,-8.5028313810381
-44.1978501609764,-8.5262140560381
-44.1843501609764,-8.5495967310381
-44.1708501609764,-8.5729794060381
-44.1573501609764,-8.5963620810381
-44.1438501609764,-8.6197447560381
-43.7658501609763,-8.5729794060381
-43.7523501609763,-8.5495967310381
-43.7388501609763,-8.5262140560381
-43.7253501609763,-8.5028313810381
-43.7118501609763,-8.4794487060381
-43.6713501609763,-8.4560660310381
-44.2653501609764,-8.4560660310381
-43.6848501609763,-8.4326833560381
-43.6983501609763,-8.4093006810381
-43.7118501609763,-8.3859180060381
-43.7253501609763,-8.3625353310381
-43.7388501609763,-8.3391526560381
-43.7523501609763,-8.3157699810381
-43.7658501609763,-8.2923873060381
-43.7793501609763,-8.2690046310381
-44.2248501609764,-8.3859180060381
-44.2383501609764,-8.4093006810381
-44.2518501609764,-8.4326833560381
-44.2518501609764,-8.4794487060381
-44.2383501609764,-8.5028313810381
-44.2248501609764,-8.5262140560381
-44.2113501609764,-8.5495967310381
-44.1978501609764,-8.5729794060381
-44.1843501609764,-8.5963620810381
-44.1708501609764,-8.6197447560381
-43.7388501609763,-8.5729794060381
-43.7253501609763,-8.5495967310381
-43.7118501609763,-8.5262140560381
-43.6983501609763,-8.5028313810381
-43.6848501609763,-8.4794487060381
-44.2923501609764,-8.4560660310381
-43.6578501609763,-8.4326833560381
-43.6713501609763,-8.4093006810381
-43.6848501609763,-8.3859180060381
-43.6983501609763,-8.3625353310381
-43.7118501609763,-8.3391526560381
-43.7253501609763,-8.3157699810381
-43.7388501609763,-8.2923873060381
-43.7523501609763,-8.2690046310381
-44.2518501609764,-8.3859180060381
-44.2653501609764,-8.4093006810381
-44.2788501609764,-8.4326833560381
-44.2788501609764,-8.4794487060381
-44.2653501609764,-8.5028313810381
-44.2518501609764,-8.5262140560381
-44.1978501609764,-8.6197447560381
-43.7253501609763,-8.5963620810381
-43.7118501609763,-8.5729794060381
-43.6983501609763,-8.5495967310381
-43.6848501609763,-8.5262140560381
-43.6713501609763,-8.5028313810381
-44.3193501609764,-8.4560660310381
-43.6578501609763,-8.3859180060381
-43.6713501609763,-8.3625353310381
-43.6848501609763,-8.3391526560381
-43.6983501609763,-8.3157699810381
-43.7118501609763,-8.2923873060381
-43.7253501609763,-8.2690046310381
-44.2788501609764,-8.3859180060381
-44.2923501609764,-8.4093006810381
-44.3058501609764,-8.4326833560381
-44.3058501609764,-8.4794487060381
-44.2923501609764,-8.5028313810381
-43.6983501609763,-8.5963620810381
-43.6848501609763,-8.5729794060381
-44.3463501609764,-8.4560660310381
-43.6578501609763,-8.3391526560381
-43.6713501609763,-8.3157699810381
-43.6848501609763,-8.2923873060381
-43.6983501609763,-8.2690046310381
-44.3058501609764,-8.3859180060381
-44.3193501609764,-8.4093006810381
-44.3328501609764,-8.4326833560381
-44.3328501609764,-8.4794487060381
-44.3733501609764,-8.4560660310381
-43.6443501609763,-8.3157699810381
-43.6578501609763,-8.2923873060381
-43.6713501609763,-8.2690046310381
-44.3328501609764,-8.3859180060381
-44.3463501609764,-8.4093006810381
-44.3598501609764,-8.4326833560381
-44.3598501609764,-8.4794487060381
-44.4003501609764,-8.4560660310381
-43.6443501609763,-8.2690046310381
-44.3598501609764,-8.3859180060381
-44.3733501609764,-8.4093006810381
-44.3868501609764,-8.4326833560381
-44.3868501609764,-8.3859180060381
