-41.8715144984453,-5.9056339169437
-41.8445144984453,-5.9056339169437
-41.8580144984453,-5.8822512419437
-41.8850144984453,-5.8822512419437
-41.8985144984453,-5.9056339169437
-41.8850144984453,-5.9290165919437
-41.8580144984453,-5.9290165919437
-41.8175144984453,-5.9056339169437
-41.8445144984453,-5.8588685669437
-41.8985144984453,-5.8588685669437
-41.9255144984453,-5.9056339169437
-41.8985144984453,-5.9523992669437
-41.8445144984453,-5.9523992669437
-41.8310144984453,-5.8822512419437
-41.8715144984453,-5.8588685669437
-41.9120144984453,-5.8822512419437
-41.9120144984453,-5.9290165919437
-41.8715144984453,-5.9523992669437
-41.8310144984453,-5.9290165919437
-41.7905144984453,-5.9056339169437
-41.8310144984453,-5.8354858919437
-41.9120144984453,-5.8354858919437
-41.9525144984453,-5.9056339169437
-41.9120144984453,-5.9757819419437
-41.8310144984453,-5.9757819419437
-41.8040144984453,-5.8822512419437
-41.8175144984453,-5.8588685669437
-41.8580144984453,-5.8354858919437
-41.8850144984453,-5.8354858919437
-41.9255144984453,-5.8588685669437
-41.9390144984453,-5.8822512419437
-41.9390144984453,-5.9290165919437
-41.9255144984453,-5.9523992669437
-41.8850144984453,-5.9757819419437
-41.8580144984453,-5.9757819419437
-41.8175144984453,-5.9523992669437
-41.8040144984453,-5.9290165919437
-41.7635144984453,-5.9056339169437
-41.9255144984453,-5.8121032169437
-41.9795144984453,-5.9056339169437
-41.9255144984453,-5.9991646169437
-41.7770144984453,-5.8822512419437
-41.7905144984453,-5.8588685669437
-41.8040144984453,-5.8354858919437
-41.8985144984453,-5.8121032169437
-41.9390144984453,-5.8354858919437
-41.9525144984453,-5.8588685669437
-41.9660144984453,-5.8822512419437
-41.9660144984453,-5.9290165919437
-41.9525144984453,-5.9523992669437
-41.9390144984453,-5.9757819419437
-41.8985144984453,-5.9991646169437
-41.8715144984453,-5.9991646169437
-41.8445144984453,-5.9991646169437
-41.7905144984453,-5.9523992669437
-41.7770144984453,-5.9290165919437
-41.7365144984453,-5.9056339169437
-42.0065144984453,-5.9056339169437
-41.9390144984453,-6.0225472919437
-41.7500144984453,-5.8822512419437
-41.7635144984453,-5.8588685669437
-41.7770144984453,-5.8354858919437
-41.7905144984453,-5.8121032169437
-41.9525144984453,-5.8121032169437
-41.9660144984453,-5.8354858919437
-41.9795144984453,-5.8588685669437
-41.9930144984453,-5.8822512419437
-41.9660144984453,-5.9757819419437
-41.9525144984453,-5.9991646169437
-41.9120144984453,-6.0225472919437
-41.8850144984453,-6.0225472919437
-41.8580144984453,-6.0225472919437
-41.7770144984453,-5.9757819419437
-41.7635144984453,-5.9523992669437
-41.7500144984453,-5.9290165919437
-41.7095144984453,-5.9056339169437
-41.9525144984453,-6.0459299669437
-41.7230144984453,-5.8822512419437
-41.7365144984453,-5.8588685669437
-41.7500144984453,-5.8354858919437
-41.7635144984453,-5.8121032169437
-41.9795144984453,-5.8121032169437
-41.9930144984453,-5.8354858919437
-42.0065144984453,-5.8588685669437
-42.0200144984453,-5.8822512419437
-41.9660144984453,-6.0225472919437
-41.9255144984453,-6.0459299669437
-41.8985144984453,-6.0459299669437
-41.8715144984453,-6.0459299669437
-41.7500144984453,-5.9757819419437
-41.7365144984453,-5.9523992669437
-41.7230144984453,-5.9290165919437
-41.6825144984453,-5.9056339169437
-41.9660144984453,-6.0693126419437
-41.6960144984453,-5.8822512419437
-41.7095144984453,-5.8588685669437
-41.7230144984453,-5.8354858919437
-41.7365144984453,-5.8121032169437
-41.9930144984453,-5.7887205419437
-42.0065144984453,-5.8121032169437
-42.0200144984453,-5.8354858919437
-42.0335144984453,-5.8588685669437
-41.9795144984453,-6.0459299669437
-41.9390144984453,-6.0693126419437
-41.7365144984453,-5.9991646169437
-41.7230144984453,-5.9757819419437
-41.7095144984453,-5.9523992669437
-41.6960144984453,-5.9290165919437
-41.7095144984453,-5.8121032169437
-41.7230144984453,-5.7887205419437
-42.0065144984453,-5.7653378669437
-42.0200144984453,-5.7887205419437
-42.0335144984453,-5.8121032169437
-42.0470144984453,-5.8354858919437
-41.9930144984453,-6.0693126419437
-41.6960144984453,-5.9757819419437
-41.6825144984453,-5.9523992669437
-41.6690144984453,-5.9290165919437
-42.0335144984453,-5.7653378669437
-42.0470144984453,-5.7887205419437
-42.0605144984453,-5.7653378669437
-42.0875144984453,-5.7653378669437
