-40.5824203934218,-7.0750532006135
-40.5554203934218,-7.0750532006135
-40.5689203934218,-7.0516705256135
-40.5959203934218,-7.0516705256135
-40.6094203934218,-7.0750532006135
-40.5959203934218,-7.0984358756135
-40.5689203934218,-7.0984358756135
-40.5284203934218,-7.0750532006135
-40.5554203934218,-7.0282878506135
-40.6094203934218,-7.0282878506135
-40.6364203934219,-7.0750532006135
-40.6094203934218,-7.1218185506135
-40.5554203934218,-7.1218185506135
-40.5419203934218,-7.0516705256135
-40.5824203934218,-7.0282878506135
-40.6229203934219,-7.0516705256135
-40.6229203934219,-7.0984358756135
-40.5824203934218,-7.1218185506135
-40.5419203934218,-7.0984358756135
-40.5014203934218,-7.0750532006135
-40.5419203934218,-7.0049051756135
-40.6229203934219,-7.0049051756135
-40.6634203934219,-7.0750532006135
-40.6229203934219,-7.1452012256135
-40.5419203934218,-7.1452012256135
-40.5149203934218,-7.0516705256135
-40.5284203934218,-7.0282878506135
-40.5689203934218,-7.0049051756135
-40.5959203934218,-7.0049051756135
-40.6364203934219,-7.0282878506135
-40.6499203934219,-7.0516705256135
-40.6499203934219,-7.0984358756135
-40.6364203934219,-7.1218185506135
-40.5959203934218,-7.1452012256135
-40.5689203934218,-7.1452012256135
-40.5284203934218,-7.1218185506135
-40.5149203934218,-7.0984358756135
-40.4744203934218,-7.0750532006135
-40.5284203934218,-6.9815225006135
-40.6904203934219,-7.0750532006135
-40.6364203934219,-7.1685839006135
-40.5284203934218,-7.1685839006135
-40.4879203934218,-7.0516705256135
-40.5014203934218,-7.0282878506135
-40.5149203934218,-7.0049051756135
-40.5554203934218,-6.9815225006135
-40.5824203934218,-6.9815225006135
-40.6094203934218,-6.9815225006135
-40.6499203934219,-7.0049051756135
-40.6634203934219,-7.0282878506135
-40.6769203934219,-7.0516705256135
-40.6769203934219,-7.0984358756135
-40.6634203934219,-7.1218185506135
-40.6499203934219,-7.1452012256135
-40.6094203934218,-7.1685839006135
-40.5824203934218,-7.1685839006135
-40.5554203934218,-7.1685839006135
-40.5149203934218,-7.1452012256135
-40.5014203934218,-7.1218185506135
-40.4879203934218,-7.0984358756135
-40.5149203934218,-6.9581398256135
-40.7174203934219,-7.0750532006135
-40.6499203934219,-7.1919665756135
-40.5149203934218,-7.1919665756135
-40.4609203934218,-7.0516705256135
-40.4744203934218,-7.0282878506135
-40.4879203934218,-7.0049051756135
-40.5014203934218,-6.9815225006135
-40.5419203934218,-6.9581398256135
-40.5689203934218,-6.9581398256135
-40.5959203934218,-6.9581398256135
-40.7039203934219,-7.0516705256135
-40.7039203934219,-7.0984358756135
-40.6904203934219,-7.1218185506135
-40.6769203934219,-7.1452012256135
-40.6634203934219,-7.1685839006135
-40.6229203934219,-7.1919665756135
-40.5959203934218,-7.1919665756135
-40.5689203934218,-7.1919665756135
-40.5419203934218,-7.1919665756135
-40.5014203934218,-7.1685839006135
-40.4474203934218,-7.0282878506135
-40.4609203934218,-7.0049051756135
-40.4744203934218,-6.9815225006135
-40.4879203934218,-6.9581398256135
-40.7174203934219,-7.0282878506135
-40.7309203934219,-7.0516705256135
-40.7309203934219,-7.0984358756135
-40.6904203934219,-7.1685839006135
-40.6769203934219,-7.1919665756135
-40.4339203934218,-7.0049051756135
-40.4474203934218,-6.9815225006135
-40.4609203934218,-6.9581398256135
-40.7444203934219,-7.0282878506135
-40.7039203934219,-7.1919665756135
-40.6904203934219,-7.2153492506135
-40.4069203934218,-7.0049051756135
-40.4339203934218,-6.9581398256135
-40.7579203934219,-7.0049051756135
-40.4339203934218,-6.9113744756135
-40.7849203934219,-7.0049051756135
