-43.3468410423911,-9.0890460868471
-43.3198410423911,-9.0890460868471
-43.3333410423911,-9.0656634118471
-43.3603410423911,-9.0656634118471
-43.3738410423911,-9.0890460868471
-43.3603410423911,-9.1124287618471
-43.3333410423911,-9.1124287618471
-43.2928410423911,-9.0890460868471
-43.3198410423911,-9.0422807368471
-43.3738410423911,-9.0422807368471
-43.4008410423911,-9.0890460868471
-43.3738410423911,-9.1358114368471
-43.3198410423911,-9.1358114368471
-43.3063410423911,-9.0656634118471
-43.3468410423911,-9.0422807368471
-43.3873410423911,-9.0656634118471
-43.3873410423911,-9.1124287618471
-43.3468410423911,-9.1358114368471
-43.3063410423911,-9.1124287618471
-43.2658410423911,-9.0890460868471
-43.3063410423911,-9.0188980618471
-43.3873410423911,-9.0188980618471
-43.3873410423911,-9.1591941118471
-43.3063410423911,-9.1591941118471
-43.2793410423911,-9.0656634118471
-43.2928410423911,-9.0422807368471
-43.3333410423911,-9.0188980618471
-43.3603410423911,-9.0188980618471
-43.4008410423911,-9.0422807368471
-43.4143410423911,-9.0656634118471
-43.4143410423911,-9.1124287618471
-43.4008410423911,-9.1358114368471
-43.3603410423911,-9.1591941118471
-43.3333410423911,-9.1591941118471
-43.2928410423911,-9.1358114368471
-43.2793410423911,-9.1124287618471
-43.2388410423911,-9.0890460868471
-43.2928410423911,-8.9955153868471
-43.4008410423911,-8.9955153868471
-43.4008410423911,-9.1825767868471
-43.2928410423911,-9.1825767868471
-43.2523410423911,-9.0656634118471
-43.2658410423911,-9.0422807368471
-43.2793410423911,-9.0188980618471
-43.3198410423911,-8.9955153868471
-43.3468410423911,-8.9955153868471
-43.3738410423911,-8.9955153868471
-43.4143410423911,-9.0188980618471
-43.4278410423911,-9.0422807368471
-43.4278410423911,-9.1358114368471
-43.4143410423911,-9.1591941118471
-43.3738410423911,-9.1825767868471
-43.3468410423911,-9.1825767868471
-43.3198410423911,-9.1825767868471
-43.2793410423911,-9.1591941118471
-43.2658410423911,-9.1358114368471
-43.2523410423911,-9.1124287618471
-43.4143410423911,-8.9721327118471
-43.4143410423911,-9.2059594618471
-43.2793410423911,-9.2059594618471
-43.3063410423911,-8.9721327118471
-43.3333410423911,-8.9721327118471
-43.3603410423911,-8.9721327118471
-43.3873410423911,-8.9721327118471
-43.4278410423911,-8.9955153868471
-43.4413410423911,-9.0188980618471
-43.4548410423911,-9.1358114368471
-43.4413410423911,-9.1591941118471
-43.4278410423911,-9.1825767868471
-43.3873410423911,-9.2059594618471
-43.3603410423911,-9.2059594618471
-43.3333410423911,-9.2059594618471
-43.3063410423911,-9.2059594618471
-43.2658410423911,-9.1825767868471
-43.2523410423911,-9.1591941118471
-43.2388410423911,-9.1358114368471
-43.4278410423911,-8.9487500368471
-43.4278410423911,-9.2293421368471
-43.2658410423911,-9.2293421368471
-43.2928410423911,-8.9487500368471
-43.3198410423911,-8.9487500368471
-43.3468410423911,-8.9487500368471
-43.3738410423911,-8.9487500368471
-43.4008410423911,-8.9487500368471
-43.4413410423911,-8.9721327118471
-43.4683410423911,-9.1591941118471
-43.4548410423911,-9.1825767868471
-43.4413410423911,-9.2059594618471
-43.4008410423911,-9.2293421368471
-43.3738410423911,-9.2293421368471
-43.3468410423911,-9.2293421368471
-43.3198410423911,-9.2293421368471
-43.2928410423911,-9.2293421368471
-43.2523410423911,-9.2059594618471
-43.2388410423911,-9.1825767868471
-43.2253410423911,-9.1591941118471
-43.4413410423911,-8.9253673618471
-43.4413410423911,-9.2527248118471
-43.2523410423911,-9.2527248118471
-43.3063410423911,-8.9253673618471
-43.3333410423911,-8.9253673618471
-43.3603410423911,-8.9253673618471
-43.3873410423911,-8.9253673618471
-43.4143410423911,-8.9253673618471
-43.4818410423911,-9.1825767868471
-43.4683410423911,-9.2059594618471
-43.4548410423911,-9.2293421368471
-43.4143410423911,-9.2527248118471
-43.3873410423911,-9.2527248118471
-43.3603410423911,-9.2527248118471
-43.3333410423911,-9.2527248118471
-43.3063410423911,-9.2527248118471
-43.2793410423911,-9.2527248118471
-43.2388410423911,-9.2293421368471
-43.2253410423911,-9.2059594618471
-43.2118410423911,-9.1825767868471
-43.2388410423911,-9.2761074868471
-43.2928410423911,-8.9019846868471
-43.3198410423911,-8.9019846868471
-43.3468410423911,-8.9019846868471
-43.3738410423911,-8.9019846868471
-43.4008410423911,-8.9019846868471
-43.4278410423911,-8.9019846868471
-43.4953410423911,-9.2059594618471
-43.4818410423911,-9.2293421368471
-43.4683410423911,-9.2527248118471
-43.4008410423911,-9.2761074868471
-43.3738410423911,-9.2761074868471
-43.3468410423911,-9.2761074868471
-43.3198410423911,-9.2761074868471
-43.2928410423911,-9.2761074868471
-43.2658410423911,-9.2761074868471
-43.2253410423911,-9.2527248118471
-43.2118410423911,-9.2293421368471
-43.1983410423911,-9.2059594618471
-43.2253410423911,-9.2994901618471
-43.3063410423911,-8.8786020118471
-43.3333410423911,-8.8786020118471
-43.3603410423911,-8.8786020118471
-43.3873410423911,-8.8786020118471
-43.4143410423911,-8.8786020118471
-43.4413410423911,-8.8786020118471
-43.5088410423911,-9.2293421368471
-43.4953410423911,-9.2527248118471
-43.3873410423911,-9.2994901618471
-43.3603410423911,-9.2994901618471
-43.3333410423911,-9.2994901618471
-43.3063410423911,-9.2994901618471
-43.2793410423911,-9.2994901618471
-43.2523410423911,-9.2994901618471
-43.2118410423911,-9.3228728368471
-43.2928410423911,-8.8552193368471
-43.3198410423911,-8.8552193368471
-43.3468410423911,-8.8552193368471
-43.3738410423911,-8.8552193368471
-43.4008410423911,-8.8552193368471
-43.4278410423911,-8.8552193368471
-43.5223410423911,-9.2527248118471
-43.5088410423911,-9.2761074868471
-43.3738410423911,-9.3228728368471
-43.3468410423911,-9.3228728368471
-43.3198410423911,-9.3228728368471
-43.2928410423911,-9.3228728368471
-43.2658410423911,-9.3228728368471
-43.2388410423911,-9.3228728368471
-43.3063410423911,-8.8318366618471
-43.3333410423911,-8.8318366618471
-43.3603410423911,-8.8318366618471
-43.3873410423911,-8.8318366618471
-43.4143410423911,-8.8318366618471
-43.5358410423911,-9.2761074868471
-43.3603410423911,-9.3462555118471
-43.3333410423911,-9.3462555118471
-43.3063410423911,-9.3462555118471
-43.2793410423911,-9.3462555118471
-43.2523410423911,-9.3462555118471
-43.2253410423911,-9.3462555118471
-43.2928410423911,-8.8084539868471
-43.3198410423911,-8.8084539868471
-43.3468410423911,-8.8084539868471
-43.3738410423911,-8.8084539868471
-43.4008410423911,-8.8084539868471
-43.3198410423911,-9.3696381868471
-43.2928410423911,-9.3696381868471
-43.2658410423911,-9.3696381868471
-43.2388410423911,-9.3696381868471
-43.3063410423911,-8.7850713118471
-43.3333410423911,-8.7850713118471
-43.3603410423911,-8.7850713118471
-43.3873410423911,-8.7850713118471
-43.4143410423911,-8.7850713118471
-43.2793410423911,-9.3930208618471
-43.2523410423911,-9.3930208618471
-43.2253410423911,-9.3930208618471
-43.2928410423911,-8.7616886368471
-43.3198410423911,-8.7616886368471
-43.3468410423911,-8.7616886368471
-43.3738410423911,-8.7616886368471
-43.4008410423911,-8.7616886368471
-43.4278410423911,-8.7616886368471
-43.2793410423911,-8.7383059618471
-43.3063410423911,-8.7383059618471
-43.3333410423911,-8.7383059618471
-43.3603410423911,-8.7383059618471
-43.3873410423911,-8.7383059618471
-43.4143410423911,-8.7383059618471
-43.4413410423911,-8.7383059618471
