-44.0077505962007,-8.2063812698406
-43.9807505962007,-8.2063812698406
-43.9942505962007,-8.1829985948406
-44.0212505962007,-8.1829985948406
-44.0347505962007,-8.2063812698406
-44.0212505962007,-8.2297639448406
-43.9942505962007,-8.2297639448406
-43.9537505962007,-8.2063812698406
-43.9807505962007,-8.1596159198406
-44.0347505962007,-8.1596159198406
-44.0617505962007,-8.2063812698406
-44.0347505962007,-8.2531466198406
-43.9807505962007,-8.2531466198406
-43.9672505962007,-8.1829985948406
-44.0077505962007,-8.1596159198406
-44.0482505962007,-8.1829985948406
-44.0482505962007,-8.2297639448406
-44.0077505962007,-8.2531466198406
-43.9672505962007,-8.2297639448406
-43.9267505962007,-8.2063812698406
-43.9672505962007,-8.1362332448406
-44.0482505962007,-8.1362332448406
-44.0887505962007,-8.2063812698406
-44.0482505962007,-8.2765292948406
-43.9672505962007,-8.2765292948406
-43.9402505962007,-8.1829985948406
-43.9537505962007,-8.1596159198406
-43.9942505962007,-8.1362332448406
-44.0212505962007,-8.1362332448406
-44.0617505962007,-8.1596159198406
-44.0752505962007,-8.1829985948406
-44.0752505962007,-8.2297639448406
-44.0617505962007,-8.2531466198406
-44.0212505962007,-8.2765292948406
-43.9942505962007,-8.2765292948406
-43.9537505962007,-8.2531466198406
-43.9402505962007,-8.2297639448406
-43.8997505962007,-8.2063812698406
-43.9537505962007,-8.1128505698406
-44.0617505962007,-8.1128505698406
-44.1157505962007,-8.2063812698406
-44.0617505962007,-8.2999119698406
-43.9537505962007,-8.2999119698406
-43.9132505962007,-8.1829985948406
-43.9267505962007,-8.1596159198406
-43.9402505962007,-8.1362332448406
-43.9807505962007,-8.1128505698406
-44.0077505962007,-8.1128505698406
-44.0347505962007,-8.1128505698406
-44.0752505962007,-8.1362332448406
-44.0887505962007,-8.1596159198406
-44.1022505962007,-8.1829985948406
-44.1022505962007,-8.2297639448406
-44.0887505962007,-8.2531466198406
-44.0752505962007,-8.2765292948406
-44.0347505962007,-8.2999119698406
-44.0077505962007,-8.2999119698406
-43.9807505962007,-8.2999119698406
-43.9402505962007,-8.2765292948406
-43.9267505962007,-8.2531466198406
-43.9132505962007,-8.2297639448406
-43.8727505962007,-8.2063812698406
-43.9402505962007,-8.0894678948406
-44.0752505962007,-8.0894678948406
-44.0752505962007,-8.3232946448406
-43.9402505962007,-8.3232946448406
-43.8862505962007,-8.1829985948406
-43.8997505962007,-8.1596159198406
-43.9132505962007,-8.1362332448406
-43.9267505962007,-8.1128505698406
-43.9672505962007,-8.0894678948406
-43.9942505962007,-8.0894678948406
-44.0212505962007,-8.0894678948406
-44.0482505962007,-8.0894678948406
-44.0887505962007,-8.1128505698406
-44.1022505962007,-8.1362332448406
-44.1157505962007,-8.2531466198406
-44.1022505962007,-8.2765292948406
-44.0887505962007,-8.2999119698406
-44.0482505962007,-8.3232946448406
-44.0212505962007,-8.3232946448406
-43.9942505962007,-8.3232946448406
-43.9672505962007,-8.3232946448406
-43.9267505962007,-8.2999119698406
-43.9132505962007,-8.2765292948406
-43.8997505962007,-8.2531466198406
-43.8862505962007,-8.2297639448406
-43.8457505962007,-8.2063812698406
-43.9267505962007,-8.0660852198406
-44.0887505962007,-8.0660852198406
-44.0887505962007,-8.3466773198406
-43.9267505962007,-8.3466773198406
-43.8592505962007,-8.1829985948406
-43.8727505962007,-8.1596159198406
-43.8862505962007,-8.1362332448406
-43.8997505962007,-8.1128505698406
-43.9132505962007,-8.0894678948406
-43.9537505962007,-8.0660852198406
-43.9807505962007,-8.0660852198406
-44.0077505962007,-8.0660852198406
-44.0347505962007,-8.0660852198406
-44.0617505962007,-8.0660852198406
-44.1022505962007,-8.0894678948406
-44.1292505962007,-8.2765292948406
-44.1157505962007,-8.2999119698406
-44.1022505962007,-8.3232946448406
-44.0617505962007,-8.3466773198406
-44.0347505962007,-8.3466773198406
-44.0077505962007,-8.3466773198406
-43.9807505962007,-8.3466773198406
-43.9537505962007,-8.3466773198406
-43.9132505962007,-8.3232946448406
-43.8997505962007,-8.2999119698406
-43.8862505962007,-8.2765292948406
-43.8727505962007,-8.2531466198406
-43.8592505962007,-8.2297639448406
-43.8187505962007,-8.2063812698406
-43.9132505962007,-8.0427025448406
-44.1022505962007,-8.3700599948406
-43.9132505962007,-8.3700599948406
-43.8322505962007,-8.1829985948406
-43.8457505962007,-8.1596159198406
-43.8592505962007,-8.1362332448406
-43.8727505962007,-8.1128505698406
-43.8862505962007,-8.0894678948406
-43.8997505962007,-8.0660852198406
-43.9402505962007,-8.0427025448406
-43.9672505962007,-8.0427025448406
-43.9942505962007,-8.0427025448406
-44.0212505962007,-8.0427025448406
-44.0482505962007,-8.0427025448406
-44.0752505962007,-8.0427025448406
-44.1427505962007,-8.2999119698406
-44.1292505962007,-8.3232946448406
-44.1157505962007,-8.3466773198406
-44.0752505962007,-8.3700599948406
-44.0482505962007,-8.3700599948406
-44.0212505962007,-8.3700599948406
-43.9942505962007,-8.3700599948406
-43.9672505962007,-8.3700599948406
-43.9402505962007,-8.3700599948406
-43.8997505962007,-8.3466773198406
-43.8862505962007,-8.3232946448406
-43.8727505962007,-8.2999119698406
-43.8592505962007,-8.2765292948406
-43.8457505962007,-8.2531466198406
-43.8322505962007,-8.2297639448406
-43.8997505962007,-8.0193198698406
-43.8187505962007,-8.1596159198406
-43.8322505962007,-8.1362332448406
-43.8457505962007,-8.1128505698406
-43.8592505962007,-8.0894678948406
-43.8727505962007,-8.0660852198406
-43.8862505962007,-8.0427025448406
-43.9267505962007,-8.0193198698406
-43.9537505962007,-8.0193198698406
-43.9807505962007,-8.0193198698406
-44.0077505962007,-8.0193198698406
-44.0347505962007,-8.0193198698406
-44.1697505962007,-8.2999119698406
-44.1562505962007,-8.3232946448406
-44.1427505962007,-8.3466773198406
-44.0077505962007,-8.3934426698406
-43.9807505962007,-8.3934426698406
-43.8457505962007,-8.2999119698406
-43.8322505962007,-8.2765292948406
-43.8862505962007,-7.9959371948406
-43.8187505962007,-8.1128505698406
-43.8322505962007,-8.0894678948406
-43.8457505962007,-8.0660852198406
-43.8592505962007,-8.0427025448406
-43.8727505962007,-8.0193198698406
-43.9132505962007,-7.9959371948406
-43.9402505962007,-7.9959371948406
-44.1967505962007,-8.2999119698406
-44.1832505962007,-8.3232946448406
-44.1697505962007,-8.3466773198406
-43.8187505962007,-8.0660852198406
-43.8322505962007,-8.0427025448406
-43.8457505962007,-8.0193198698406
-43.8592505962007,-7.9959371948406
-44.2237505962007,-8.2999119698406
-44.2102505962007,-8.3232946448406
-44.1967505962007,-8.3466773198406
-43.8052505962007,-8.0427025448406
-43.8187505962007,-8.0193198698406
-43.8322505962007,-7.9959371948406
-44.2507505962007,-8.2999119698406
-44.2372505962007,-8.3232946448406
-44.2237505962007,-8.3466773198406
-43.8052505962007,-7.9959371948406
-44.2777505962007,-8.2999119698406
-44.2642505962007,-8.3232946448406
-44.2507505962007,-8.3466773198406
-44.3047505962007,-8.2999119698406
-44.2912505962007,-8.3232946448406
-44.2777505962007,-8.3466773198406
-44.3317505962007,-8.2999119698406
-44.3182505962007,-8.3232946448406
-44.3047505962007,-8.3466773198406
-44.3587505962007,-8.2999119698406
-44.3452505962007,-8.3232946448406
-44.3317505962007,-8.3466773198406
-44.3587505962007,-8.3466773198406
