-44.0925608669455,-7.7447082808558
-44.0655608669455,-7.7447082808558
-44.0790608669455,-7.7213256058558
-44.1060608669455,-7.7213256058558
-44.1195608669455,-7.7447082808558
-44.1060608669455,-7.7680909558558
-44.0790608669455,-7.7680909558558
-44.0385608669455,-7.7447082808558
-44.0655608669455,-7.6979429308558
-44.1195608669455,-7.6979429308558
-44.1465608669455,-7.7447082808558
-44.1195608669455,-7.7914736308558
-44.0655608669455,-7.7914736308558
-44.0520608669455,-7.7213256058558
-44.0925608669455,-7.6979429308558
-44.1330608669455,-7.7213256058558
-44.1330608669455,-7.7680909558558
-44.0925608669455,-7.7914736308558
-44.0520608669455,-7.7680909558558
-44.0115608669455,-7.7447082808558
-44.0520608669455,-7.6745602558558
-44.1330608669455,-7.6745602558558
-44.1735608669455,-7.7447082808558
-44.1330608669455,-7.8148563058558
-44.0520608669455,-7.8148563058558
-44.0250608669455,-7.7213256058558
-44.0385608669455,-7.6979429308558
-44.0790608669455,-7.6745602558558
-44.1060608669455,-7.6745602558558
-44.1465608669455,-7.6979429308558
-44.1600608669455,-7.7213256058558
-44.1600608669455,-7.7680909558558
-44.1465608669455,-7.7914736308558
-44.1060608669455,-7.8148563058558
-44.0790608669455,-7.8148563058558
-44.0385608669455,-7.7914736308558
-44.0250608669455,-7.7680909558558
-44.0385608669455,-7.6511775808558
-44.1465608669455,-7.6511775808558
-44.2005608669455,-7.7447082808558
-44.1465608669455,-7.8382389808558
-44.0385608669455,-7.8382389808558
-43.9980608669455,-7.7213256058558
-44.0115608669455,-7.6979429308558
-44.0250608669455,-7.6745602558558
-44.0655608669455,-7.6511775808558
-44.0925608669455,-7.6511775808558
-44.1195608669455,-7.6511775808558
-44.1600608669455,-7.6745602558558
-44.1735608669455,-7.6979429308558
-44.1870608669455,-7.7213256058558
-44.1870608669455,-7.7680909558558
-44.1735608669455,-7.7914736308558
-44.1600608669455,-7.8148563058558
-44.1195608669455,-7.8382389808558
-44.0925608669455,-7.8382389808558
-44.0655608669455,-7.8382389808558
-44.0250608669455,-7.8148563058558
-44.0115608669455,-7.7914736308558
-43.9980608669455,-7.7680909558558
-44.0250608669455,-7.6277949058558
-44.1600608669455,-7.6277949058558
-44.1600608669455,-7.8616216558558
-44.0250608669455,-7.8616216558558
-44.0115608669455,-7.6511775808558
-44.0520608669455,-7.6277949058558
-44.0790608669455,-7.6277949058558
-44.1060608669455,-7.6277949058558
-44.1330608669455,-7.6277949058558
-44.1735608669455,-7.6511775808558
-44.2005608669455,-7.7914736308558
-44.1870608669455,-7.8148563058558
-44.1735608669455,-7.8382389808558
-44.1330608669455,-7.8616216558558
-44.1060608669455,-7.8616216558558
-44.0790608669455,-7.8616216558558
-44.0520608669455,-7.8616216558558
-44.0115608669455,-7.8382389808558
-43.9980608669455,-7.8148563058558
-44.0115608669455,-7.6044122308558
-44.1735608669455,-7.8850043308558
-44.0115608669455,-7.8850043308558
-44.0385608669455,-7.6044122308558
-44.0655608669455,-7.6044122308558
-44.0925608669455,-7.6044122308558
-44.1195608669455,-7.6044122308558
-44.1465608669455,-7.6044122308558
-44.2140608669455,-7.8148563058558
-44.2005608669455,-7.8382389808558
-44.1870608669455,-7.8616216558558
-44.1465608669455,-7.8850043308558
-44.1195608669455,-7.8850043308558
-44.0925608669455,-7.8850043308558
-44.0655608669455,-7.8850043308558
-44.0385608669455,-7.8850043308558
-43.9980608669455,-7.8616216558558
-43.9980608669455,-7.5810295558558
-44.1870608669455,-7.9083870058558
-43.9980608669455,-7.9083870058558
-44.0250608669455,-7.5810295558558
-44.0520608669455,-7.5810295558558
-44.0790608669455,-7.5810295558558
-44.1060608669455,-7.5810295558558
-44.1330608669455,-7.5810295558558
-44.2275608669455,-7.8382389808558
-44.2140608669455,-7.8616216558558
-44.2005608669455,-7.8850043308558
-44.1600608669455,-7.9083870058558
-44.1330608669455,-7.9083870058558
-44.1060608669455,-7.9083870058558
-44.0790608669455,-7.9083870058558
-44.0520608669455,-7.9083870058558
-44.0250608669455,-7.9083870058558
-43.9845608669455,-7.5576468808558
-44.2005608669455,-7.9317696808558
-43.9845608669455,-7.9317696808558
-43.9710608669455,-7.5810295558558
-44.0115608669455,-7.5576468808558
-44.0385608669455,-7.5576468808558
-44.0655608669455,-7.5576468808558
-44.0925608669455,-7.5576468808558
-44.1195608669455,-7.5576468808558
-44.1465608669455,-7.5576468808558
-44.2275608669455,-7.8850043308558
-44.2140608669455,-7.9083870058558
-44.1735608669455,-7.9317696808558
-44.1465608669455,-7.9317696808558
-44.1195608669455,-7.9317696808558
-44.0925608669455,-7.9317696808558
-44.0655608669455,-7.9317696808558
-44.0385608669455,-7.9317696808558
-44.0115608669455,-7.9317696808558
-43.9710608669455,-7.5342642058558
-44.2140608669455,-7.9551523558558
-43.9575608669455,-7.5576468808558
-43.9980608669455,-7.5342642058558
-44.0250608669455,-7.5342642058558
-44.0520608669455,-7.5342642058558
-44.0790608669455,-7.5342642058558
-44.1060608669455,-7.5342642058558
-44.1330608669455,-7.5342642058558
-44.1600608669455,-7.5342642058558
-44.2410608669455,-7.9083870058558
-44.2275608669455,-7.9317696808558
-44.1870608669455,-7.9551523558558
-44.1600608669455,-7.9551523558558
-44.1330608669455,-7.9551523558558
-44.1060608669455,-7.9551523558558
-44.0790608669455,-7.9551523558558
-44.0520608669455,-7.9551523558558
-44.0250608669455,-7.9551523558558
-43.9980608669455,-7.9551523558558
-43.9575608669455,-7.5108815308558
-44.2275608669455,-7.9785350308558
-43.9440608669455,-7.5342642058558
-43.9845608669455,-7.5108815308558
-44.0115608669455,-7.5108815308558
-44.0385608669455,-7.5108815308558
-44.0655608669455,-7.5108815308558
-44.0925608669455,-7.5108815308558
-44.1195608669455,-7.5108815308558
-44.1465608669455,-7.5108815308558
-44.1735608669455,-7.5108815308558
-44.2005608669455,-7.5108815308558
-44.2545608669455,-7.9317696808558
-44.2410608669455,-7.9551523558558
-44.2005608669455,-7.9785350308558
-44.1735608669455,-7.9785350308558
-44.1465608669455,-7.9785350308558
-44.1195608669455,-7.9785350308558
-44.0925608669455,-7.9785350308558
-44.0655608669455,-7.9785350308558
-44.0385608669455,-7.9785350308558
-44.0115608669455,-7.9785350308558
-43.9845608669455,-7.9785350308558
-43.9440608669455,-7.4874988558558
-44.2410608669455,-7.4874988558558
-44.2410608669455,-8.0019177058558
-43.9305608669455,-7.5108815308558
-43.9710608669455,-7.4874988558558
-43.9980608669455,-7.4874988558558
-44.0250608669455,-7.4874988558558
-44.0520608669455,-7.4874988558558
-44.0790608669455,-7.4874988558558
-44.1060608669455,-7.4874988558558
-44.1600608669455,-7.4874988558558
-44.1870608669455,-7.4874988558558
-44.2140608669455,-7.4874988558558
-44.2545608669455,-7.9785350308558
-44.2140608669455,-8.0019177058558
-44.1870608669455,-8.0019177058558
-44.1600608669455,-8.0019177058558
-44.1330608669455,-8.0019177058558
-44.1060608669455,-8.0019177058558
-44.0790608669455,-8.0019177058558
-44.0520608669455,-8.0019177058558
-44.0250608669455,-8.0019177058558
-43.9980608669455,-8.0019177058558
-43.9305608669455,-7.4641161808558
-44.2545608669455,-7.4641161808558
-44.2545608669455,-8.0253003808558
-43.9170608669455,-7.4874988558558
-43.9575608669455,-7.4641161808558
-43.9845608669455,-7.4641161808558
-44.0115608669455,-7.4641161808558
-44.0385608669455,-7.4641161808558
-44.0655608669455,-7.4641161808558
-44.1735608669455,-7.4641161808558
-44.2005608669455,-7.4641161808558
-44.2275608669455,-7.4641161808558
-44.2680608669455,-8.0019177058558
-44.2275608669455,-8.0253003808558
-44.2005608669455,-8.0253003808558
-44.1735608669455,-8.0253003808558
-44.1465608669455,-8.0253003808558
-44.1195608669455,-8.0253003808558
-44.0925608669455,-8.0253003808558
-43.9170608669455,-7.4407335058558
-44.2680608669455,-7.4407335058558
-44.2680608669455,-8.0486830558558
-43.8900608669455,-7.4874988558558
-43.9035608669455,-7.4641161808558
-43.9440608669455,-7.4407335058558
-43.9710608669455,-7.4407335058558
-43.9980608669455,-7.4407335058558
-44.0250608669455,-7.4407335058558
-44.0520608669455,-7.4407335058558
-44.1870608669455,-7.4407335058558
-44.2140608669455,-7.4407335058558
-44.2410608669455,-7.4407335058558
-44.2815608669455,-7.4641161808558
-44.2815608669455,-8.0253003808558
-44.2410608669455,-8.0486830558558
-44.2140608669455,-8.0486830558558
-44.1870608669455,-8.0486830558558
-44.1600608669455,-8.0486830558558
-44.1330608669455,-8.0486830558558
-44.1060608669455,-8.0486830558558
-43.9035608669455,-7.4173508308558
-44.2815608669455,-7.4173508308558
-44.2815608669455,-8.0720657308558
-43.8495608669455,-7.5108815308558
-43.8630608669455,-7.4874988558558
-43.8765608669455,-7.4641161808558
-43.8900608669455,-7.4407335058558
-43.9305608669455,-7.4173508308558
-43.9575608669455,-7.4173508308558
-43.9845608669455,-7.4173508308558
-44.0115608669455,-7.4173508308558
-44.2005608669455,-7.4173508308558
-44.2275608669455,-7.4173508308558
-44.2545608669455,-7.4173508308558
-44.2950608669455,-7.4407335058558
-44.2545608669455,-8.0720657308558
-44.2275608669455,-8.0720657308558
-44.2005608669455,-8.0720657308558
-44.1735608669455,-8.0720657308558
-44.1465608669455,-8.0720657308558
-44.1195608669455,-8.0720657308558
-43.8900608669455,-7.3939681558558
-44.2950608669455,-7.3939681558558
-44.2950608669455,-8.0954484058558
-43.8090608669455,-7.5342642058558
-43.8360608669455,-7.4874988558558
-43.8495608669455,-7.4641161808558
-43.8630608669455,-7.4407335058558
-43.8765608669455,-7.4173508308558
-43.9170608669455,-7.3939681558558
-43.9440608669455,-7.3939681558558
-44.2140608669455,-7.3939681558558
-44.2410608669455,-7.3939681558558
-44.2680608669455,-7.3939681558558
-44.3085608669455,-7.4173508308558
-44.3220608669455,-7.4407335058558
-44.2680608669455,-8.0954484058558
-44.2410608669455,-8.0954484058558
-44.2140608669455,-8.0954484058558
-44.1870608669455,-8.0954484058558
-44.1600608669455,-8.0954484058558
-44.1330608669455,-8.0954484058558
-43.8765608669455,-7.3705854808558
-44.3085608669455,-7.3705854808558
-44.3085608669455,-8.1188310808558
-43.7685608669455,-7.5576468808558
-43.7820608669455,-7.5342642058558
-43.7955608669455,-7.5108815308558
-43.8090608669455,-7.4874988558558
-43.8225608669455,-7.4641161808558
-43.8360608669455,-7.4407335058558
-43.8495608669455,-7.4173508308558
-43.8630608669455,-7.3939681558558
-44.2275608669455,-7.3705854808558
-44.2545608669455,-7.3705854808558
-44.2815608669455,-7.3705854808558
-44.3220608669455,-7.3939681558558
-44.3355608669455,-7.4173508308558
-44.2815608669455,-8.1188310808558
-44.2545608669455,-8.1188310808558
-44.2275608669455,-8.1188310808558
-44.2005608669455,-8.1188310808558
-44.1735608669455,-8.1188310808558
-44.1465608669455,-8.1188310808558
-44.1195608669455,-8.1188310808558
-44.3220608669455,-7.3472028058558
-43.7550608669455,-7.5342642058558
-43.7685608669455,-7.5108815308558
-43.7820608669455,-7.4874988558558
-43.7955608669455,-7.4641161808558
-43.8090608669455,-7.4407335058558
-43.8225608669455,-7.4173508308558
-43.8360608669455,-7.3939681558558
-43.8495608669455,-7.3705854808558
-44.2410608669455,-7.3472028058558
-44.2680608669455,-7.3472028058558
-44.2950608669455,-7.3472028058558
-44.3355608669455,-7.3705854808558
-44.3490608669455,-7.3939681558558
-44.2950608669455,-8.1422137558558
-44.2680608669455,-8.1422137558558
-44.2410608669455,-8.1422137558558
-44.2140608669455,-8.1422137558558
-44.1870608669455,-8.1422137558558
-44.1600608669455,-8.1422137558558
-44.1330608669455,-8.1422137558558
-44.3355608669455,-7.3238201308558
-43.7415608669455,-7.5108815308558
-43.7550608669455,-7.4874988558558
-43.7685608669455,-7.4641161808558
-43.7820608669455,-7.4407335058558
-43.7955608669455,-7.4173508308558
-43.8090608669455,-7.3939681558558
-43.8225608669455,-7.3705854808558
-44.2545608669455,-7.3238201308558
-44.2815608669455,-7.3238201308558
-44.3085608669455,-7.3238201308558
-44.3490608669455,-7.3472028058558
-44.3085608669455,-8.1655964308558
-44.2815608669455,-8.1655964308558
-44.2545608669455,-8.1655964308558
-44.2275608669455,-8.1655964308558
-44.2005608669455,-8.1655964308558
-44.1735608669455,-8.1655964308558
-44.1465608669455,-8.1655964308558
-44.1195608669455,-8.1655964308558
-43.7280608669455,-7.4874988558558
-43.7415608669455,-7.4641161808558
-43.7550608669455,-7.4407335058558
-43.7685608669455,-7.4173508308558
-43.7820608669455,-7.3939681558558
-43.7955608669455,-7.3705854808558
-44.2680608669455,-7.3004374558558
-44.2950608669455,-7.3004374558558
-44.3220608669455,-7.3004374558558
-44.3220608669455,-8.1889791058558
-44.2950608669455,-8.1889791058558
-44.2680608669455,-8.1889791058558
-44.2410608669455,-8.1889791058558
-44.2140608669455,-8.1889791058558
-44.1870608669455,-8.1889791058558
-44.1600608669455,-8.1889791058558
-44.1330608669455,-8.1889791058558
-43.7145608669455,-7.4641161808558
-43.7280608669455,-7.4407335058558
-43.7415608669455,-7.4173508308558
-43.7550608669455,-7.3939681558558
-43.7685608669455,-7.3705854808558
-44.2545608669455,-7.2770547808558
-44.2815608669455,-7.2770547808558
-44.3085608669455,-7.2770547808558
-44.3355608669455,-8.2123617808558
-44.3085608669455,-8.2123617808558
-44.2815608669455,-8.2123617808558
-44.2545608669455,-8.2123617808558
-44.2275608669455,-8.2123617808558
-44.2005608669455,-8.2123617808558
-44.1735608669455,-8.2123617808558
-44.1465608669455,-8.2123617808558
-43.7010608669455,-7.4407335058558
-43.7145608669455,-7.4173508308558
-43.7280608669455,-7.3939681558558
-43.7415608669455,-7.3705854808558
-44.2680608669455,-7.2536721058558
-44.3220608669455,-8.2357444558558
-44.2950608669455,-8.2357444558558
-44.2680608669455,-8.2357444558558
-44.2410608669455,-8.2357444558558
-44.2140608669455,-8.2357444558558
-44.1870608669455,-8.2357444558558
-44.1600608669455,-8.2357444558558
-44.1330608669455,-8.2357444558558
-43.6740608669455,-7.4407335058558
-43.6875608669455,-7.4173508308558
-43.7010608669455,-7.3939681558558
-43.7145608669455,-7.3705854808558
-43.7280608669455,-7.3472028058558
-44.3355608669455,-8.2591271308558
-44.3085608669455,-8.2591271308558
-44.2815608669455,-8.2591271308558
-44.2545608669455,-8.2591271308558
-44.2275608669455,-8.2591271308558
-44.2005608669455,-8.2591271308558
-44.1735608669455,-8.2591271308558
-44.1465608669455,-8.2591271308558
-43.6875608669455,-7.3705854808558
-43.7010608669455,-7.3472028058558
-44.3490608669455,-8.2825098058558
-44.3220608669455,-8.2825098058558
-44.2950608669455,-8.2825098058558
-44.2680608669455,-8.2825098058558
-44.2410608669455,-8.2825098058558
