-62.9721480249336,-3.2893909173031
-62.9451480249336,-3.2893909173031
-62.9586480249336,-3.2660082423031
-62.9856480249336,-3.2660082423031
-62.9991480249336,-3.2893909173031
-62.9856480249336,-3.3127735923031
-62.9586480249336,-3.3127735923031
-62.9181480249336,-3.2893909173031
-62.9451480249336,-3.2426255673031
-62.9991480249336,-3.2426255673031
-63.0261480249336,-3.2893909173031
-62.9991480249336,-3.3361562673031
-62.9451480249336,-3.3361562673031
-62.9316480249336,-3.2660082423031
-62.9721480249336,-3.2426255673031
-63.0126480249336,-3.2660082423031
-63.0126480249336,-3.3127735923031
-62.9721480249336,-3.3361562673031
-62.9316480249336,-3.3127735923031
-62.8911480249336,-3.2893909173031
-62.9316480249336,-3.2192428923031
-63.0126480249336,-3.2192428923031
-63.0531480249336,-3.2893909173031
-63.0126480249336,-3.3595389423031
-62.9316480249336,-3.3595389423031
-62.9046480249336,-3.2660082423031
-62.9181480249336,-3.2426255673031
-62.9586480249336,-3.2192428923031
-62.9856480249336,-3.2192428923031
-63.0261480249336,-3.2426255673031
-63.0396480249336,-3.2660082423031
-63.0396480249336,-3.3127735923031
-63.0261480249336,-3.3361562673031
-62.9856480249336,-3.3595389423031
-62.9586480249336,-3.3595389423031
-62.9181480249336,-3.3361562673031
-62.9046480249336,-3.3127735923031
-62.8641480249336,-3.2893909173031
-62.9181480249336,-3.1958602173031
-63.0261480249336,-3.1958602173031
-63.0801480249336,-3.2893909173031
-63.0261480249336,-3.3829216173031
-62.9181480249336,-3.3829216173031
-62.8776480249336,-3.2660082423031
-62.8911480249336,-3.2426255673031
-62.9046480249336,-3.2192428923031
-62.9451480249336,-3.1958602173031
-62.9721480249336,-3.1958602173031
-62.9991480249336,-3.1958602173031
-63.0396480249336,-3.2192428923031
-63.0531480249336,-3.2426255673031
-63.0666480249336,-3.2660082423031
-63.0666480249336,-3.3127735923031
-63.0531480249336,-3.3361562673031
-63.0396480249336,-3.3595389423031
-62.9991480249336,-3.3829216173031
-62.9721480249336,-3.3829216173031
-62.9451480249336,-3.3829216173031
-62.9046480249336,-3.3595389423031
-62.8911480249336,-3.3361562673031
-62.8776480249336,-3.3127735923031
-62.8371480249336,-3.2893909173031
-62.9046480249336,-3.1724775423031
-63.0396480249336,-3.1724775423031
-63.1071480249336,-3.2893909173031
-63.0396480249336,-3.4063042923031
-62.9046480249336,-3.4063042923031
-62.8506480249336,-3.2660082423031
-62.8641480249336,-3.2426255673031
-62.8776480249336,-3.2192428923031
-62.8911480249336,-3.1958602173031
-62.9316480249336,-3.1724775423031
-62.9586480249336,-3.1724775423031
-62.9856480249336,-3.1724775423031
-63.0126480249336,-3.1724775423031
-63.0531480249336,-3.1958602173031
-63.0666480249336,-3.2192428923031
-63.0801480249336,-3.2426255673031
-63.0936480249336,-3.2660082423031
-63.0936480249336,-3.3127735923031
-63.0801480249336,-3.3361562673031
-63.0666480249336,-3.3595389423031
-63.0531480249336,-3.3829216173031
-63.0126480249336,-3.4063042923031
-62.9856480249336,-3.4063042923031
-62.9586480249336,-3.4063042923031
-62.9316480249336,-3.4063042923031
-62.8911480249336,-3.3829216173031
-62.8776480249336,-3.3595389423031
-62.8641480249336,-3.3361562673031
-62.8506480249336,-3.3127735923031
-62.8101480249336,-3.2893909173031
-62.8911480249336,-3.1490948673031
-63.0531480249336,-3.1490948673031
-63.1341480249336,-3.2893909173031
-63.0531480249336,-3.4296869673031
-62.8911480249336,-3.4296869673031
-62.8236480249336,-3.2660082423031
-62.8371480249336,-3.2426255673031
-62.8506480249336,-3.2192428923031
-62.8641480249336,-3.1958602173031
-62.8776480249336,-3.1724775423031
-62.9181480249336,-3.1490948673031
-62.9451480249336,-3.1490948673031
-62.9721480249336,-3.1490948673031
-62.9991480249336,-3.1490948673031
-63.0261480249336,-3.1490948673031
-63.0666480249336,-3.1724775423031
-63.0801480249336,-3.1958602173031
-63.0936480249336,-3.2192428923031
-63.1071480249336,-3.2426255673031
-63.1206480249336,-3.2660082423031
-63.1206480249336,-3.3127735923031
-63.1071480249336,-3.3361562673031
-63.0936480249336,-3.3595389423031
-63.0801480249336,-3.3829216173031
-63.0666480249336,-3.4063042923031
-63.0261480249336,-3.4296869673031
-62.9991480249336,-3.4296869673031
-62.9721480249336,-3.4296869673031
-62.9451480249336,-3.4296869673031
-62.9181480249336,-3.4296869673031
-62.8776480249336,-3.4063042923031
-62.8641480249336,-3.3829216173031
-62.8506480249336,-3.3595389423031
-62.8371480249336,-3.3361562673031
-62.8236480249336,-3.3127735923031
-62.7831480249336,-3.2893909173031
-62.8776480249336,-3.1257121923031
-63.0666480249336,-3.1257121923031
-63.1611480249336,-3.2893909173031
-63.0666480249336,-3.4530696423031
-62.8776480249336,-3.4530696423031
-62.7966480249336,-3.2660082423031
-62.8101480249336,-3.2426255673031
-62.8236480249336,-3.2192428923031
-62.8371480249336,-3.1958602173031
-62.8506480249336,-3.1724775423031
-62.8641480249336,-3.1490948673031
-62.9046480249336,-3.1257121923031
-62.9316480249336,-3.1257121923031
-62.9586480249336,-3.1257121923031
-62.9856480249336,-3.1257121923031
-63.0126480249336,-3.1257121923031
-63.0396480249336,-3.1257121923031
-63.0801480249336,-3.1490948673031
-63.0936480249336,-3.1724775423031
-63.1071480249336,-3.1958602173031
-63.1206480249336,-3.2192428923031
-63.1341480249336,-3.2426255673031
-63.1476480249336,-3.2660082423031
-63.1476480249336,-3.3127735923031
-63.1341480249336,-3.3361562673031
-63.1206480249336,-3.3595389423031
-63.1071480249336,-3.3829216173031
-63.0936480249336,-3.4063042923031
-63.0801480249336,-3.4296869673031
-63.0396480249336,-3.4530696423031
-63.0126480249336,-3.4530696423031
-62.9856480249336,-3.4530696423031
-62.9586480249336,-3.4530696423031
-62.9316480249336,-3.4530696423031
-62.9046480249336,-3.4530696423031
-62.8641480249336,-3.4296869673031
-62.8506480249336,-3.4063042923031
-62.8371480249336,-3.3829216173031
-62.8236480249336,-3.3595389423031
-62.8101480249336,-3.3361562673031
-62.7966480249336,-3.3127735923031
-62.7561480249336,-3.2893909173031
-62.8641480249336,-3.1023295173031
-63.0801480249336,-3.1023295173031
-63.1881480249336,-3.2893909173031
-63.0801480249336,-3.4764523173032
-62.8641480249336,-3.4764523173032
-62.7696480249336,-3.2660082423031
-62.7831480249336,-3.2426255673031
-62.7966480249336,-3.2192428923031
-62.8101480249336,-3.1958602173031
-62.8236480249336,-3.1724775423031
-62.8371480249336,-3.1490948673031
-62.8506480249336,-3.1257121923031
-62.8911480249336,-3.1023295173031
-62.9181480249336,-3.1023295173031
-62.9451480249336,-3.1023295173031
-62.9721480249336,-3.1023295173031
-62.9991480249336,-3.1023295173031
-63.0261480249336,-3.1023295173031
-63.0531480249336,-3.1023295173031
-63.0936480249336,-3.1257121923031
-63.1071480249336,-3.1490948673031
-63.1206480249336,-3.1724775423031
-63.1341480249336,-3.1958602173031
-63.1476480249336,-3.2192428923031
-63.1611480249336,-3.2426255673031
-63.1746480249336,-3.2660082423031
-63.1746480249336,-3.3127735923031
-63.1611480249336,-3.3361562673031
-63.1476480249336,-3.3595389423031
-63.1341480249336,-3.3829216173031
-63.1206480249336,-3.4063042923031
-63.1071480249336,-3.4296869673031
-63.0936480249336,-3.4530696423031
-63.0531480249336,-3.4764523173032
-63.0261480249336,-3.4764523173032
-62.9991480249336,-3.4764523173032
-62.9721480249336,-3.4764523173032
-62.9451480249336,-3.4764523173032
-62.9181480249336,-3.4764523173032
-62.8911480249336,-3.4764523173032
-62.8506480249336,-3.4530696423031
-62.8371480249336,-3.4296869673031
-62.8236480249336,-3.4063042923031
-62.8101480249336,-3.3829216173031
-62.7966480249336,-3.3595389423031
-62.7831480249336,-3.3361562673031
-62.7696480249336,-3.3127735923031
-62.7291480249336,-3.2893909173031
-62.8506480249336,-3.0789468423031
-63.0936480249336,-3.0789468423031
-63.2151480249336,-3.2893909173031
-63.0936480249336,-3.4998349923032
-62.8506480249336,-3.4998349923032
-62.7426480249336,-3.2660082423031
-62.7561480249336,-3.2426255673031
-62.7696480249336,-3.2192428923031
-62.7831480249336,-3.1958602173031
-62.7966480249336,-3.1724775423031
-62.8101480249336,-3.1490948673031
-62.8236480249336,-3.1257121923031
-62.8371480249336,-3.1023295173031
-62.8776480249336,-3.0789468423031
-62.9046480249336,-3.0789468423031
-62.9316480249336,-3.0789468423031
-62.9586480249336,-3.0789468423031
-62.9856480249336,-3.0789468423031
-63.0126480249336,-3.0789468423031
-63.0396480249336,-3.0789468423031
-63.0666480249336,-3.0789468423031
-63.1071480249336,-3.1023295173031
-63.1206480249336,-3.1257121923031
-63.1341480249336,-3.1490948673031
-63.1476480249336,-3.1724775423031
-63.1611480249336,-3.1958602173031
-63.1746480249336,-3.2192428923031
-63.1881480249336,-3.2426255673031
-63.2016480249336,-3.2660082423031
-63.2016480249336,-3.3127735923031
-63.1881480249336,-3.3361562673031
-63.1746480249336,-3.3595389423031
-63.1611480249336,-3.3829216173031
-63.1476480249336,-3.4063042923031
-63.1341480249336,-3.4296869673031
-63.1206480249336,-3.4530696423031
-63.1071480249336,-3.4764523173032
-63.0666480249336,-3.4998349923032
-63.0396480249336,-3.4998349923032
-63.0126480249336,-3.4998349923032
-62.9856480249336,-3.4998349923032
-62.9586480249336,-3.4998349923032
-62.9316480249336,-3.4998349923032
-62.9046480249336,-3.4998349923032
-62.8776480249336,-3.4998349923032
-62.8371480249336,-3.4764523173032
-62.8236480249336,-3.4530696423031
-62.8101480249336,-3.4296869673031
-62.7966480249336,-3.4063042923031
-62.7831480249336,-3.3829216173031
-62.7696480249336,-3.3595389423031
-62.7561480249336,-3.3361562673031
-62.7426480249336,-3.3127735923031
-62.7021480249336,-3.2893909173031
-62.8371480249336,-3.0555641673031
-63.1071480249336,-3.0555641673031
-63.2421480249336,-3.2893909173031
-63.1071480249336,-3.5232176673032
-62.8371480249336,-3.5232176673032
-62.7156480249336,-3.2660082423031
-62.7291480249336,-3.2426255673031
-62.7426480249336,-3.2192428923031
-62.7561480249336,-3.1958602173031
-62.7696480249336,-3.1724775423031
-62.7831480249336,-3.1490948673031
-62.7966480249336,-3.1257121923031
-62.8101480249336,-3.1023295173031
-62.8236480249336,-3.0789468423031
-62.8641480249336,-3.0555641673031
-62.8911480249336,-3.0555641673031
-62.9181480249336,-3.0555641673031
-62.9451480249336,-3.0555641673031
-62.9721480249336,-3.0555641673031
-62.9991480249336,-3.0555641673031
-63.0261480249336,-3.0555641673031
-63.0531480249336,-3.0555641673031
-63.0801480249336,-3.0555641673031
-63.1206480249336,-3.0789468423031
-63.1341480249336,-3.1023295173031
-63.1476480249336,-3.1257121923031
-63.1611480249336,-3.1490948673031
-63.1746480249336,-3.1724775423031
-63.1881480249336,-3.1958602173031
-63.2016480249336,-3.2192428923031
-63.2151480249336,-3.2426255673031
-63.2286480249336,-3.2660082423031
-63.2286480249336,-3.3127735923031
-63.2151480249336,-3.3361562673031
-63.2016480249336,-3.3595389423031
-63.1881480249336,-3.3829216173031
-63.1746480249336,-3.4063042923031
-63.1611480249336,-3.4296869673031
-63.1476480249336,-3.4530696423031
-63.1341480249336,-3.4764523173032
-63.1206480249336,-3.4998349923032
-63.0801480249336,-3.5232176673032
-63.0531480249336,-3.5232176673032
-63.0261480249336,-3.5232176673032
-62.9991480249336,-3.5232176673032
-62.9721480249336,-3.5232176673032
-62.9451480249336,-3.5232176673032
-62.9181480249336,-3.5232176673032
-62.8911480249336,-3.5232176673032
-62.8641480249336,-3.5232176673032
-62.8236480249336,-3.4998349923032
-62.8101480249336,-3.4764523173032
-62.7966480249336,-3.4530696423031
-62.7831480249336,-3.4296869673031
-62.7696480249336,-3.4063042923031
-62.7561480249336,-3.3829216173031
-62.7426480249336,-3.3595389423031
-62.7291480249336,-3.3361562673031
-62.7156480249336,-3.3127735923031
-62.6751480249336,-3.2893909173031
-62.8236480249336,-3.0321814923031
-63.1206480249336,-3.0321814923031
-63.2691480249336,-3.2893909173031
-63.1206480249336,-3.5466003423032
-62.8236480249336,-3.5466003423032
-62.6886480249336,-3.2660082423031
-62.7021480249336,-3.2426255673031
-62.7156480249336,-3.2192428923031
-62.7291480249336,-3.1958602173031
-62.7426480249336,-3.1724775423031
-62.7561480249336,-3.1490948673031
-62.7696480249336,-3.1257121923031
-62.7831480249336,-3.1023295173031
-62.7966480249336,-3.0789468423031
-62.8101480249336,-3.0555641673031
-62.8506480249336,-3.0321814923031
-62.8776480249336,-3.0321814923031
-62.9046480249336,-3.0321814923031
-62.9316480249336,-3.0321814923031
-62.9586480249336,-3.0321814923031
-62.9856480249336,-3.0321814923031
-63.0126480249336,-3.0321814923031
-63.0396480249336,-3.0321814923031
-63.0666480249336,-3.0321814923031
-63.0936480249336,-3.0321814923031
-63.1341480249336,-3.0555641673031
-63.1476480249336,-3.0789468423031
-63.1611480249336,-3.1023295173031
-63.1746480249336,-3.1257121923031
-63.1881480249336,-3.1490948673031
-63.2016480249336,-3.1724775423031
-63.2151480249336,-3.1958602173031
-63.2286480249336,-3.2192428923031
-63.2421480249336,-3.2426255673031
-63.2556480249336,-3.2660082423031
-63.2556480249336,-3.3127735923031
-63.2421480249336,-3.3361562673031
-63.2286480249336,-3.3595389423031
-63.2151480249336,-3.3829216173031
-63.2016480249336,-3.4063042923031
-63.1881480249336,-3.4296869673031
-63.1746480249336,-3.4530696423031
-63.1611480249336,-3.4764523173032
-63.1476480249336,-3.4998349923032
-63.1341480249336,-3.5232176673032
-63.0936480249336,-3.5466003423032
-63.0666480249336,-3.5466003423032
-63.0396480249336,-3.5466003423032
-63.0126480249336,-3.5466003423032
-62.9856480249336,-3.5466003423032
-62.9586480249336,-3.5466003423032
-62.9316480249336,-3.5466003423032
-62.9046480249336,-3.5466003423032
-62.8776480249336,-3.5466003423032
-62.8506480249336,-3.5466003423032
-62.8101480249336,-3.5232176673032
-62.7966480249336,-3.4998349923032
-62.7831480249336,-3.4764523173032
-62.7696480249336,-3.4530696423031
-62.7561480249336,-3.4296869673031
-62.7426480249336,-3.4063042923031
-62.7291480249336,-3.3829216173031
-62.7156480249336,-3.3595389423031
-62.7021480249336,-3.3361562673031
-62.6886480249336,-3.3127735923031
-62.6481480249336,-3.2893909173031
-63.1341480249336,-3.0087988173031
-63.2961480249336,-3.2893909173031
-63.1341480249336,-3.5699830173032
-62.8101480249336,-3.5699830173032
-62.6616480249336,-3.2660082423031
-62.6751480249336,-3.2426255673031
-62.6886480249336,-3.2192428923031
-62.7021480249336,-3.1958602173031
-62.7156480249336,-3.1724775423031
-62.7291480249336,-3.1490948673031
-62.7426480249336,-3.1257121923031
-62.7561480249336,-3.1023295173031
-62.7696480249336,-3.0789468423031
-62.7831480249336,-3.0555641673031
-62.7966480249336,-3.0321814923031
-62.8371480249336,-3.0087988173031
-62.8641480249336,-3.0087988173031
-62.8911480249336,-3.0087988173031
-62.9181480249336,-3.0087988173031
-62.9451480249336,-3.0087988173031
-62.9721480249336,-3.0087988173031
-62.9991480249336,-3.0087988173031
-63.0261480249336,-3.0087988173031
-63.0531480249336,-3.0087988173031
-63.0801480249336,-3.0087988173031
-63.1071480249336,-3.0087988173031
-63.1476480249336,-3.0321814923031
-63.1611480249336,-3.0555641673031
-63.1746480249336,-3.0789468423031
-63.1881480249336,-3.1023295173031
-63.2016480249336,-3.1257121923031
-63.2151480249336,-3.1490948673031
-63.2286480249336,-3.1724775423031
-63.2421480249336,-3.1958602173031
-63.2556480249336,-3.2192428923031
-63.2691480249336,-3.2426255673031
-63.2826480249336,-3.2660082423031
-63.2826480249336,-3.3127735923031
-63.2691480249336,-3.3361562673031
-63.2556480249336,-3.3595389423031
-63.2421480249336,-3.3829216173031
-63.2286480249336,-3.4063042923031
-63.2151480249336,-3.4296869673031
-63.2016480249336,-3.4530696423031
-63.1881480249336,-3.4764523173032
-63.1746480249336,-3.4998349923032
-63.1611480249336,-3.5232176673032
-63.1476480249336,-3.5466003423032
-63.1071480249336,-3.5699830173032
-63.0801480249336,-3.5699830173032
-63.0531480249336,-3.5699830173032
-62.9991480249336,-3.5699830173032
-62.9721480249336,-3.5699830173032
-62.9451480249336,-3.5699830173032
-62.9181480249336,-3.5699830173032
-62.8911480249336,-3.5699830173032
-62.8641480249336,-3.5699830173032
-62.8371480249336,-3.5699830173032
-62.7966480249336,-3.5466003423032
-62.7831480249336,-3.5232176673032
-62.7696480249336,-3.4998349923032
-62.7561480249336,-3.4764523173032
-62.7426480249336,-3.4530696423031
-62.7291480249336,-3.4296869673031
-62.7156480249336,-3.4063042923031
-62.7021480249336,-3.3829216173031
-62.6886480249336,-3.3595389423031
-62.6751480249336,-3.3361562673031
-62.6616480249336,-3.3127735923031
-62.6211480249336,-3.2893909173031
-63.1476480249336,-2.9854161423031
-63.3231480249336,-3.2893909173031
-63.1476480249336,-3.5933656923032
-62.7966480249336,-3.5933656923032
-62.6346480249336,-3.2660082423031
-62.6481480249336,-3.2426255673031
-62.6616480249336,-3.2192428923031
-62.6751480249336,-3.1958602173031
-62.6886480249336,-3.1724775423031
-62.7021480249336,-3.1490948673031
-62.7156480249336,-3.1257121923031
-62.7291480249336,-3.1023295173031
-62.7426480249336,-3.0789468423031
-62.7561480249336,-3.0555641673031
-62.7696480249336,-3.0321814923031
-62.9316480249336,-2.9854161423031
-62.9586480249336,-2.9854161423031
-62.9856480249336,-2.9854161423031
-63.0126480249336,-2.9854161423031
-63.0396480249336,-2.9854161423031
-63.0666480249336,-2.9854161423031
-63.0936480249336,-2.9854161423031
-63.1206480249336,-2.9854161423031
-63.1611480249336,-3.0087988173031
-63.1746480249336,-3.0321814923031
-63.1881480249336,-3.0555641673031
-63.2016480249336,-3.0789468423031
-63.2151480249336,-3.1023295173031
-63.2286480249336,-3.1257121923031
-63.2421480249336,-3.1490948673031
-63.2556480249336,-3.1724775423031
-63.2691480249336,-3.1958602173031
-63.2826480249336,-3.2192428923031
-63.2961480249336,-3.2426255673031
-63.3096480249336,-3.2660082423031
-63.3096480249336,-3.3127735923031
-63.2961480249336,-3.3361562673031
-63.2826480249336,-3.3595389423031
-63.2691480249336,-3.3829216173031
-63.2556480249336,-3.4063042923031
-63.2421480249336,-3.4296869673031
-63.2286480249336,-3.4530696423031
-63.2151480249336,-3.4764523173032
-63.2016480249336,-3.4998349923032
-63.1881480249336,-3.5232176673032
-63.1746480249336,-3.5466003423032
-63.1611480249336,-3.5699830173032
-63.1206480249336,-3.5933656923032
-63.0936480249336,-3.5933656923032
-62.9586480249336,-3.5933656923032
-62.9316480249336,-3.5933656923032
-62.9046480249336,-3.5933656923032
-62.8776480249336,-3.5933656923032
-62.8506480249336,-3.5933656923032
-62.8236480249336,-3.5933656923032
-62.7831480249336,-3.5699830173032
-62.7696480249336,-3.5466003423032
-62.7561480249336,-3.5232176673032
-62.7426480249336,-3.4998349923032
-62.7291480249336,-3.4764523173032
-62.7156480249336,-3.4530696423031
-62.7021480249336,-3.4296869673031
-62.6886480249336,-3.4063042923031
-62.6751480249336,-3.3829216173031
-62.6616480249336,-3.3595389423031
-62.6481480249336,-3.3361562673031
-62.6346480249336,-3.3127735923031
-62.5941480249336,-3.2893909173031
-63.1611480249336,-2.9620334673031
-63.3501480249336,-3.2893909173031
-63.1611480249336,-3.6167483673032
-62.7831480249336,-3.6167483673032
-62.6076480249336,-3.2660082423031
-62.6211480249336,-3.2426255673031
-62.6346480249336,-3.2192428923031
-62.6481480249336,-3.1958602173031
-62.6616480249336,-3.1724775423031
-62.6751480249336,-3.1490948673031
-62.6886480249336,-3.1257121923031
-62.7021480249336,-3.1023295173031
-62.9451480249336,-2.9620334673031
-62.9721480249336,-2.9620334673031
-62.9991480249336,-2.9620334673031
-63.0261480249336,-2.9620334673031
-63.0531480249336,-2.9620334673031
-63.0801480249336,-2.9620334673031
-63.1071480249336,-2.9620334673031
-63.1341480249336,-2.9620334673031
-63.1746480249336,-2.9854161423031
-63.1881480249336,-3.0087988173031
-63.2016480249336,-3.0321814923031
-63.2151480249336,-3.0555641673031
-63.2286480249336,-3.0789468423031
-63.2421480249336,-3.1023295173031
-63.2556480249336,-3.1257121923031
-63.2691480249336,-3.1490948673031
-63.2826480249336,-3.1724775423031
-63.2961480249336,-3.1958602173031
-63.3096480249336,-3.2192428923031
-63.3231480249336,-3.2426255673031
-63.3366480249336,-3.2660082423031
-63.3366480249336,-3.3127735923031
-63.3231480249336,-3.3361562673031
-63.3096480249336,-3.3595389423031
-63.2961480249336,-3.3829216173031
-63.2826480249336,-3.4063042923031
-63.2691480249336,-3.4296869673031
-63.2556480249336,-3.4530696423031
-63.2421480249336,-3.4764523173032
-63.2286480249336,-3.4998349923032
-63.2151480249336,-3.5232176673032
-63.2016480249336,-3.5466003423032
-63.1881480249336,-3.5699830173032
-63.1746480249336,-3.5933656923032
-63.1341480249336,-3.6167483673032
-62.9181480249336,-3.6167483673032
-62.8911480249336,-3.6167483673032
-62.8641480249336,-3.6167483673032
-62.8371480249336,-3.6167483673032
-62.8101480249336,-3.6167483673032
-62.7696480249336,-3.5933656923032
-62.7561480249336,-3.5699830173032
-62.7426480249336,-3.5466003423032
-62.7291480249336,-3.5232176673032
-62.7156480249336,-3.4998349923032
-62.7021480249336,-3.4764523173032
-62.6886480249336,-3.4530696423031
-62.6751480249336,-3.4296869673031
-62.6616480249336,-3.4063042923031
-62.6481480249336,-3.3829216173031
-62.6346480249336,-3.3595389423031
-62.6211480249336,-3.3361562673031
-62.6076480249336,-3.3127735923031
-62.5671480249336,-3.2893909173031
-63.1746480249336,-2.9386507923031
-63.3771480249336,-3.2893909173031
-62.7696480249336,-3.6401310423032
-62.5806480249336,-3.2660082423031
-62.5941480249336,-3.2426255673031
-62.6076480249336,-3.2192428923031
-62.6211480249336,-3.1958602173031
-62.6346480249336,-3.1724775423031
-62.6481480249336,-3.1490948673031
-62.6616480249336,-3.1257121923031
-62.6751480249336,-3.1023295173031
-62.9316480249336,-2.9386507923031
-62.9586480249336,-2.9386507923031
-62.9856480249336,-2.9386507923031
-63.0126480249336,-2.9386507923031
-63.0396480249336,-2.9386507923031
-63.0666480249336,-2.9386507923031
-63.0936480249336,-2.9386507923031
-63.1206480249336,-2.9386507923031
-63.1476480249336,-2.9386507923031
-63.1881480249336,-2.9620334673031
-63.2016480249336,-2.9854161423031
-63.2151480249336,-3.0087988173031
-63.2286480249336,-3.0321814923031
-63.2421480249336,-3.0555641673031
-63.2556480249336,-3.0789468423031
-63.2691480249336,-3.1023295173031
-63.2826480249336,-3.1257121923031
-63.2961480249336,-3.1490948673031
-63.3096480249336,-3.1724775423031
-63.3231480249336,-3.1958602173031
-63.3366480249336,-3.2192428923031
-63.3501480249336,-3.2426255673031
-63.3636480249336,-3.2660082423031
-63.3636480249336,-3.3127735923031
-63.3501480249336,-3.3361562673031
-63.3366480249336,-3.3595389423031
-63.3231480249336,-3.3829216173031
-63.3096480249336,-3.4063042923031
-63.2961480249336,-3.4296869673031
-63.2826480249336,-3.4530696423031
-63.2691480249336,-3.4764523173032
-63.2556480249336,-3.4998349923032
-63.2421480249336,-3.5232176673032
-63.2286480249336,-3.5466003423032
-63.2151480249336,-3.5699830173032
-62.9046480249336,-3.6401310423032
-62.8776480249336,-3.6401310423032
-62.8506480249336,-3.6401310423032
-62.8236480249336,-3.6401310423032
-62.7966480249336,-3.6401310423032
-62.7561480249336,-3.6167483673032
-62.7426480249336,-3.5933656923032
-62.7291480249336,-3.5699830173032
-62.7156480249336,-3.5466003423032
-62.7021480249336,-3.5232176673032
-62.6886480249336,-3.4998349923032
-62.6751480249336,-3.4764523173032
-62.6616480249336,-3.4530696423031
-62.6481480249336,-3.4296869673031
-62.6346480249336,-3.4063042923031
-62.6211480249336,-3.3829216173031
-62.6076480249336,-3.3595389423031
-62.5941480249336,-3.3361562673031
-62.5806480249336,-3.3127735923031
-62.5401480249336,-3.2893909173031
-63.1881480249336,-2.9152681173031
-63.4041480249336,-3.2893909173031
-62.7561480249336,-3.6635137173032
-62.5536480249336,-3.2660082423031
-62.5671480249336,-3.2426255673031
-62.5806480249336,-3.2192428923031
-62.5941480249336,-3.1958602173031
-62.6076480249336,-3.1724775423031
-62.6211480249336,-3.1490948673031
-62.6346480249336,-3.1257121923031
-62.6481480249336,-3.1023295173031
-62.9181480249336,-2.9152681173031
-62.9451480249336,-2.9152681173031
-62.9721480249336,-2.9152681173031
-62.9991480249336,-2.9152681173031
-63.0261480249336,-2.9152681173031
-63.0531480249336,-2.9152681173031
-63.0801480249336,-2.9152681173031
-63.1071480249336,-2.9152681173031
-63.1341480249336,-2.9152681173031
-63.1611480249336,-2.9152681173031
-63.2016480249336,-2.9386507923031
-63.2151480249336,-2.9620334673031
-63.2286480249336,-2.9854161423031
-63.2421480249336,-3.0087988173031
-63.2556480249336,-3.0321814923031
-63.2691480249336,-3.0555641673031
-63.2826480249336,-3.0789468423031
-63.2961480249336,-3.1023295173031
-63.3096480249336,-3.1257121923031
-63.3231480249336,-3.1490948673031
-63.3366480249336,-3.1724775423031
-63.3501480249336,-3.1958602173031
-63.3636480249336,-3.2192428923031
-63.3771480249336,-3.2426255673031
-63.3906480249336,-3.2660082423031
-63.3906480249336,-3.3127735923031
-63.3771480249336,-3.3361562673031
-63.3636480249336,-3.3595389423031
-63.3501480249336,-3.3829216173031
-63.3366480249336,-3.4063042923031
-63.3231480249336,-3.4296869673031
-63.3096480249336,-3.4530696423031
-63.2961480249336,-3.4764523173032
-63.2826480249336,-3.4998349923032
-62.8641480249336,-3.6635137173032
-62.8371480249336,-3.6635137173032
-62.8101480249336,-3.6635137173032
-62.7831480249336,-3.6635137173032
-62.7426480249336,-3.6401310423032
-62.7291480249336,-3.6167483673032
-62.7156480249336,-3.5933656923032
-62.7021480249336,-3.5699830173032
-62.6886480249336,-3.5466003423032
-62.6751480249336,-3.5232176673032
-62.6616480249336,-3.4998349923032
-62.6481480249336,-3.4764523173032
-62.6346480249336,-3.4530696423031
-62.6211480249336,-3.4296869673031
-62.6076480249336,-3.4063042923031
-62.5941480249336,-3.3829216173031
-62.5806480249336,-3.3595389423031
-62.5671480249336,-3.3361562673031
-62.5536480249336,-3.3127735923031
-62.5131480249336,-3.2893909173031
-63.2016480249336,-2.8918854423031
-63.4311480249336,-3.2893909173031
-62.7426480249336,-3.6868963923032
-62.5266480249336,-3.2660082423031
-62.5401480249336,-3.2426255673031
-62.5536480249336,-3.2192428923031
-62.5671480249336,-3.1958602173031
-62.5806480249336,-3.1724775423031
-62.5941480249336,-3.1490948673031
-62.6076480249336,-3.1257121923031
-62.6211480249336,-3.1023295173031
-62.9316480249336,-2.8918854423031
-62.9586480249336,-2.8918854423031
-62.9856480249336,-2.8918854423031
-63.0126480249336,-2.8918854423031
-63.0396480249336,-2.8918854423031
-63.0666480249336,-2.8918854423031
-63.0936480249336,-2.8918854423031
-63.1206480249336,-2.8918854423031
-63.1476480249336,-2.8918854423031
-63.1746480249336,-2.8918854423031
-63.2151480249336,-2.9152681173031
-63.2286480249336,-2.9386507923031
-63.2421480249336,-2.9620334673031
-63.2556480249336,-2.9854161423031
-63.2691480249336,-3.0087988173031
-63.2826480249336,-3.0321814923031
-63.2961480249336,-3.0555641673031
-63.3096480249336,-3.0789468423031
-63.3231480249336,-3.1023295173031
-63.3366480249336,-3.1257121923031
-63.3501480249336,-3.1490948673031
-63.3636480249336,-3.1724775423031
-63.3771480249336,-3.1958602173031
-63.3906480249336,-3.2192428923031
-63.4041480249336,-3.2426255673031
-63.4176480249336,-3.2660082423031
-63.4176480249336,-3.3127735923031
-63.4041480249336,-3.3361562673031
-63.3906480249336,-3.3595389423031
-63.3771480249336,-3.3829216173031
-63.3636480249336,-3.4063042923031
-63.3501480249336,-3.4296869673031
-63.3366480249336,-3.4530696423031
-63.3231480249336,-3.4764523173032
-63.3096480249336,-3.4998349923032
-62.8236480249336,-3.6868963923032
-62.7966480249336,-3.6868963923032
-62.7696480249336,-3.6868963923032
-62.7291480249336,-3.6635137173032
-62.7156480249336,-3.6401310423032
-62.7021480249336,-3.6167483673032
-62.6886480249336,-3.5933656923032
-62.6751480249336,-3.5699830173032
-62.6616480249336,-3.5466003423032
-62.6481480249336,-3.5232176673032
-62.6346480249336,-3.4998349923032
-62.6211480249336,-3.4764523173032
-62.6076480249336,-3.4530696423031
-62.5941480249336,-3.4296869673031
-62.5806480249336,-3.4063042923031
-62.5671480249336,-3.3829216173031
-62.5536480249336,-3.3595389423031
-62.5401480249336,-3.3361562673031
-62.5266480249336,-3.3127735923031
-62.4861480249336,-3.2893909173031
-63.2151480249336,-2.8685027673031
-63.4581480249336,-3.2893909173031
-62.7291480249336,-3.7102790673032
-62.4996480249336,-3.2660082423031
-62.5131480249336,-3.2426255673031
-62.5266480249336,-3.2192428923031
-62.5401480249336,-3.1958602173031
-62.5536480249336,-3.1724775423031
-62.5671480249336,-3.1490948673031
-62.5806480249336,-3.1257121923031
-62.9451480249336,-2.8685027673031
-62.9721480249336,-2.8685027673031
-62.9991480249336,-2.8685027673031
-63.0261480249336,-2.8685027673031
-63.0531480249336,-2.8685027673031
-63.0801480249336,-2.8685027673031
-63.1071480249336,-2.8685027673031
-63.1341480249336,-2.8685027673031
-63.1611480249336,-2.8685027673031
-63.1881480249336,-2.8685027673031
-63.2286480249336,-2.8918854423031
-63.2421480249336,-2.9152681173031
-63.2556480249336,-2.9386507923031
-63.2691480249336,-2.9620334673031
-63.2826480249336,-2.9854161423031
-63.2961480249336,-3.0087988173031
-63.3096480249336,-3.0321814923031
-63.3231480249336,-3.0555641673031
-63.3366480249336,-3.0789468423031
-63.3501480249336,-3.1023295173031
-63.3636480249336,-3.1257121923031
-63.3771480249336,-3.1490948673031
-63.3906480249336,-3.1724775423031
-63.4041480249336,-3.1958602173031
-63.4176480249336,-3.2192428923031
-63.4311480249336,-3.2426255673031
-63.4446480249336,-3.2660082423031
-63.4446480249336,-3.3127735923031
-63.4311480249336,-3.3361562673031
-63.4176480249336,-3.3595389423031
-63.4041480249336,-3.3829216173031
-63.3906480249336,-3.4063042923031
-63.3771480249336,-3.4296869673031
-63.3636480249336,-3.4530696423031
-63.3501480249336,-3.4764523173032
-62.7831480249336,-3.7102790673032
-62.7561480249336,-3.7102790673032
-62.7156480249336,-3.6868963923032
-62.7021480249336,-3.6635137173032
-62.6886480249336,-3.6401310423032
-62.6751480249336,-3.6167483673032
-62.6616480249336,-3.5933656923032
-62.6481480249336,-3.5699830173032
-62.6346480249336,-3.5466003423032
-62.6211480249336,-3.5232176673032
-62.6076480249336,-3.4998349923032
-62.5941480249336,-3.4764523173032
-62.5806480249336,-3.4530696423031
-62.5671480249336,-3.4296869673031
-62.5536480249336,-3.4063042923031
-62.5401480249336,-3.3829216173031
-62.5266480249336,-3.3595389423031
-62.5131480249336,-3.3361562673031
-62.4996480249336,-3.3127735923031
-63.2286480249336,-2.8451200923031
-63.4851480249336,-3.2893909173031
-62.7156480249336,-3.7336617423032
-62.4726480249336,-3.2660082423031
-62.4861480249336,-3.2426255673031
-62.4996480249336,-3.2192428923031
-62.5131480249336,-3.1958602173031
-62.5266480249336,-3.1724775423031
-62.5401480249336,-3.1490948673031
-62.9856480249336,-2.8451200923031
-63.0126480249336,-2.8451200923031
-63.0396480249336,-2.8451200923031
-63.0666480249336,-2.8451200923031
-63.0936480249336,-2.8451200923031
-63.1206480249336,-2.8451200923031
-63.1476480249336,-2.8451200923031
-63.1746480249336,-2.8451200923031
-63.2016480249336,-2.8451200923031
-63.2421480249336,-2.8685027673031
-63.2556480249336,-2.8918854423031
-63.2691480249336,-2.9152681173031
-63.2826480249336,-2.9386507923031
-63.2961480249336,-2.9620334673031
-63.3096480249336,-2.9854161423031
-63.3231480249336,-3.0087988173031
-63.3366480249336,-3.0321814923031
-63.3501480249336,-3.0555641673031
-63.3636480249336,-3.0789468423031
-63.3771480249336,-3.1023295173031
-63.3906480249336,-3.1257121923031
-63.4041480249336,-3.1490948673031
-63.4176480249336,-3.1724775423031
-63.4311480249336,-3.1958602173031
-63.4446480249336,-3.2192428923031
-63.4581480249336,-3.2426255673031
-63.4716480249336,-3.2660082423031
-63.4716480249336,-3.3127735923031
-63.4581480249336,-3.3361562673031
-63.4446480249336,-3.3595389423031
-63.4311480249336,-3.3829216173031
-63.4176480249336,-3.4063042923031
-63.4041480249336,-3.4296869673031
-63.3906480249336,-3.4530696423031
-63.3771480249336,-3.4764523173032
-62.7426480249336,-3.7336617423032
-62.7021480249336,-3.7102790673032
-62.6886480249336,-3.6868963923032
-62.6751480249336,-3.6635137173032
-62.6616480249336,-3.6401310423032
-62.6481480249336,-3.6167483673032
-62.6346480249336,-3.5933656923032
-62.6211480249336,-3.5699830173032
-62.6076480249336,-3.5466003423032
-62.5941480249336,-3.5232176673032
-62.5806480249336,-3.4998349923032
-62.5671480249336,-3.4764523173032
-62.5536480249336,-3.4530696423031
-62.5401480249336,-3.4296869673031
-62.5266480249336,-3.4063042923031
-62.5131480249336,-3.3829216173031
-62.4996480249336,-3.3595389423031
-62.4861480249336,-3.3361562673031
-62.4726480249336,-3.3127735923031
-63.2421480249336,-2.8217374173031
-63.5121480249336,-3.2893909173031
-62.7021480249336,-3.7570444173032
-63.0531480249336,-2.8217374173031
-63.2151480249336,-2.8217374173031
-63.2556480249336,-2.8451200923031
-63.2691480249336,-2.8685027673031
-63.2826480249336,-2.8918854423031
-63.2961480249336,-2.9152681173031
-63.3096480249336,-2.9386507923031
-63.3231480249336,-2.9620334673031
-63.3366480249336,-2.9854161423031
-63.3501480249336,-3.0087988173031
-63.3636480249336,-3.0321814923031
-63.3771480249336,-3.0555641673031
-63.3906480249336,-3.0789468423031
-63.4041480249336,-3.1023295173031
-63.4176480249336,-3.1257121923031
-63.4311480249336,-3.1490948673031
-63.4446480249336,-3.1724775423031
-63.4581480249336,-3.1958602173031
-63.4716480249336,-3.2192428923031
-63.4851480249336,-3.2426255673031
-63.4986480249336,-3.2660082423031
-63.4986480249336,-3.3127735923031
-63.4851480249336,-3.3361562673031
-63.4716480249336,-3.3595389423031
-63.4581480249336,-3.3829216173031
-63.4446480249336,-3.4063042923031
-63.4311480249336,-3.4296869673031
-63.4176480249336,-3.4530696423031
-62.7291480249336,-3.7570444173032
-62.6886480249336,-3.7336617423032
-62.6751480249336,-3.7102790673032
-62.6616480249336,-3.6868963923032
-62.6481480249336,-3.6635137173032
-62.6346480249336,-3.6401310423032
-62.6211480249336,-3.6167483673032
-62.6076480249336,-3.5933656923032
-62.5941480249336,-3.5699830173032
-62.5806480249336,-3.5466003423032
-62.5671480249336,-3.5232176673032
-62.5536480249336,-3.4998349923032
-62.5401480249336,-3.4764523173032
-62.5266480249336,-3.4530696423031
-62.5131480249336,-3.4296869673031
-62.4996480249336,-3.4063042923031
-62.4861480249336,-3.3829216173031
-62.4726480249336,-3.3595389423031
-62.4591480249336,-3.3361562673031
-63.2556480249336,-2.7983547423031
-63.5391480249336,-3.2893909173031
-62.6886480249336,-3.7804270923032
-63.2691480249336,-2.8217374173031
-63.2826480249336,-2.8451200923031
-63.2961480249336,-2.8685027673031
-63.3096480249336,-2.8918854423031
-63.3231480249336,-2.9152681173031
-63.3366480249336,-2.9386507923031
-63.3501480249336,-2.9620334673031
-63.3636480249336,-2.9854161423031
-63.3771480249336,-3.0087988173031
-63.3906480249336,-3.0321814923031
-63.4041480249336,-3.0555641673031
-63.4176480249336,-3.0789468423031
-63.4311480249336,-3.1023295173031
-63.4446480249336,-3.1257121923031
-63.4581480249336,-3.1490948673031
-63.4716480249336,-3.1724775423031
-63.4851480249336,-3.1958602173031
-63.4986480249336,-3.2192428923031
-63.5121480249336,-3.2426255673031
-63.5256480249336,-3.2660082423031
-63.5256480249336,-3.3127735923031
-63.5121480249336,-3.3361562673031
-63.4986480249336,-3.3595389423031
-62.6751480249336,-3.7570444173032
-62.6616480249336,-3.7336617423032
-62.6481480249336,-3.7102790673032
-62.6346480249336,-3.6868963923032
-62.6211480249336,-3.6635137173032
-62.6076480249336,-3.6401310423032
-62.5941480249336,-3.6167483673032
-62.5806480249336,-3.5933656923032
-62.5671480249336,-3.5699830173032
-62.5536480249336,-3.5466003423032
-62.5401480249336,-3.5232176673032
-62.5266480249336,-3.4998349923032
-62.5131480249336,-3.4764523173032
-62.4996480249336,-3.4530696423031
-62.4861480249336,-3.4296869673031
-62.4726480249336,-3.4063042923031
-62.4591480249336,-3.3829216173031
-63.2691480249336,-2.7749720673031
-63.5661480249336,-3.2893909173031
-63.2826480249336,-2.7983547423031
-63.2961480249336,-2.8217374173031
-63.3096480249336,-2.8451200923031
-63.3231480249336,-2.8685027673031
-63.3366480249336,-2.8918854423031
-63.3501480249336,-2.9152681173031
-63.3636480249336,-2.9386507923031
-63.3771480249336,-2.9620334673031
-63.3906480249336,-2.9854161423031
-63.4041480249336,-3.0087988173031
-63.4176480249336,-3.0321814923031
-63.4311480249336,-3.0555641673031
-63.4446480249336,-3.0789468423031
-63.4581480249336,-3.1023295173031
-63.4716480249336,-3.1257121923031
-63.4851480249336,-3.1490948673031
-63.4986480249336,-3.1724775423031
-63.5121480249336,-3.1958602173031
-63.5256480249336,-3.2192428923031
-63.5391480249336,-3.2426255673031
-63.5526480249336,-3.2660082423031
-63.5526480249336,-3.3127735923031
-63.5391480249336,-3.3361562673031
-63.5256480249336,-3.3595389423031
-62.6616480249336,-3.7804270923032
-62.6481480249336,-3.7570444173032
-62.6346480249336,-3.7336617423032
-62.6211480249336,-3.7102790673032
-62.6076480249336,-3.6868963923032
-62.5941480249336,-3.6635137173032
-62.5806480249336,-3.6401310423032
-62.5671480249336,-3.6167483673032
-62.5536480249336,-3.5933656923032
-62.5401480249336,-3.5699830173032
-62.5266480249336,-3.5466003423032
-62.5131480249336,-3.5232176673032
-62.4996480249336,-3.4998349923032
-62.4861480249336,-3.4764523173032
-62.4726480249336,-3.4530696423031
-62.4591480249336,-3.4296869673031
-62.4456480249336,-3.4063042923031
-63.2826480249336,-2.7515893923031
-63.5931480249336,-3.2893909173031
-63.2961480249336,-2.7749720673031
-63.3096480249336,-2.7983547423031
-63.3231480249336,-2.8217374173031
-63.3366480249336,-2.8451200923031
-63.3501480249336,-2.8685027673031
-63.3636480249336,-2.8918854423031
-63.3771480249336,-2.9152681173031
-63.3906480249336,-2.9386507923031
-63.4041480249336,-2.9620334673031
-63.4176480249336,-2.9854161423031
-63.4311480249336,-3.0087988173031
-63.4446480249336,-3.0321814923031
-63.4581480249336,-3.0555641673031
-63.4716480249336,-3.0789468423031
-63.4851480249336,-3.1023295173031
-63.4986480249336,-3.1257121923031
-63.5121480249336,-3.1490948673031
-63.5256480249336,-3.1724775423031
-63.5391480249336,-3.1958602173031
-63.5526480249336,-3.2192428923031
-63.5661480249336,-3.2426255673031
-63.5796480249336,-3.2660082423031
-63.5796480249336,-3.3127735923031
-63.5661480249336,-3.3361562673031
-63.5526480249336,-3.3595389423031
-62.6481480249336,-3.8038097673032
-62.6346480249336,-3.7804270923032
-62.6211480249336,-3.7570444173032
-62.6076480249336,-3.7336617423032
-62.5941480249336,-3.7102790673032
-62.5806480249336,-3.6868963923032
-62.5671480249336,-3.6635137173032
-62.5536480249336,-3.6401310423032
-62.5401480249336,-3.6167483673032
-62.5266480249336,-3.5933656923032
-62.5131480249336,-3.5699830173032
-62.4996480249336,-3.5466003423032
-62.4861480249336,-3.5232176673032
-62.4726480249336,-3.4998349923032
-62.4591480249336,-3.4764523173032
-62.4456480249336,-3.4530696423031
-63.2961480249336,-2.7282067173031
-63.6201480249336,-3.2893909173031
-63.3096480249336,-2.7515893923031
-63.3231480249336,-2.7749720673031
-63.3366480249336,-2.7983547423031
-63.3501480249336,-2.8217374173031
-63.3636480249336,-2.8451200923031
-63.3771480249336,-2.8685027673031
-63.3906480249336,-2.8918854423031
-63.4041480249336,-2.9152681173031
-63.4176480249336,-2.9386507923031
-63.4311480249336,-2.9620334673031
-63.4446480249336,-2.9854161423031
-63.4581480249336,-3.0087988173031
-63.4716480249336,-3.0321814923031
-63.4851480249336,-3.0555641673031
-63.4986480249336,-3.0789468423031
-63.5121480249336,-3.1023295173031
-63.5256480249336,-3.1257121923031
-63.5391480249336,-3.1490948673031
-63.5526480249336,-3.1724775423031
-63.5661480249336,-3.1958602173031
-63.5796480249336,-3.2192428923031
-63.5931480249336,-3.2426255673031
-63.6066480249336,-3.2660082423031
-63.6066480249336,-3.3127735923031
-63.5931480249336,-3.3361562673031
-62.6211480249336,-3.8038097673032
-62.6076480249336,-3.7804270923032
-62.5941480249336,-3.7570444173032
-62.5806480249336,-3.7336617423032
-62.5671480249336,-3.7102790673032
-62.5536480249336,-3.6868963923032
-62.5401480249336,-3.6635137173032
-62.5266480249336,-3.6401310423032
-62.5131480249336,-3.6167483673032
-62.4996480249336,-3.5933656923032
-62.4861480249336,-3.5699830173032
-62.4726480249336,-3.5466003423032
-62.4591480249336,-3.5232176673032
-62.4456480249336,-3.4998349923032
-62.4321480249336,-3.4764523173032
-62.4186480249336,-3.4530696423031
-63.3096480249336,-2.7048240423031
-63.6471480249336,-3.2893909173031
-63.3231480249336,-2.7282067173031
-63.3366480249336,-2.7515893923031
-63.3501480249336,-2.7749720673031
-63.3636480249336,-2.7983547423031
-63.3771480249336,-2.8217374173031
-63.3906480249336,-2.8451200923031
-63.4041480249336,-2.8685027673031
-63.4176480249336,-2.8918854423031
-63.4311480249336,-2.9152681173031
-63.4446480249336,-2.9386507923031
-63.4581480249336,-2.9620334673031
-63.4716480249336,-2.9854161423031
-63.4851480249336,-3.0087988173031
-63.4986480249336,-3.0321814923031
-63.5121480249336,-3.0555641673031
-63.5256480249336,-3.0789468423031
-63.5391480249336,-3.1023295173031
-63.5526480249336,-3.1257121923031
-63.5661480249336,-3.1490948673031
-63.5796480249336,-3.1724775423031
-63.5931480249336,-3.1958602173031
-63.6066480249336,-3.2192428923031
-63.6201480249336,-3.2426255673031
-63.6336480249336,-3.2660082423031
-63.6336480249336,-3.3127735923031
-63.6201480249336,-3.3361562673031
-63.6066480249336,-3.3595389423031
-62.6076480249336,-3.8271924423032
-62.5941480249336,-3.8038097673032
-62.5806480249336,-3.7804270923032
-62.5671480249336,-3.7570444173032
-62.5536480249336,-3.7336617423032
-62.5401480249336,-3.7102790673032
-62.5266480249336,-3.6868963923032
-62.5131480249336,-3.6635137173032
-62.4996480249336,-3.6401310423032
-62.4861480249336,-3.6167483673032
-62.4726480249336,-3.5933656923032
-62.4591480249336,-3.5699830173032
-62.4456480249336,-3.5466003423032
-62.4321480249336,-3.5232176673032
-62.4186480249336,-3.4998349923032
-62.4051480249336,-3.4764523173032
-62.3916480249336,-3.4530696423031
-63.6741480249336,-3.2893909173031
-63.3366480249336,-2.7048240423031
-63.3501480249336,-2.7282067173031
-63.3636480249336,-2.7515893923031
-63.3771480249336,-2.7749720673031
-63.3906480249336,-2.7983547423031
-63.4041480249336,-2.8217374173031
-63.4176480249336,-2.8451200923031
-63.4311480249336,-2.8685027673031
-63.4446480249336,-2.8918854423031
-63.4581480249336,-2.9152681173031
-63.4716480249336,-2.9386507923031
-63.4851480249336,-2.9620334673031
-63.4986480249336,-2.9854161423031
-63.5121480249336,-3.0087988173031
-63.5256480249336,-3.0321814923031
-63.5391480249336,-3.0555641673031
-63.5526480249336,-3.0789468423031
-63.5661480249336,-3.1023295173031
-63.5796480249336,-3.1257121923031
-63.5931480249336,-3.1490948673031
-63.6066480249336,-3.1724775423031
-63.6201480249336,-3.1958602173031
-63.6336480249336,-3.2192428923031
-63.6471480249336,-3.2426255673031
-63.6606480249336,-3.2660082423031
-63.6606480249336,-3.3127735923031
-63.6471480249336,-3.3361562673031
-62.5806480249336,-3.8271924423032
-62.5671480249336,-3.8038097673032
-62.5536480249336,-3.7804270923032
-62.5401480249336,-3.7570444173032
-62.5266480249336,-3.7336617423032
-62.5131480249336,-3.7102790673032
-62.4996480249336,-3.6868963923032
-62.4861480249336,-3.6635137173032
-62.4726480249336,-3.6401310423032
-62.4591480249336,-3.6167483673032
-62.4456480249336,-3.5933656923032
-62.4321480249336,-3.5699830173032
-62.4186480249336,-3.5466003423032
-62.4051480249336,-3.5232176673032
-62.3916480249336,-3.4998349923032
-62.3781480249336,-3.4764523173032
-62.3646480249336,-3.4530696423031
-63.3636480249336,-2.7048240423031
-63.3771480249336,-2.7282067173031
-63.3906480249336,-2.7515893923031
-63.4041480249336,-2.7749720673031
-63.4176480249336,-2.7983547423031
-63.4311480249336,-2.8217374173031
-63.4446480249336,-2.8451200923031
-63.4581480249336,-2.8685027673031
-63.4716480249336,-2.8918854423031
-63.4851480249336,-2.9152681173031
-63.4986480249336,-2.9386507923031
-63.5121480249336,-2.9620334673031
-63.5256480249336,-2.9854161423031
-63.5391480249336,-3.0087988173031
-63.5526480249336,-3.0321814923031
-63.5661480249336,-3.0555641673031
-63.5796480249336,-3.0789468423031
-63.5931480249336,-3.1023295173031
-63.6066480249336,-3.1257121923031
-63.6201480249336,-3.1490948673031
-63.6336480249336,-3.1724775423031
-63.6471480249336,-3.1958602173031
-63.6606480249336,-3.2192428923031
-63.6741480249336,-3.2426255673031
-63.6876480249336,-3.2660082423031
-62.5671480249336,-3.8505751173032
-62.5536480249336,-3.8271924423032
-62.5401480249336,-3.8038097673032
-62.5266480249336,-3.7804270923032
-62.5131480249336,-3.7570444173032
-62.4996480249336,-3.7336617423032
-62.4861480249336,-3.7102790673032
-62.4726480249336,-3.6868963923032
-62.4591480249336,-3.6635137173032
-62.4456480249336,-3.6401310423032
-62.4321480249336,-3.6167483673032
-62.4186480249336,-3.5933656923032
-62.4051480249336,-3.5699830173032
-62.3916480249336,-3.5466003423032
-62.3781480249336,-3.5232176673032
-62.3646480249336,-3.4998349923032
-62.3511480249336,-3.4764523173032
-62.3376480249336,-3.4530696423031
-63.3906480249336,-2.7048240423031
-63.4041480249336,-2.7282067173031
-63.4176480249336,-2.7515893923031
-63.4311480249336,-2.7749720673031
-63.4446480249336,-2.7983547423031
-63.4581480249336,-2.8217374173031
-63.4716480249336,-2.8451200923031
-63.4851480249336,-2.8685027673031
-63.4986480249336,-2.8918854423031
-63.5121480249336,-2.9152681173031
-63.5256480249336,-2.9386507923031
-63.5391480249336,-2.9620334673031
-63.5526480249336,-2.9854161423031
-63.5661480249336,-3.0087988173031
-63.5796480249336,-3.0321814923031
-63.5931480249336,-3.0555641673031
-63.6066480249336,-3.0789468423031
-63.6201480249336,-3.1023295173031
-63.6336480249336,-3.1257121923031
-63.6471480249336,-3.1490948673031
-63.6606480249336,-3.1724775423031
-63.6741480249336,-3.1958602173031
-63.6876480249336,-3.2192428923031
-63.7011480249336,-3.2426255673031
-63.7146480249336,-3.2660082423031
-62.5671480249336,-3.8973404673032
-62.5536480249336,-3.8739577923032
-62.5401480249336,-3.8505751173032
-62.5266480249336,-3.8271924423032
-62.5131480249336,-3.8038097673032
-62.4996480249336,-3.7804270923032
-62.4861480249336,-3.7570444173032
-62.4726480249336,-3.7336617423032
-62.4591480249336,-3.7102790673032
-62.4456480249336,-3.6868963923032
-62.4321480249336,-3.6635137173032
-62.4186480249336,-3.6401310423032
-62.4051480249336,-3.6167483673032
-62.3916480249336,-3.5933656923032
-62.3781480249336,-3.5699830173032
-62.3646480249336,-3.5466003423032
-62.3511480249336,-3.5232176673032
-62.3376480249336,-3.4998349923032
-62.3241480249336,-3.4764523173032
-62.3106480249336,-3.4530696423031
-62.2701480249336,-3.3829216173031
-63.4176480249336,-2.7048240423031
-63.4311480249336,-2.7282067173031
-63.4446480249336,-2.7515893923031
-63.4581480249336,-2.7749720673031
-63.4716480249336,-2.7983547423031
-63.4851480249336,-2.8217374173031
-63.4986480249336,-2.8451200923031
-63.5121480249336,-2.8685027673031
-63.5256480249336,-2.8918854423031
-63.5391480249336,-2.9152681173031
-63.5526480249336,-2.9386507923031
-63.5661480249336,-2.9620334673031
-63.5796480249336,-2.9854161423031
-63.5931480249336,-3.0087988173031
-63.6066480249336,-3.0321814923031
-63.6201480249336,-3.0555641673031
-63.6336480249336,-3.0789468423031
-63.6471480249336,-3.1023295173031
-63.6606480249336,-3.1257121923031
-63.6741480249336,-3.1490948673031
-63.6876480249336,-3.1724775423031
-63.7011480249336,-3.1958602173031
-63.7146480249336,-3.2192428923031
-63.7281480249336,-3.2426255673031
-62.5536480249336,-3.9207231423032
-62.5401480249336,-3.8973404673032
-62.5266480249336,-3.8739577923032
-62.5131480249336,-3.8505751173032
-62.4996480249336,-3.8271924423032
-62.4861480249336,-3.8038097673032
-62.4726480249336,-3.7804270923032
-62.4591480249336,-3.7570444173032
-62.4456480249336,-3.7336617423032
-62.4321480249336,-3.7102790673032
-62.4186480249336,-3.6868963923032
-62.4051480249336,-3.6635137173032
-62.3916480249336,-3.6401310423032
-62.3781480249336,-3.6167483673032
-62.3646480249336,-3.5933656923032
-62.3511480249336,-3.5699830173032
-62.3376480249336,-3.5466003423032
-62.3241480249336,-3.5232176673032
-62.3106480249336,-3.4998349923032
-62.2971480249336,-3.4764523173032
-62.2836480249336,-3.4530696423031
-62.2701480249336,-3.4296869673031
-62.2566480249336,-3.4063042923031
-62.2431480249336,-3.3829216173031
-62.5671480249336,-3.9908711673032
-63.4446480249336,-2.7048240423031
-63.4581480249336,-2.7282067173031
-63.4716480249336,-2.7515893923031
-63.4851480249336,-2.7749720673031
-63.4986480249336,-2.7983547423031
-63.5121480249336,-2.8217374173031
-63.5256480249336,-2.8451200923031
-63.5391480249336,-2.8685027673031
-63.5526480249336,-2.8918854423031
-63.5661480249336,-2.9152681173031
-63.5796480249336,-2.9386507923031
-63.5931480249336,-2.9620334673031
-63.6066480249336,-2.9854161423031
-63.6201480249336,-3.0087988173031
-63.6336480249336,-3.0321814923031
-63.6471480249336,-3.0555641673031
-63.6606480249336,-3.0789468423031
-63.6741480249336,-3.1023295173031
-63.6876480249336,-3.1257121923031
-63.7011480249336,-3.1490948673031
-63.7146480249336,-3.1724775423031
-63.7281480249336,-3.1958602173031
-63.7416480249336,-3.2192428923031
-62.5536480249336,-3.9674884923032
-62.5401480249336,-3.9441058173032
-62.5266480249336,-3.9207231423032
-62.5131480249336,-3.8973404673032
-62.4996480249336,-3.8739577923032
-62.4861480249336,-3.8505751173032
-62.4726480249336,-3.8271924423032
-62.4591480249336,-3.8038097673032
-62.4456480249336,-3.7804270923032
-62.4321480249336,-3.7570444173032
-62.4186480249336,-3.7336617423032
-62.4051480249336,-3.7102790673032
-62.3916480249336,-3.6868963923032
-62.3781480249336,-3.6635137173032
-62.3646480249336,-3.6401310423032
-62.3511480249336,-3.6167483673032
-62.3376480249336,-3.5933656923032
-62.3241480249336,-3.5699830173032
-62.3106480249336,-3.5466003423032
-62.2971480249336,-3.5232176673032
-62.2836480249336,-3.4998349923032
-62.2701480249336,-3.4764523173032
-62.2566480249336,-3.4530696423031
-62.2431480249336,-3.4296869673031
-62.2296480249336,-3.4063042923031
-62.2161480249336,-3.3829216173031
-62.2026480249336,-3.3595389423031
-63.4851480249336,-2.7282067173031
-63.4986480249336,-2.7515893923031
-63.5121480249336,-2.7749720673031
-63.5256480249336,-2.7983547423031
-63.5391480249336,-2.8217374173031
-63.5526480249336,-2.8451200923031
-63.5661480249336,-2.8685027673031
-63.5796480249336,-2.8918854423031
-63.5931480249336,-2.9152681173031
-63.6066480249336,-2.9386507923031
-63.6201480249336,-2.9620334673031
-63.6336480249336,-2.9854161423031
-63.6471480249336,-3.0087988173031
-63.6606480249336,-3.0321814923031
-63.6741480249336,-3.0555641673031
-63.6876480249336,-3.0789468423031
-63.7011480249336,-3.1023295173031
-63.7146480249336,-3.1257121923031
-63.7281480249336,-3.1490948673031
-63.7416480249336,-3.1724775423031
-63.7551480249336,-3.1958602173031
-63.7686480249336,-3.2192428923031
-62.5401480249336,-3.9908711673032
-62.5266480249336,-3.9674884923032
-62.5131480249336,-3.9441058173032
-62.4996480249336,-3.9207231423032
-62.4861480249336,-3.8973404673032
-62.4726480249336,-3.8739577923032
-62.4591480249336,-3.8505751173032
-62.4456480249336,-3.8271924423032
-62.4321480249336,-3.8038097673032
-62.4186480249336,-3.7804270923032
-62.4051480249336,-3.7570444173032
-62.3916480249336,-3.7336617423032
-62.3781480249336,-3.7102790673032
-62.3646480249336,-3.6868963923032
-62.3511480249336,-3.6635137173032
-62.3376480249336,-3.6401310423032
-62.3241480249336,-3.6167483673032
-62.3106480249336,-3.5933656923032
-62.2971480249336,-3.5699830173032
-62.2836480249336,-3.5466003423032
-62.2701480249336,-3.5232176673032
-62.2566480249336,-3.4998349923032
-62.2431480249336,-3.4764523173032
-62.2296480249336,-3.4530696423031
-62.2161480249336,-3.4296869673031
-62.2026480249336,-3.4063042923031
-62.1891480249336,-3.3829216173031
-62.1756480249336,-3.3595389423031
-62.1621480249336,-3.3361562673031
-62.1081480249336,-3.2893909173031
-63.5391480249336,-2.7749720673031
-63.5526480249336,-2.7983547423031
-63.5661480249336,-2.8217374173031
-63.5796480249336,-2.8451200923031
-63.5931480249336,-2.8685027673031
-63.6066480249336,-2.8918854423031
-63.6201480249336,-2.9152681173031
-63.6336480249336,-2.9386507923031
-63.6471480249336,-2.9620334673031
-63.6606480249336,-2.9854161423031
-63.6741480249336,-3.0087988173031
-63.6876480249336,-3.0321814923031
-63.7011480249336,-3.0555641673031
-63.7146480249336,-3.0789468423031
-63.7281480249336,-3.1023295173031
-63.7416480249336,-3.1257121923031
-63.7551480249336,-3.1490948673031
-63.7686480249336,-3.1724775423031
-62.5266480249336,-4.0142538423032
-62.5131480249336,-3.9908711673032
-62.4996480249336,-3.9674884923032
-62.4861480249336,-3.9441058173032
-62.4726480249336,-3.9207231423032
-62.4591480249336,-3.8973404673032
-62.4456480249336,-3.8739577923032
-62.4321480249336,-3.8505751173032
-62.4186480249336,-3.8271924423032
-62.4051480249336,-3.8038097673032
-62.3916480249336,-3.7804270923032
-62.3781480249336,-3.7570444173032
-62.3646480249336,-3.7336617423032
-62.3511480249336,-3.7102790673032
-62.3376480249336,-3.6868963923032
-62.3241480249336,-3.6635137173032
-62.3106480249336,-3.6401310423032
-62.2971480249336,-3.6167483673032
-62.2836480249336,-3.5933656923032
-62.2701480249336,-3.5699830173032
-62.2566480249336,-3.5466003423032
-62.2431480249336,-3.5232176673032
-62.2296480249336,-3.4998349923031
-62.2161480249336,-3.4764523173032
-62.2026480249336,-3.4530696423031
-62.1891480249336,-3.4296869673031
-62.1756480249336,-3.4063042923031
-62.1621480249336,-3.3829216173031
-62.1486480249336,-3.3595389423031
-62.1351480249336,-3.3361562673031
-62.1216480249336,-3.3127735923031
-63.5661480249336,-2.7749720673031
-63.5796480249336,-2.7983547423031
-63.5931480249336,-2.8217374173031
-63.6066480249336,-2.8451200923031
-63.6201480249336,-2.8685027673031
-63.6336480249336,-2.8918854423031
-63.6471480249336,-2.9152681173031
-63.6606480249336,-2.9386507923031
-63.6741480249336,-2.9620334673031
-63.6876480249336,-2.9854161423031
-63.7011480249336,-3.0087988173031
-63.7146480249336,-3.0321814923031
-63.7281480249336,-3.0555641673031
-63.7416480249336,-3.0789468423031
-63.7551480249336,-3.1023295173031
-63.7686480249336,-3.1257121923031
-63.7821480249336,-3.1490948673031
-63.7956480249336,-3.1724775423031
-62.5131480249336,-4.0376365173032
-62.4996480249336,-4.0142538423032
-62.4861480249336,-3.9908711673032
-62.4726480249336,-3.9674884923032
-62.4591480249336,-3.9441058173032
-62.4456480249336,-3.9207231423032
-62.4321480249336,-3.8973404673032
-62.4186480249336,-3.8739577923032
-62.4051480249336,-3.8505751173032
-62.3916480249336,-3.8271924423032
-62.3781480249336,-3.8038097673032
-62.3646480249336,-3.7804270923032
-62.3511480249336,-3.7570444173032
-62.3376480249336,-3.7336617423032
-62.3241480249336,-3.7102790673032
-62.3106480249336,-3.6868963923032
-62.2971480249336,-3.6635137173032
-62.2836480249336,-3.6401310423032
-62.2701480249336,-3.6167483673032
-62.2566480249336,-3.5933656923032
-62.2431480249336,-3.5699830173032
-62.2296480249336,-3.5466003423032
-62.2161480249336,-3.5232176673031
-62.2026480249336,-3.4998349923031
-62.1891480249336,-3.4764523173031
-62.1756480249336,-3.4530696423031
-62.1621480249336,-3.4296869673031
-62.1486480249336,-3.4063042923031
-62.1351480249336,-3.3829216173031
-62.1216480249336,-3.3595389423031
-62.1081480249336,-3.3361562673031
-62.0946480249336,-3.3127735923031
-63.6066480249336,-2.7983547423031
-63.6201480249336,-2.8217374173031
-63.6336480249336,-2.8451200923031
-63.6471480249336,-2.8685027673031
-63.6606480249336,-2.8918854423031
-63.6741480249336,-2.9152681173031
-63.6876480249336,-2.9386507923031
-63.7011480249336,-2.9620334673031
-63.7146480249336,-2.9854161423031
-63.7281480249336,-3.0087988173031
-63.7416480249336,-3.0321814923031
-63.7551480249336,-3.0555641673031
-63.7686480249336,-3.0789468423031
-63.7821480249336,-3.1023295173031
-63.7956480249336,-3.1257121923031
-63.8091480249336,-3.1490948673031
-62.4861480249336,-4.0376365173032
-62.4726480249336,-4.0142538423032
-62.4591480249336,-3.9908711673032
-62.4456480249336,-3.9674884923032
-62.4321480249336,-3.9441058173032
-62.4186480249336,-3.9207231423032
-62.4051480249336,-3.8973404673032
-62.3916480249336,-3.8739577923032
-62.3781480249336,-3.8505751173032
-62.3646480249336,-3.8271924423032
-62.3511480249336,-3.8038097673032
-62.3376480249336,-3.7804270923032
-62.3241480249336,-3.7570444173032
-62.3106480249336,-3.7336617423032
-62.2971480249336,-3.7102790673032
-62.2836480249336,-3.6868963923032
-62.2701480249336,-3.6635137173032
-62.2566480249336,-3.6401310423032
-62.2431480249336,-3.6167483673031
-62.2296480249336,-3.5933656923032
-62.2161480249336,-3.5699830173031
-62.2026480249336,-3.5466003423032
-62.1891480249336,-3.5232176673031
-62.1756480249336,-3.4998349923031
-62.1621480249336,-3.4764523173031
-62.1486480249336,-3.4530696423031
-62.1351480249336,-3.4296869673031
-62.1216480249336,-3.4063042923031
-62.1081480249336,-3.3829216173031
-62.0946480249336,-3.3595389423031
-62.0811480249336,-3.3361562673031
-63.6471480249336,-2.8217374173031
-63.6606480249336,-2.8451200923031
-63.6741480249336,-2.8685027673031
-63.6876480249336,-2.8918854423031
-63.7011480249336,-2.9152681173031
-63.7146480249336,-2.9386507923031
-63.7281480249336,-2.9620334673031
-63.7416480249336,-2.9854161423031
-63.7551480249336,-3.0087988173031
-63.7686480249336,-3.0321814923031
-63.7821480249336,-3.0555641673031
-63.7956480249336,-3.0789468423031
-63.8091480249336,-3.1023295173031
-63.8226480249336,-3.1257121923031
-62.4726480249336,-4.0610191923032
-62.4591480249336,-4.0376365173032
-62.4456480249336,-4.0142538423032
-62.4321480249336,-3.9908711673032
-62.4186480249336,-3.9674884923032
-62.4051480249336,-3.9441058173032
-62.3916480249336,-3.9207231423032
-62.3781480249336,-3.8973404673032
-62.3646480249336,-3.8739577923032
-62.3511480249336,-3.8505751173032
-62.3376480249336,-3.8271924423032
-62.3241480249336,-3.8038097673032
-62.3106480249336,-3.7804270923032
-62.2971480249336,-3.7570444173032
-62.2836480249336,-3.7336617423032
-62.2701480249336,-3.7102790673032
-62.2566480249336,-3.6868963923031
-62.2431480249336,-3.6635137173032
-62.2296480249336,-3.6401310423032
-62.2161480249336,-3.6167483673031
-62.2026480249336,-3.5933656923031
-62.1891480249336,-3.5699830173031
-62.1756480249336,-3.5466003423032
-62.1621480249336,-3.5232176673031
-62.1486480249336,-3.4998349923031
-62.1351480249336,-3.4764523173031
-62.1216480249336,-3.4530696423031
-62.1081480249336,-3.4296869673031
-62.0946480249336,-3.4063042923031
-63.6876480249336,-2.8451200923031
-63.7011480249336,-2.8685027673031
-63.7146480249336,-2.8918854423031
-63.7281480249336,-2.9152681173031
-63.7416480249336,-2.9386507923031
-63.7551480249336,-2.9620334673031
-63.7686480249336,-2.9854161423031
-63.7821480249336,-3.0087988173031
-63.7956480249336,-3.0321814923031
-63.8091480249336,-3.0555641673031
-63.8226480249336,-3.0789468423031
-63.8361480249336,-3.1023295173031
-62.4456480249336,-4.0610191923032
-62.4321480249336,-4.0376365173032
-62.4186480249336,-4.0142538423032
-62.4051480249336,-3.9908711673032
-62.3916480249336,-3.9674884923032
-62.3781480249336,-3.9441058173032
-62.3646480249336,-3.9207231423032
-62.3511480249336,-3.8973404673032
-62.3376480249336,-3.8739577923032
-62.3241480249336,-3.8505751173032
-62.3106480249336,-3.8271924423032
-62.2971480249336,-3.8038097673032
-62.2836480249336,-3.7804270923032
-62.2701480249336,-3.7570444173032
-62.2566480249336,-3.7336617423032
-62.2431480249336,-3.7102790673032
-62.2296480249336,-3.6868963923031
-62.2161480249336,-3.6635137173031
-62.2026480249336,-3.6401310423031
-62.1891480249336,-3.6167483673031
-62.1756480249336,-3.5933656923031
-62.1621480249336,-3.5699830173031
-62.1486480249336,-3.5466003423031
-62.1351480249336,-3.5232176673031
-62.1216480249336,-3.4998349923031
-62.1081480249336,-3.4764523173031
-62.0946480249336,-3.4530696423031
-62.0811480249336,-3.4296869673031
-63.7146480249336,-2.8451200923031
-63.7281480249336,-2.8685027673031
-63.7416480249336,-2.8918854423031
-63.7551480249336,-2.9152681173031
-63.7686480249336,-2.9386507923031
-63.7821480249336,-2.9620334673031
-63.7956480249336,-2.9854161423031
-63.8091480249336,-3.0087988173031
-63.8226480249336,-3.0321814923031
-63.8361480249336,-3.0555641673031
-63.8496480249336,-3.0789468423031
-62.4186480249336,-4.0610191923032
-62.4051480249336,-4.0376365173032
-62.3916480249336,-4.0142538423032
-62.3781480249336,-3.9908711673032
-62.3646480249336,-3.9674884923032
-62.3511480249336,-3.9441058173032
-62.3376480249336,-3.9207231423032
-62.3241480249336,-3.8973404673032
-62.3106480249336,-3.8739577923032
-62.2971480249336,-3.8505751173032
-62.2836480249336,-3.8271924423032
-62.2701480249336,-3.8038097673032
-62.2566480249336,-3.7804270923031
-62.2431480249336,-3.7570444173031
-62.2296480249336,-3.7336617423031
-62.2161480249336,-3.7102790673031
-62.2026480249336,-3.6868963923031
-62.1891480249336,-3.6635137173031
-62.1756480249336,-3.6401310423031
-62.1621480249336,-3.6167483673031
-62.1486480249336,-3.5933656923031
-62.1351480249336,-3.5699830173031
-62.1216480249336,-3.5466003423031
-62.1081480249336,-3.5232176673031
-62.0946480249336,-3.4998349923031
-62.0811480249336,-3.4764523173031
-62.0676480249336,-3.4530696423031
-63.7281480249336,-2.8217374173031
-63.7416480249336,-2.8451200923031
-63.7551480249336,-2.8685027673031
-63.7686480249336,-2.8918854423031
-63.7821480249336,-2.9152681173031
-63.7956480249336,-2.9386507923031
-63.8091480249336,-2.9620334673031
-63.8226480249336,-2.9854161423031
-63.8361480249336,-3.0087988173031
-63.8496480249336,-3.0321814923031
-63.8631480249336,-3.0555641673031
-62.3916480249336,-4.0610191923032
-62.3781480249336,-4.0376365173032
-62.3646480249336,-4.0142538423031
-62.3511480249336,-3.9908711673032
-62.3376480249336,-3.9674884923032
-62.3241480249336,-3.9441058173032
-62.3106480249336,-3.9207231423031
-62.2971480249336,-3.8973404673031
-62.2836480249336,-3.8739577923032
-62.2701480249336,-3.8505751173031
-62.2566480249336,-3.8271924423031
-62.2431480249336,-3.8038097673031
-62.2296480249336,-3.7804270923031
-62.2161480249336,-3.7570444173031
-62.2026480249336,-3.7336617423031
-62.1891480249336,-3.7102790673031
-62.1756480249336,-3.6868963923031
-62.1621480249336,-3.6635137173031
-62.1486480249336,-3.6401310423031
-62.1351480249336,-3.6167483673031
-62.1216480249336,-3.5933656923031
-62.1081480249336,-3.5699830173031
-62.0946480249336,-3.5466003423031
-62.0811480249336,-3.5232176673031
-62.0676480249336,-3.4998349923031
-62.0541480249336,-3.4764523173031
-62.0406480249336,-3.4530696423031
-63.7281480249336,-2.7749720673031
-63.7416480249336,-2.7983547423031
-63.7551480249336,-2.8217374173031
-63.7686480249336,-2.8451200923031
-63.7821480249336,-2.8685027673031
-63.7956480249336,-2.8918854423031
-63.8091480249336,-2.9152681173031
-63.8226480249336,-2.9386507923031
-63.8361480249336,-2.9620334673031
-63.8496480249336,-2.9854161423031
-63.8631480249336,-3.0087988173031
-62.3646480249336,-4.0610191923032
-62.3511480249336,-4.0376365173031
-62.3376480249336,-4.0142538423031
-62.3241480249336,-3.9908711673031
-62.3106480249336,-3.9674884923031
-62.2971480249336,-3.9441058173032
-62.2836480249336,-3.9207231423031
-62.2701480249336,-3.8973404673031
-62.2566480249336,-3.8739577923031
-62.2431480249336,-3.8505751173031
-62.2296480249336,-3.8271924423031
-62.2161480249336,-3.8038097673031
-62.2026480249336,-3.7804270923031
-62.1891480249336,-3.7570444173031
-62.1756480249336,-3.7336617423031
-62.1621480249336,-3.7102790673031
-62.1486480249336,-3.6868963923031
-62.1351480249336,-3.6635137173031
-62.1216480249336,-3.6401310423031
-62.1081480249336,-3.6167483673031
-62.0946480249336,-3.5933656923031
-62.0811480249336,-3.5699830173031
-62.0676480249336,-3.5466003423031
-62.0541480249336,-3.5232176673031
-62.0406480249336,-3.4998349923031
-63.7281480249336,-2.7282067173031
-63.7416480249336,-2.7515893923031
-63.7551480249336,-2.7749720673031
-63.7686480249336,-2.7983547423031
-63.7821480249336,-2.8217374173031
-63.7956480249336,-2.8451200923031
-63.8091480249336,-2.8685027673031
-63.8226480249336,-2.8918854423031
-63.8361480249336,-2.9152681173031
-63.8496480249336,-2.9386507923031
-63.8631480249336,-2.9620334673031
-62.3511480249336,-4.0844018673031
-62.3376480249336,-4.0610191923031
-62.3241480249336,-4.0376365173031
-62.3106480249336,-4.0142538423031
-62.2971480249336,-3.9908711673031
-62.2836480249336,-3.9674884923031
-62.2701480249336,-3.9441058173031
-62.2566480249336,-3.9207231423031
-62.2431480249336,-3.8973404673031
-62.2296480249336,-3.8739577923031
-62.2161480249336,-3.8505751173031
-62.2026480249336,-3.8271924423031
-62.1891480249336,-3.8038097673031
-62.1756480249336,-3.7804270923031
-62.1621480249336,-3.7570444173031
-62.1486480249336,-3.7336617423031
-62.1351480249336,-3.7102790673031
-62.1216480249336,-3.6868963923031
-62.1081480249336,-3.6635137173031
-62.0946480249336,-3.6401310423031
-62.0811480249336,-3.6167483673031
-62.0676480249336,-3.5933656923031
-62.0541480249336,-3.5699830173031
-62.0406480249336,-3.5466003423031
-63.7416480249336,-2.7048240423031
-63.7551480249336,-2.7282067173031
-63.7686480249336,-2.7515893923031
-63.7821480249336,-2.7749720673031
-63.7956480249336,-2.7983547423031
-63.8091480249336,-2.8217374173031
-63.8226480249336,-2.8451200923031
-63.8361480249336,-2.8685027673031
-63.8496480249336,-2.8918854423031
-63.8631480249336,-2.9152681173031
-63.8766480249336,-2.9386507923031
-62.3241480249336,-4.0844018673031
-62.3106480249336,-4.0610191923031
-62.2971480249336,-4.0376365173031
-62.2836480249336,-4.0142538423031
-62.2701480249336,-3.9908711673031
-62.2566480249336,-3.9674884923031
-62.2431480249336,-3.9441058173031
-62.2296480249336,-3.9207231423031
-62.2161480249336,-3.8973404673031
-62.2026480249336,-3.8739577923031
-62.1891480249336,-3.8505751173031
-62.1756480249336,-3.8271924423031
-62.1621480249336,-3.8038097673031
-62.1486480249336,-3.7804270923031
-62.1351480249336,-3.7570444173031
-62.1216480249336,-3.7336617423031
-62.1081480249336,-3.7102790673031
-62.0946480249336,-3.6868963923031
-62.0811480249336,-3.6635137173031
-62.0676480249336,-3.6401310423031
-62.0541480249336,-3.6167483673031
-62.0406480249336,-3.5933656923031
-63.7551480249336,-2.6814413673031
-63.7686480249336,-2.7048240423031
-63.7821480249336,-2.7282067173031
-63.7956480249336,-2.7515893923031
-63.8091480249336,-2.7749720673031
-63.8226480249336,-2.7983547423031
-63.8361480249336,-2.8217374173031
-63.8496480249336,-2.8451200923031
-63.8631480249336,-2.8685027673031
-63.8766480249336,-2.8918854423031
-63.8901480249336,-2.9152681173031
-62.2836480249336,-4.0610191923031
-62.2701480249336,-4.0376365173031
-62.2566480249336,-4.0142538423031
-62.2431480249336,-3.9908711673031
-62.2296480249336,-3.9674884923031
-62.2161480249336,-3.9441058173031
-62.2026480249336,-3.9207231423031
-62.1891480249336,-3.8973404673031
-62.1756480249336,-3.8739577923031
-62.1621480249336,-3.8505751173031
-62.1486480249336,-3.8271924423031
-62.1351480249336,-3.8038097673031
-62.1216480249336,-3.7804270923031
-62.1081480249336,-3.7570444173031
-62.0946480249336,-3.7336617423031
-62.0811480249336,-3.7102790673031
-62.0676480249336,-3.6868963923031
-62.0541480249336,-3.6635137173031
-62.0406480249336,-3.6401310423031
-62.0271480249336,-3.6167483673031
-62.0136480249336,-3.5933656923031
-63.7551480249336,-2.6346760173031
-63.7686480249336,-2.6580586923031
-63.7821480249336,-2.6814413673031
-63.7956480249336,-2.7048240423031
-63.8091480249336,-2.7282067173031
-63.8226480249336,-2.7515893923031
-63.8361480249336,-2.7749720673031
-63.8496480249336,-2.7983547423031
-63.8631480249336,-2.8217374173031
-63.8766480249336,-2.8451200923031
-63.8901480249336,-2.8685027673031
-63.9036480249336,-2.8918854423031
-62.2566480249336,-4.0610191923031
-62.2431480249336,-4.0376365173031
-62.2296480249336,-4.0142538423031
-62.2161480249336,-3.9908711673031
-62.2026480249336,-3.9674884923031
-62.1891480249336,-3.9441058173031
-62.1756480249336,-3.9207231423031
-62.1621480249336,-3.8973404673031
-62.1486480249336,-3.8739577923031
-62.1351480249336,-3.8505751173031
-62.1216480249336,-3.8271924423031
-62.1081480249336,-3.8038097673031
-62.0946480249336,-3.7804270923031
-62.0811480249336,-3.7570444173031
-62.0676480249336,-3.7336617423031
-62.0541480249336,-3.7102790673031
-62.0406480249336,-3.6868963923031
-62.0271480249336,-3.6635137173031
-62.0136480249336,-3.6401310423031
-62.0001480249336,-3.6167483673031
-63.7686480249336,-2.6112933423031
-63.7821480249336,-2.6346760173031
-63.7956480249336,-2.6580586923031
-63.8091480249336,-2.6814413673031
-63.8226480249336,-2.7048240423031
-63.8361480249336,-2.7282067173031
-63.8496480249336,-2.7515893923031
-63.8631480249336,-2.7749720673031
-63.8766480249336,-2.7983547423031
-63.8901480249336,-2.8217374173031
-63.9036480249336,-2.8451200923031
-63.9171480249336,-2.8685027673031
-63.9306480249336,-2.8918854423031
-62.2296480249336,-4.0610191923031
-62.2161480249336,-4.0376365173031
-62.2026480249336,-4.0142538423031
-62.1891480249336,-3.9908711673031
-62.1756480249336,-3.9674884923031
-62.1621480249336,-3.9441058173031
-62.1486480249336,-3.9207231423031
-62.1351480249336,-3.8973404673031
-62.1216480249336,-3.8739577923031
-62.1081480249336,-3.8505751173031
-62.0946480249336,-3.8271924423031
-62.0811480249336,-3.8038097673031
-62.0676480249336,-3.7804270923031
-62.0541480249336,-3.7570444173031
-62.0406480249336,-3.7336617423031
-62.0271480249336,-3.7102790673031
-62.0136480249336,-3.6868963923031
-62.0001480249336,-3.6635137173031
-61.9866480249336,-3.6401310423031
-61.9731480249336,-3.6167483673031
-63.7821480249336,-2.5879106673031
-63.7956480249336,-2.6112933423031
-63.8091480249336,-2.6346760173031
-63.8226480249336,-2.6580586923031
-63.8361480249336,-2.6814413673031
-63.8496480249336,-2.7048240423031
-63.8631480249336,-2.7282067173031
-63.8766480249336,-2.7515893923031
-63.8901480249336,-2.7749720673031
-63.9036480249336,-2.7983547423031
-63.9171480249336,-2.8217374173031
-63.9306480249336,-2.8451200923031
-62.2161480249336,-4.0844018673031
-62.2026480249336,-4.0610191923031
-62.1891480249336,-4.0376365173031
-62.1756480249336,-4.0142538423031
-62.1621480249336,-3.9908711673031
-62.1486480249336,-3.9674884923031
-62.1351480249336,-3.9441058173031
-62.1216480249336,-3.9207231423031
-62.1081480249336,-3.8973404673031
-62.0946480249336,-3.8739577923031
-62.0811480249336,-3.8505751173031
-62.0676480249336,-3.8271924423031
-62.0541480249336,-3.8038097673031
-62.0406480249336,-3.7804270923031
-62.0271480249336,-3.7570444173031
-62.0136480249336,-3.7336617423031
-62.0001480249336,-3.7102790673031
-61.9866480249336,-3.6868963923031
-61.9731480249336,-3.6635137173031
-61.9596480249335,-3.6401310423031
-63.7956480249336,-2.5645279923031
-63.8091480249336,-2.5879106673031
-63.8226480249336,-2.6112933423031
-63.8361480249336,-2.6346760173031
-63.8496480249336,-2.6580586923031
-63.8631480249336,-2.6814413673031
-63.8766480249336,-2.7048240423031
-63.8901480249336,-2.7282067173031
-63.9036480249336,-2.7515893923031
-63.9171480249336,-2.7749720673031
-63.9306480249336,-2.7983547423031
-63.9441480249336,-2.8217374173031
-62.1891480249336,-4.0844018673031
-62.1756480249336,-4.0610191923031
-62.1621480249336,-4.0376365173031
-62.1486480249336,-4.0142538423031
-62.1351480249336,-3.9908711673031
-62.1216480249336,-3.9674884923031
-62.1081480249336,-3.9441058173031
-62.0946480249336,-3.9207231423031
-62.0811480249336,-3.8973404673031
-62.0676480249336,-3.8739577923031
-62.0541480249336,-3.8505751173031
-62.0406480249336,-3.8271924423031
-62.0271480249336,-3.8038097673031
-62.0136480249336,-3.7804270923031
-62.0001480249336,-3.7570444173031
-61.9866480249336,-3.7336617423031
-61.9731480249336,-3.7102790673031
-61.9596480249335,-3.6868963923031
-61.9461480249335,-3.6635137173031
-61.9326480249335,-3.6401310423031
-63.8226480249336,-2.5645279923031
-63.8361480249336,-2.5879106673031
-63.8496480249336,-2.6112933423031
-63.8631480249336,-2.6346760173031
-63.8766480249336,-2.6580586923031
-63.8901480249336,-2.6814413673031
-63.9036480249336,-2.7048240423031
-63.9171480249336,-2.7282067173031
-63.9306480249336,-2.7515893923031
-63.9441480249336,-2.7749720673031
-63.9576480249336,-2.7983547423031
-62.1756480249336,-4.1077845423031
-62.1621480249336,-4.0844018673031
-62.1486480249336,-4.0610191923031
-62.1351480249336,-4.0376365173031
-62.1216480249336,-4.0142538423031
-62.1081480249336,-3.9908711673031
-62.0946480249336,-3.9674884923031
-62.0811480249336,-3.9441058173031
-62.0676480249336,-3.9207231423031
-62.0541480249336,-3.8973404673031
-62.0406480249336,-3.8739577923031
-62.0271480249336,-3.8505751173031
-62.0136480249336,-3.8271924423031
-62.0001480249336,-3.8038097673031
-61.9866480249336,-3.7804270923031
-61.9731480249336,-3.7570444173031
-61.9596480249335,-3.7336617423031
-61.9461480249335,-3.7102790673031
-61.9326480249335,-3.6868963923031
-61.9191480249335,-3.6635137173031
-63.8496480249336,-2.5645279923031
-63.8631480249336,-2.5879106673031
-63.8766480249336,-2.6112933423031
-63.8901480249336,-2.6346760173031
-63.9036480249336,-2.6580586923031
-63.9171480249336,-2.6814413673031
-63.9306480249336,-2.7048240423031
-63.9441480249336,-2.7282067173031
-63.9576480249336,-2.7515893923031
-62.1351480249336,-4.0844018673031
-62.1216480249336,-4.0610191923031
-62.1081480249336,-4.0376365173031
-62.0946480249336,-4.0142538423031
-62.0811480249336,-3.9908711673031
-62.0676480249336,-3.9674884923031
-62.0541480249336,-3.9441058173031
-62.0406480249336,-3.9207231423031
-62.0271480249336,-3.8973404673031
-62.0136480249336,-3.8739577923031
-62.0001480249336,-3.8505751173031
-61.9866480249336,-3.8271924423031
-61.9731480249336,-3.8038097673031
-61.9596480249335,-3.7804270923031
-61.9461480249335,-3.7570444173031
-61.9326480249335,-3.7336617423031
-61.9191480249335,-3.7102790673031
-61.9056480249335,-3.6868963923031
-61.8921480249335,-3.6635137173031
-63.8766480249336,-2.5645279923031
-63.8901480249336,-2.5879106673031
-63.9036480249336,-2.6112933423031
-63.9171480249336,-2.6346760173031
-63.9306480249336,-2.6580586923031
-63.9441480249336,-2.6814413673031
-62.1081480249336,-4.0844018673031
-62.0946480249336,-4.0610191923031
-62.0811480249336,-4.0376365173031
-62.0676480249336,-4.0142538423031
-62.0541480249336,-3.9908711673031
-62.0406480249336,-3.9674884923031
-62.0271480249336,-3.9441058173031
-62.0136480249336,-3.9207231423031
-62.0001480249336,-3.8973404673031
-61.9866480249336,-3.8739577923031
-61.9731480249336,-3.8505751173031
-61.9596480249335,-3.8271924423031
-61.9461480249335,-3.8038097673031
-61.9326480249335,-3.7804270923031
-61.9191480249335,-3.7570444173031
-61.9056480249335,-3.7336617423031
-61.8921480249335,-3.7102790673031
-61.8786480249335,-3.6868963923031
-61.8651480249335,-3.6635137173031
-63.9171480249336,-2.5879106673031
-63.9306480249336,-2.6112933423031
-63.9441480249336,-2.6346760173031
-63.9576480249336,-2.6580586923031
-62.0676480249336,-4.0610191923031
-62.0541480249336,-4.0376365173031
-62.0406480249336,-4.0142538423031
-62.0271480249336,-3.9908711673031
-62.0136480249336,-3.9674884923031
-62.0001480249336,-3.9441058173031
-61.9866480249336,-3.9207231423031
-61.9731480249336,-3.8973404673031
-61.9596480249335,-3.8739577923031
-61.9461480249335,-3.8505751173031
-61.9326480249335,-3.8271924423031
-61.9191480249335,-3.8038097673031
-61.9056480249335,-3.7804270923031
-61.8921480249335,-3.7570444173031
-61.8786480249335,-3.7336617423031
-61.8651480249335,-3.7102790673031
-61.8516480249335,-3.6868963923031
-61.8381480249335,-3.6635137173031
-63.9441480249336,-2.5879106673031
-63.9576480249336,-2.6112933423031
-63.9711480249336,-2.6346760173031
-63.9846480249336,-2.6580586923031
-62.0406480249336,-4.0610191923031
-62.0271480249336,-4.0376365173031
-62.0136480249336,-4.0142538423031
-62.0001480249336,-3.9908711673031
-61.9866480249336,-3.9674884923031
-61.9731480249336,-3.9441058173031
-61.9596480249335,-3.9207231423031
-61.9461480249335,-3.8973404673031
-61.9326480249335,-3.8739577923031
-61.9191480249335,-3.8505751173031
-61.9056480249335,-3.8271924423031
-61.8921480249335,-3.8038097673031
-61.8786480249335,-3.7804270923031
-61.8651480249335,-3.7570444173031
-61.8516480249335,-3.7336617423031
-61.8381480249335,-3.7102790673031
-61.8246480249335,-3.6868963923031
-63.9711480249336,-2.5879106673031
-63.9846480249336,-2.6112933423031
-63.9981480249336,-2.6346760173031
-64.0116480249336,-2.6580586923031
-62.0136480249336,-4.0610191923031
-62.0001480249336,-4.0376365173031
-61.9866480249336,-4.0142538423031
-61.9731480249336,-3.9908711673031
-61.9596480249335,-3.9674884923031
-61.9461480249335,-3.9441058173031
-61.9326480249335,-3.9207231423031
-61.9191480249335,-3.8973404673031
-61.9056480249335,-3.8739577923031
-61.8921480249335,-3.8505751173031
-61.8786480249335,-3.8271924423031
-61.8651480249335,-3.8038097673031
-61.8516480249335,-3.7804270923031
-61.8381480249335,-3.7570444173031
-61.8246480249335,-3.7336617423031
-63.9846480249336,-2.5645279923031
-63.9981480249336,-2.5879106673031
-64.0116480249336,-2.6112933423031
-64.0251480249336,-2.6346760173031
-62.0001480249336,-4.0844018673031
-61.9866480249336,-4.0610191923031
-61.9731480249336,-4.0376365173031
-61.9596480249335,-4.0142538423031
-61.9461480249335,-3.9908711673031
-61.9326480249335,-3.9674884923031
-61.9191480249335,-3.9441058173031
-61.9056480249335,-3.9207231423031
-61.8921480249335,-3.8973404673031
-61.8786480249335,-3.8739577923031
-61.8651480249335,-3.8505751173031
-61.8516480249335,-3.8271924423031
-61.8381480249335,-3.8038097673031
-61.8246480249335,-3.7804270923031
-63.9846480249336,-2.5177626423031
-63.9981480249336,-2.5411453173031
-64.0116480249336,-2.5645279923031
-64.0251480249336,-2.5879106673031
-64.0386480249336,-2.6112933423031
-61.9731480249336,-4.0844018673031
-61.9596480249335,-4.0610191923031
-61.9461480249335,-4.0376365173031
-61.9326480249335,-4.0142538423031
-61.9191480249335,-3.9908711673031
-61.9056480249335,-3.9674884923031
-61.8786480249335,-3.9207231423031
-61.8651480249335,-3.8973404673031
-61.8516480249335,-3.8739577923031
-61.8381480249335,-3.8505751173031
-61.8246480249335,-3.8271924423031
-63.9711480249336,-2.4476146173031
-63.9846480249336,-2.4709972923031
-63.9981480249336,-2.4943799673031
-64.0116480249336,-2.5177626423031
-64.0251480249336,-2.5411453173031
-64.0386480249336,-2.5645279923031
-64.0521480249336,-2.5879106673031
-61.9596480249335,-4.1077845423031
-61.9461480249335,-4.0844018673031
-61.9326480249335,-4.0610191923031
-61.9056480249335,-4.0142538423031
-61.8921480249335,-3.9908711673031
-61.8381480249335,-3.8973404673031
-61.8246480249335,-3.8739577923031
-63.9846480249336,-2.4242319423031
-63.9981480249336,-2.4476146173031
-64.0116480249336,-2.4709972923031
-64.0251480249336,-2.4943799673031
-64.0386480249336,-2.5177626423031
-64.0521480249336,-2.5411453173031
-64.0656480249336,-2.5645279923031
-61.9326480249335,-4.1077845423031
-61.8921480249335,-4.0376365173031
-61.8786480249335,-4.0142538423031
-61.8651480249335,-3.9908711673031
-63.9981480249336,-2.4008492673031
-64.0116480249336,-2.4242319423031
-64.0251480249336,-2.4476146173031
-64.0386480249336,-2.4709972923031
-64.0521480249336,-2.4943799673031
-64.0656480249336,-2.5177626423031
-61.9056480249335,-4.1077845423031
-61.8516480249335,-4.0142538423031
-63.9981480249336,-2.3540839173031
-64.0116480249336,-2.3774665923031
-64.0251480249336,-2.4008492673031
-64.0386480249336,-2.4242319423031
-64.0521480249336,-2.4476146173031
-64.0656480249336,-2.4709972923031
-64.0791480249336,-2.4943799673031
-61.8786480249335,-4.1077845423031
-61.8381480249335,-4.0376365173031
-64.0116480249336,-2.3307012423031
-64.0251480249336,-2.3540839173031
-64.0386480249336,-2.3774665923031
-64.0521480249336,-2.4008492673031
-64.0656480249336,-2.4242319423031
-64.0791480249336,-2.4476146173031
-64.0926480249336,-2.4709972923031
-61.8516480249335,-4.1077845423031
-64.0116480249336,-2.2839358923031
-64.0251480249336,-2.3073185673031
-64.0386480249336,-2.3307012423031
-64.0521480249336,-2.3540839173031
-64.0656480249336,-2.3774665923031
-64.0791480249336,-2.4008492673031
-64.0926480249336,-2.4242319423031
-64.1061480249336,-2.4476146173031
-61.8381480249335,-4.1311672173031
-61.8246480249335,-4.1077845423031
-63.9981480249336,-2.2137878673031
-64.0116480249336,-2.2371705423031
-64.0251480249336,-2.2605532173031
-64.0386480249336,-2.2839358923031
-64.0521480249336,-2.3073185673031
-64.0656480249336,-2.3307012423031
-64.0791480249336,-2.3540839173031
-64.0926480249336,-2.3774665923031
-64.1061480249336,-2.4008492673031
-64.1196480249336,-2.4242319423031
-64.1331480249336,-2.4476146173031
-64.0116480249336,-2.1904051923031
-64.0251480249336,-2.2137878673031
-64.0386480249336,-2.2371705423031
-64.0521480249336,-2.2605532173031
-64.0656480249336,-2.2839358923031
-64.0791480249336,-2.3073185673031
-64.0926480249336,-2.3307012423031
-64.1061480249336,-2.3540839173031
-64.1196480249336,-2.3774665923031
-64.1331480249336,-2.4008492673031
-64.1466480249336,-2.4242319423031
-64.0386480249336,-2.1904051923031
-64.0521480249336,-2.2137878673031
-64.0656480249336,-2.2371705423031
-64.0791480249336,-2.2605532173031
-64.0926480249336,-2.2839358923031
-64.1061480249336,-2.3073185673031
-64.1196480249336,-2.3307012423031
-64.1331480249336,-2.3540839173031
-64.1466480249336,-2.3774665923031
-64.1601480249336,-2.4008492673031
-64.1736480249336,-2.4242319423031
-64.0656480249336,-2.1904051923031
-64.0791480249336,-2.2137878673031
-64.0926480249336,-2.2371705423031
-64.1061480249336,-2.2605532173031
-64.1196480249336,-2.2839358923031
-64.1331480249336,-2.3073185673031
-64.1466480249336,-2.3307012423031
-64.1601480249336,-2.3540839173031
-64.1736480249336,-2.3774665923031
-64.1871480249336,-2.4008492673031
-64.2006480249336,-2.4242319423031
-64.0926480249336,-2.1904051923031
-64.1061480249336,-2.2137878673031
-64.1196480249336,-2.2371705423031
-64.1331480249336,-2.2605532173031
-64.1466480249336,-2.2839358923031
-64.1601480249336,-2.3073185673031
-64.1736480249336,-2.3307012423031
-64.1871480249336,-2.3540839173031
-64.2006480249336,-2.3774665923031
-64.2141480249336,-2.4008492673031
-64.2276480249336,-2.4242319423031
-64.1196480249336,-2.1904051923031
-64.1331480249336,-2.2137878673031
-64.1466480249336,-2.2371705423031
-64.1601480249336,-2.2605532173031
-64.1736480249336,-2.2839358923031
-64.1871480249336,-2.3073185673031
-64.2006480249336,-2.3307012423031
-64.2141480249336,-2.3540839173031
-64.2276480249336,-2.3774665923031
-64.2411480249336,-2.4008492673031
-64.1466480249336,-2.1904051923031
-64.1601480249336,-2.2137878673031
-64.1736480249336,-2.2371705423031
-64.1871480249336,-2.2605532173031
-64.2006480249336,-2.2839358923031
-64.2141480249336,-2.3073185673031
-64.2276480249336,-2.3307012423031
-64.2411480249336,-2.3540839173031
-64.2546480249336,-2.3774665923031
-64.2681480249336,-2.4008492673031
-64.1601480249336,-2.1670225173031
-64.1736480249336,-2.1904051923031
-64.1871480249336,-2.2137878673031
-64.2006480249336,-2.2371705423031
-64.2141480249336,-2.2605532173031
-64.2276480249336,-2.2839358923031
-64.2411480249336,-2.3073185673031
-64.2546480249336,-2.3307012423031
-64.2681480249336,-2.3540839173031
-64.2816480249336,-2.3774665923031
-64.1736480249336,-2.1436398423031
-64.1871480249336,-2.1670225173031
-64.2006480249336,-2.1904051923031
-64.2141480249336,-2.2137878673031
-64.2276480249336,-2.2371705423031
-64.2411480249336,-2.2605532173031
-64.2546480249336,-2.2839358923031
-64.2681480249336,-2.3073185673031
-64.2816480249336,-2.3307012423031
-64.2951480249336,-2.3540839173031
-64.3086480249336,-2.3774665923031
-64.1871480249336,-2.1202571673031
-64.2006480249336,-2.1436398423031
-64.2141480249336,-2.1670225173031
-64.2276480249336,-2.1904051923031
-64.2411480249336,-2.2137878673031
-64.2546480249336,-2.2371705423031
-64.2681480249336,-2.2605532173031
-64.2816480249336,-2.2839358923031
-64.2951480249336,-2.3073185673031
-64.3086480249336,-2.3307012423031
-64.3221480249336,-2.3540839173031
-64.2141480249336,-2.1202571673031
-64.2276480249336,-2.1436398423031
-64.2411480249336,-2.1670225173031
-64.2546480249336,-2.1904051923031
-64.2681480249336,-2.2137878673031
-64.2816480249336,-2.2371705423031
-64.2951480249336,-2.2605532173031
-64.3086480249336,-2.2839358923031
-64.3221480249336,-2.3073185673031
-64.3356480249336,-2.3307012423031
-64.3491480249336,-2.3540839173031
-64.2411480249336,-2.1202571673031
-64.2546480249336,-2.1436398423031
-64.3356480249336,-2.2839358923031
-64.3491480249336,-2.3073185673031
-64.3626480249336,-2.3307012423031
-64.3761480249336,-2.3540839173031
-64.3626480249336,-2.2839358923031
-64.3761480249336,-2.3073185673031
