-71.4146901305611,-7.1811604535719
-71.3876901305611,-7.1811604535719
-71.4011901305611,-7.1577777785719
-71.4281901305611,-7.1577777785719
-71.4416901305611,-7.1811604535719
-71.4281901305611,-7.2045431285719
-71.4011901305611,-7.2045431285719
-71.3606901305611,-7.1811604535719
-71.3876901305611,-7.1343951035719
-71.4416901305611,-7.1343951035719
-71.4686901305611,-7.1811604535719
-71.4416901305611,-7.2279258035719
-71.3876901305611,-7.2279258035719
-71.3741901305611,-7.1577777785719
-71.4146901305611,-7.1343951035719
-71.4551901305611,-7.1577777785719
-71.4551901305611,-7.2045431285719
-71.4146901305611,-7.2279258035719
-71.3741901305611,-7.2045431285719
-71.3336901305611,-7.1811604535719
-71.3741901305611,-7.1110124285719
-71.4551901305611,-7.1110124285719
-71.4956901305611,-7.1811604535719
-71.4551901305611,-7.2513084785719
-71.3741901305611,-7.2513084785719
-71.3471901305611,-7.1577777785719
-71.3606901305611,-7.1343951035719
-71.4011901305611,-7.1110124285719
-71.4281901305611,-7.1110124285719
-71.4686901305611,-7.1343951035719
-71.4821901305611,-7.1577777785719
-71.4821901305611,-7.2045431285719
-71.4686901305611,-7.2279258035719
-71.4281901305611,-7.2513084785719
-71.4011901305611,-7.2513084785719
-71.3606901305611,-7.2279258035719
-71.3471901305611,-7.2045431285719
-71.3066901305611,-7.1811604535719
-71.3606901305611,-7.0876297535719
-71.4686901305611,-7.0876297535719
-71.5226901305611,-7.1811604535719
-71.4686901305611,-7.2746911535719
-71.3606901305611,-7.2746911535719
-71.3201901305611,-7.1577777785719
-71.3336901305611,-7.1343951035719
-71.3471901305611,-7.1110124285719
-71.3876901305611,-7.0876297535719
-71.4146901305611,-7.0876297535719
-71.4416901305611,-7.0876297535719
-71.4821901305611,-7.1110124285719
-71.4956901305611,-7.1343951035719
-71.5091901305611,-7.1577777785719
-71.5091901305611,-7.2045431285719
-71.4956901305611,-7.2279258035719
-71.4821901305611,-7.2513084785719
-71.4416901305611,-7.2746911535719
-71.4146901305611,-7.2746911535719
-71.3876901305611,-7.2746911535719
-71.3471901305611,-7.2513084785719
-71.3336901305611,-7.2279258035719
-71.3201901305611,-7.2045431285719
-71.2796901305611,-7.1811604535719
-71.3471901305611,-7.0642470785719
-71.4821901305611,-7.0642470785719
-71.5496901305611,-7.1811604535719
-71.4821901305611,-7.2980738285719
-71.3471901305611,-7.2980738285719
-71.2931901305611,-7.1577777785719
-71.3066901305611,-7.1343951035719
-71.3201901305611,-7.1110124285719
-71.3336901305611,-7.0876297535719
-71.3741901305611,-7.0642470785719
-71.4011901305611,-7.0642470785719
-71.4281901305611,-7.0642470785719
-71.4551901305611,-7.0642470785719
-71.4956901305611,-7.0876297535719
-71.5091901305611,-7.1110124285719
-71.5226901305611,-7.1343951035719
-71.5361901305611,-7.1577777785719
-71.5361901305611,-7.2045431285719
-71.5226901305611,-7.2279258035719
-71.5091901305611,-7.2513084785719
-71.4956901305611,-7.2746911535719
-71.4551901305611,-7.2980738285719
-71.4281901305611,-7.2980738285719
-71.4011901305611,-7.2980738285719
-71.3741901305611,-7.2980738285719
-71.3336901305611,-7.2746911535719
-71.3201901305611,-7.2513084785719
-71.3066901305611,-7.2279258035719
-71.2931901305611,-7.2045431285719
-71.2526901305611,-7.1811604535719
-71.3336901305611,-7.0408644035719
-71.4956901305610,-7.0408644035719
-71.5766901305611,-7.1811604535719
-71.4956901305610,-7.3214565035719
-71.3336901305611,-7.3214565035719
-71.2661901305611,-7.1577777785719
-71.2796901305611,-7.1343951035719
-71.2931901305611,-7.1110124285719
-71.3066901305611,-7.0876297535719
-71.3201901305611,-7.0642470785719
-71.3606901305611,-7.0408644035719
-71.3876901305611,-7.0408644035719
-71.4146901305611,-7.0408644035719
-71.4416901305611,-7.0408644035719
-71.4686901305611,-7.0408644035719
-71.5091901305611,-7.0642470785719
-71.5226901305611,-7.0876297535719
-71.5361901305611,-7.1110124285719
-71.5496901305611,-7.1343951035719
-71.5631901305611,-7.1577777785719
-71.5631901305611,-7.2045431285719
-71.5496901305611,-7.2279258035719
-71.5361901305611,-7.2513084785719
-71.5226901305611,-7.2746911535719
-71.5091901305611,-7.2980738285719
-71.4686901305611,-7.3214565035719
-71.4416901305611,-7.3214565035719
-71.4146901305611,-7.3214565035719
-71.3876901305611,-7.3214565035719
-71.3606901305611,-7.3214565035719
-71.3201901305611,-7.2980738285719
-71.3066901305611,-7.2746911535719
-71.2931901305611,-7.2513084785719
-71.2796901305611,-7.2279258035719
-71.2661901305611,-7.2045431285719
-71.2256901305611,-7.1811604535719
-71.3201901305611,-7.0174817285719
-71.5091901305610,-7.0174817285719
-71.6036901305611,-7.1811604535719
-71.5091901305610,-7.3448391785719
-71.3201901305611,-7.3448391785719
-71.2391901305611,-7.1577777785719
-71.2526901305611,-7.1343951035719
-71.2661901305611,-7.1110124285719
-71.2796901305611,-7.0876297535719
-71.2931901305611,-7.0642470785719
-71.3066901305611,-7.0408644035719
-71.3471901305611,-7.0174817285719
-71.3741901305611,-7.0174817285719
-71.4011901305611,-7.0174817285719
-71.4281901305611,-7.0174817285719
-71.4551901305611,-7.0174817285719
-71.4821901305611,-7.0174817285719
-71.5226901305610,-7.0408644035719
-71.5361901305611,-7.0642470785719
-71.5496901305611,-7.0876297535719
-71.5631901305611,-7.1110124285719
-71.5766901305611,-7.1343951035719
-71.5901901305611,-7.1577777785719
-71.5901901305611,-7.2045431285719
-71.5766901305611,-7.2279258035719
-71.5631901305611,-7.2513084785719
-71.5496901305611,-7.2746911535719
-71.5361901305611,-7.2980738285719
-71.5226901305610,-7.3214565035719
-71.4821901305611,-7.3448391785719
-71.4551901305611,-7.3448391785719
-71.4281901305611,-7.3448391785719
-71.4011901305611,-7.3448391785719
-71.3741901305611,-7.3448391785719
-71.3471901305611,-7.3448391785719
-71.3066901305611,-7.3214565035719
-71.2931901305611,-7.2980738285719
-71.2796901305611,-7.2746911535719
-71.2661901305611,-7.2513084785719
-71.2526901305611,-7.2279258035719
-71.2391901305611,-7.2045431285719
-71.1986901305611,-7.1811604535719
-71.3066901305611,-6.9940990535719
-71.5226901305610,-6.9940990535719
-71.6306901305611,-7.1811604535719
-71.5226901305610,-7.3682218535719
-71.3066901305611,-7.3682218535719
-71.2121901305611,-7.1577777785719
-71.2256901305611,-7.1343951035719
-71.2391901305611,-7.1110124285719
-71.2526901305611,-7.0876297535719
-71.2661901305611,-7.0642470785719
-71.2796901305611,-7.0408644035719
-71.2931901305611,-7.0174817285719
-71.3336901305611,-6.9940990535719
-71.3606901305611,-6.9940990535719
-71.3876901305611,-6.9940990535719
-71.4146901305611,-6.9940990535719
-71.4416901305611,-6.9940990535719
-71.4686901305611,-6.9940990535719
-71.4956901305610,-6.9940990535719
-71.5361901305610,-7.0174817285719
-71.5496901305610,-7.0408644035719
-71.5631901305611,-7.0642470785719
-71.5766901305611,-7.0876297535719
-71.5901901305611,-7.1110124285719
-71.6036901305611,-7.1343951035719
-71.6171901305611,-7.1577777785719
-71.6171901305611,-7.2045431285719
-71.6036901305611,-7.2279258035719
-71.5901901305611,-7.2513084785719
-71.5766901305611,-7.2746911535719
-71.5631901305611,-7.2980738285719
-71.5496901305610,-7.3214565035719
-71.5361901305610,-7.3448391785719
-71.4956901305610,-7.3682218535719
-71.4686901305611,-7.3682218535719
-71.4416901305611,-7.3682218535719
-71.4146901305611,-7.3682218535719
-71.3876901305611,-7.3682218535719
-71.3606901305611,-7.3682218535719
-71.3336901305611,-7.3682218535719
-71.2931901305611,-7.3448391785719
-71.2796901305611,-7.3214565035719
-71.2661901305611,-7.2980738285719
-71.2526901305611,-7.2746911535719
-71.2391901305611,-7.2513084785719
-71.2256901305611,-7.2279258035719
-71.2121901305611,-7.2045431285719
-71.1716901305611,-7.1811604535719
-71.2931901305611,-6.9707163785719
-71.5361901305610,-6.9707163785719
-71.6576901305611,-7.1811604535719
-71.5361901305610,-7.3916045285719
-71.2931901305611,-7.3916045285719
-71.1851901305611,-7.1577777785719
-71.1986901305611,-7.1343951035719
-71.2121901305611,-7.1110124285719
-71.2256901305611,-7.0876297535719
-71.2391901305611,-7.0642470785719
-71.2526901305611,-7.0408644035719
-71.2661901305611,-7.0174817285719
-71.2796901305611,-6.9940990535719
-71.3201901305611,-6.9707163785719
-71.3471901305611,-6.9707163785719
-71.3741901305611,-6.9707163785719
-71.4011901305611,-6.9707163785719
-71.4281901305611,-6.9707163785719
-71.4551901305611,-6.9707163785719
-71.4821901305611,-6.9707163785719
-71.5091901305610,-6.9707163785719
-71.5496901305610,-6.9940990535719
-71.5631901305610,-7.0174817285719
-71.5766901305610,-7.0408644035719
-71.5901901305611,-7.0642470785719
-71.6036901305611,-7.0876297535719
-71.6171901305611,-7.1110124285719
-71.6306901305611,-7.1343951035719
-71.6441901305611,-7.1577777785719
-71.6441901305611,-7.2045431285719
-71.6306901305611,-7.2279258035719
-71.6171901305611,-7.2513084785719
-71.6036901305611,-7.2746911535719
-71.5901901305611,-7.2980738285719
-71.5766901305610,-7.3214565035719
-71.5631901305610,-7.3448391785719
-71.5496901305610,-7.3682218535719
-71.5091901305610,-7.3916045285719
-71.4821901305611,-7.3916045285719
-71.4551901305611,-7.3916045285719
-71.4281901305611,-7.3916045285719
-71.4011901305611,-7.3916045285719
-71.3741901305611,-7.3916045285719
-71.3471901305611,-7.3916045285719
-71.3201901305611,-7.3916045285719
-71.2796901305611,-7.3682218535719
-71.2661901305611,-7.3448391785719
-71.2526901305611,-7.3214565035719
-71.2391901305611,-7.2980738285719
-71.2256901305611,-7.2746911535719
-71.2121901305611,-7.2513084785719
-71.1986901305611,-7.2279258035719
-71.1851901305611,-7.2045431285719
-71.1446901305611,-7.1811604535719
-71.2796901305611,-6.9473337035719
-71.6846901305611,-7.1811604535719
-71.5496901305610,-7.4149872035719
-71.2796901305611,-7.4149872035719
-71.1581901305611,-7.1577777785719
-71.1716901305611,-7.1343951035719
-71.1851901305611,-7.1110124285719
-71.1986901305611,-7.0876297535719
-71.2121901305611,-7.0642470785719
-71.2256901305611,-7.0408644035719
-71.2391901305611,-7.0174817285719
-71.2526901305611,-6.9940990535719
-71.2661901305611,-6.9707163785719
-71.3066901305611,-6.9473337035719
-71.3336901305611,-6.9473337035719
-71.3606901305611,-6.9473337035719
-71.3876901305611,-6.9473337035719
-71.4146901305611,-6.9473337035719
-71.4416901305611,-6.9473337035719
-71.4686901305611,-6.9473337035719
-71.4956901305610,-6.9473337035719
-71.5226901305610,-6.9473337035719
-71.5631901305610,-6.9707163785719
-71.5766901305610,-6.9940990535719
-71.5901901305610,-7.0174817285719
-71.6036901305610,-7.0408644035719
-71.6171901305611,-7.0642470785719
-71.6306901305611,-7.0876297535719
-71.6441901305611,-7.1110124285719
-71.6576901305611,-7.1343951035719
-71.6711901305611,-7.1577777785719
-71.6711901305611,-7.2045431285719
-71.6576901305611,-7.2279258035719
-71.6441901305611,-7.2513084785719
-71.6306901305611,-7.2746911535719
-71.6171901305611,-7.2980738285719
-71.6036901305610,-7.3214565035719
-71.5901901305610,-7.3448391785719
-71.5766901305610,-7.3682218535719
-71.5631901305610,-7.3916045285719
-71.5226901305610,-7.4149872035719
-71.4956901305610,-7.4149872035719
-71.4686901305611,-7.4149872035719
-71.4416901305611,-7.4149872035719
-71.4146901305611,-7.4149872035719
-71.3876901305611,-7.4149872035719
-71.3606901305611,-7.4149872035719
-71.3336901305611,-7.4149872035719
-71.3066901305611,-7.4149872035719
-71.2661901305611,-7.3916045285719
-71.2526901305611,-7.3682218535719
-71.2391901305611,-7.3448391785719
-71.2256901305611,-7.3214565035719
-71.2121901305611,-7.2980738285719
-71.1986901305611,-7.2746911535719
-71.1851901305611,-7.2513084785719
-71.1716901305611,-7.2279258035719
-71.1581901305611,-7.2045431285719
-71.1176901305611,-7.1811604535719
-71.2661901305612,-6.9239510285719
-71.7116901305611,-7.1811604535719
-71.5631901305610,-7.4383698785719
-71.2661901305612,-7.4383698785719
-71.1311901305611,-7.1577777785719
-71.1446901305611,-7.1343951035719
-71.1581901305611,-7.1110124285719
-71.1716901305611,-7.0876297535719
-71.1851901305611,-7.0642470785719
-71.1986901305611,-7.0408644035719
-71.2121901305611,-7.0174817285719
-71.2256901305611,-6.9940990535719
-71.2391901305611,-6.9707163785719
-71.2526901305611,-6.9473337035719
-71.2931901305611,-6.9239510285719
-71.3201901305611,-6.9239510285719
-71.3471901305611,-6.9239510285719
-71.3741901305611,-6.9239510285719
-71.4011901305611,-6.9239510285719
-71.4281901305611,-6.9239510285719
-71.4551901305611,-6.9239510285719
-71.4821901305611,-6.9239510285719
-71.5091901305610,-6.9239510285719
-71.5361901305610,-6.9239510285719
-71.5766901305610,-6.9473337035719
-71.5901901305610,-6.9707163785719
-71.6036901305610,-6.9940990535719
-71.6171901305610,-7.0174817285719
-71.6306901305610,-7.0408644035719
-71.6441901305611,-7.0642470785719
-71.6576901305611,-7.0876297535719
-71.6711901305611,-7.1110124285719
-71.6846901305611,-7.1343951035719
-71.6981901305611,-7.1577777785719
-71.6981901305611,-7.2045431285719
-71.6846901305611,-7.2279258035719
-71.6711901305611,-7.2513084785719
-71.6576901305611,-7.2746911535719
-71.6441901305611,-7.2980738285719
-71.6306901305610,-7.3214565035719
-71.6171901305610,-7.3448391785719
-71.6036901305610,-7.3682218535719
-71.5901901305610,-7.3916045285719
-71.5766901305610,-7.4149872035719
-71.5361901305610,-7.4383698785719
-71.5091901305610,-7.4383698785719
-71.4821901305611,-7.4383698785719
-71.4551901305611,-7.4383698785719
-71.4281901305611,-7.4383698785719
-71.4011901305611,-7.4383698785719
-71.3741901305611,-7.4383698785719
-71.3471901305611,-7.4383698785719
-71.3201901305611,-7.4383698785719
-71.2931901305611,-7.4383698785719
-71.2526901305611,-7.4149872035719
-71.2391901305611,-7.3916045285719
-71.2256901305611,-7.3682218535719
-71.2121901305611,-7.3448391785719
-71.1986901305611,-7.3214565035719
-71.1851901305611,-7.2980738285719
-71.1716901305611,-7.2746911535719
-71.1581901305611,-7.2513084785719
-71.1446901305611,-7.2279258035719
-71.1311901305611,-7.2045431285719
-71.0906901305611,-7.1811604535719
-71.2526901305612,-6.9005683535719
-71.7386901305611,-7.1811604535719
-71.5766901305610,-7.4617525535719
-71.2526901305612,-7.4617525535719
-71.1041901305611,-7.1577777785719
-71.1176901305611,-7.1343951035719
-71.1311901305611,-7.1110124285719
-71.1446901305611,-7.0876297535719
-71.1581901305611,-7.0642470785719
-71.1716901305611,-7.0408644035719
-71.1851901305611,-7.0174817285719
-71.1986901305611,-6.9940990535719
-71.2121901305611,-6.9707163785719
-71.2256901305611,-6.9473337035719
-71.2391901305612,-6.9239510285719
-71.2796901305611,-6.9005683535719
-71.3066901305611,-6.9005683535719
-71.3336901305611,-6.9005683535719
-71.3606901305611,-6.9005683535719
-71.3876901305611,-6.9005683535719
-71.4146901305611,-6.9005683535719
-71.4416901305611,-6.9005683535719
-71.4686901305611,-6.9005683535719
-71.4956901305610,-6.9005683535719
-71.5226901305610,-6.9005683535719
-71.6171901305610,-6.9707163785719
-71.6306901305610,-6.9940990535719
-71.6441901305610,-7.0174817285719
-71.6576901305611,-7.0408644035719
-71.6711901305611,-7.0642470785719
-71.6846901305611,-7.0876297535719
-71.6981901305611,-7.1110124285719
-71.7116901305611,-7.1343951035719
-71.7251901305611,-7.1577777785719
-71.7251901305611,-7.2045431285719
-71.7116901305611,-7.2279258035719
-71.6981901305611,-7.2513084785719
-71.6846901305611,-7.2746911535719
-71.6711901305611,-7.2980738285719
-71.6576901305611,-7.3214565035719
-71.6441901305610,-7.3448391785719
-71.6306901305610,-7.3682218535719
-71.6171901305610,-7.3916045285719
-71.6036901305610,-7.4149872035719
-71.5901901305610,-7.4383698785719
-71.5496901305610,-7.4617525535719
-71.5226901305610,-7.4617525535719
-71.4956901305610,-7.4617525535719
-71.4686901305611,-7.4617525535719
-71.4416901305611,-7.4617525535719
-71.4146901305611,-7.4617525535719
-71.3876901305611,-7.4617525535719
-71.3606901305611,-7.4617525535719
-71.3336901305611,-7.4617525535719
-71.3066901305611,-7.4617525535719
-71.2796901305611,-7.4617525535719
-71.2391901305612,-7.4383698785719
-71.2256901305611,-7.4149872035719
-71.2121901305611,-7.3916045285719
-71.1986901305611,-7.3682218535719
-71.1851901305611,-7.3448391785719
-71.1716901305611,-7.3214565035719
-71.1581901305611,-7.2980738285719
-71.1446901305611,-7.2746911535719
-71.1311901305611,-7.2513084785719
-71.1176901305611,-7.2279258035719
-71.1041901305611,-7.2045431285719
-71.0636901305611,-7.1811604535719
-71.2391901305612,-6.8771856785719
-71.7656901305611,-7.1811604535719
-71.5901901305610,-7.4851352285719
-71.2391901305612,-7.4851352285719
-71.0771901305611,-7.1577777785719
-71.0906901305611,-7.1343951035719
-71.1041901305611,-7.1110124285719
-71.1176901305611,-7.0876297535719
-71.1311901305611,-7.0642470785719
-71.1446901305611,-7.0408644035719
-71.1581901305611,-7.0174817285719
-71.1716901305611,-6.9940990535719
-71.1851901305611,-6.9707163785719
-71.1986901305611,-6.9473337035719
-71.2121901305612,-6.9239510285719
-71.2256901305612,-6.9005683535719
-71.2661901305612,-6.8771856785719
-71.2931901305611,-6.8771856785719
-71.3201901305611,-6.8771856785719
-71.3471901305611,-6.8771856785719
-71.3741901305611,-6.8771856785719
-71.4011901305611,-6.8771856785719
-71.4281901305611,-6.8771856785719
-71.4551901305611,-6.8771856785719
-71.4821901305611,-6.8771856785719
-71.5091901305610,-6.8771856785719
-71.5361901305610,-6.8771856785719
-71.6576901305610,-6.9940990535719
-71.6711901305610,-7.0174817285719
-71.6846901305611,-7.0408644035719
-71.6981901305611,-7.0642470785719
-71.7116901305611,-7.0876297535719
-71.7251901305611,-7.1110124285719
-71.7386901305611,-7.1343951035719
-71.7521901305611,-7.1577777785719
-71.7521901305611,-7.2045431285719
-71.7386901305611,-7.2279258035719
-71.7251901305611,-7.2513084785719
-71.7116901305611,-7.2746911535719
-71.6981901305611,-7.2980738285719
-71.6846901305611,-7.3214565035719
-71.6711901305610,-7.3448391785719
-71.6576901305610,-7.3682218535719
-71.6441901305610,-7.3916045285719
-71.6306901305610,-7.4149872035719
-71.6171901305610,-7.4383698785719
-71.6036901305610,-7.4617525535719
-71.5631901305610,-7.4851352285719
-71.5361901305610,-7.4851352285719
-71.5091901305610,-7.4851352285719
-71.4821901305611,-7.4851352285719
-71.4551901305611,-7.4851352285719
-71.4281901305611,-7.4851352285719
-71.4011901305611,-7.4851352285719
-71.3741901305611,-7.4851352285719
-71.3471901305611,-7.4851352285719
-71.3201901305611,-7.4851352285719
-71.2931901305611,-7.4851352285719
-71.2661901305612,-7.4851352285719
-71.2256901305612,-7.4617525535719
-71.2121901305612,-7.4383698785719
-71.1986901305611,-7.4149872035719
-71.1851901305611,-7.3916045285719
-71.1716901305611,-7.3682218535719
-71.1581901305611,-7.3448391785719
-71.1446901305611,-7.3214565035719
-71.1311901305611,-7.2980738285719
-71.1176901305611,-7.2746911535719
-71.1041901305611,-7.2513084785719
-71.0906901305611,-7.2279258035719
-71.0771901305611,-7.2045431285719
-71.0366901305611,-7.1811604535719
-71.2256901305612,-6.8538030035719
-71.7926901305611,-7.1811604535719
-71.6036901305610,-7.5085179035719
-71.2256901305612,-7.5085179035719
-71.0501901305611,-7.1577777785719
-71.0636901305611,-7.1343951035719
-71.0771901305611,-7.1110124285719
-71.0906901305611,-7.0876297535719
-71.1041901305611,-7.0642470785719
-71.1176901305611,-7.0408644035719
-71.1311901305611,-7.0174817285719
-71.1446901305611,-6.9940990535719
-71.1581901305611,-6.9707163785719
-71.1716901305611,-6.9473337035719
-71.1851901305612,-6.9239510285719
-71.1986901305612,-6.9005683535719
-71.2121901305612,-6.8771856785719
-71.2526901305612,-6.8538030035719
-71.2796901305611,-6.8538030035719
-71.3066901305611,-6.8538030035719
-71.3336901305611,-6.8538030035719
-71.3606901305611,-6.8538030035719
-71.3876901305611,-6.8538030035719
-71.4146901305611,-6.8538030035719
-71.4416901305611,-6.8538030035719
-71.4956901305610,-6.8538030035719
-71.6441901305610,-6.9239510285719
-71.6576901305610,-6.9473337035719
-71.6711901305610,-6.9707163785719
-71.6846901305610,-6.9940990535719
-71.6981901305610,-7.0174817285719
-71.7116901305611,-7.0408644035719
-71.7251901305611,-7.0642470785719
-71.7386901305611,-7.0876297535719
-71.7521901305611,-7.1110124285719
-71.7656901305611,-7.1343951035719
-71.7791901305611,-7.1577777785719
-71.7791901305611,-7.2045431285719
-71.7656901305611,-7.2279258035719
-71.7521901305611,-7.2513084785719
-71.7386901305611,-7.2746911535719
-71.7251901305611,-7.2980738285719
-71.7116901305611,-7.3214565035719
-71.6981901305610,-7.3448391785719
-71.6846901305610,-7.3682218535719
-71.6711901305610,-7.3916045285719
-71.6576901305610,-7.4149872035719
-71.6441901305610,-7.4383698785719
-71.6306901305610,-7.4617525535719
-71.6171901305610,-7.4851352285719
-71.5766901305610,-7.5085179035719
-71.5496901305610,-7.5085179035719
-71.5226901305610,-7.5085179035719
-71.4956901305610,-7.5085179035719
-71.4686901305611,-7.5085179035719
-71.4416901305611,-7.5085179035719
-71.4146901305611,-7.5085179035719
-71.3876901305611,-7.5085179035719
-71.3606901305611,-7.5085179035719
-71.3336901305611,-7.5085179035719
-71.3066901305611,-7.5085179035719
-71.2796901305611,-7.5085179035719
-71.2526901305612,-7.5085179035719
-71.2121901305612,-7.4851352285719
-71.1986901305612,-7.4617525535719
-71.1851901305612,-7.4383698785719
-71.1716901305611,-7.4149872035719
-71.1581901305611,-7.3916045285719
-71.1446901305611,-7.3682218535719
-71.1311901305611,-7.3448391785719
-71.1176901305611,-7.3214565035719
-71.1041901305611,-7.2980738285719
-71.0906901305611,-7.2746911535719
-71.0771901305611,-7.2513084785719
-71.0636901305611,-7.2279258035719
-71.0501901305611,-7.2045431285719
-71.0096901305611,-7.1811604535719
-71.2121901305612,-6.8304203285719
-71.8196901305611,-7.1811604535719
-71.6171901305610,-7.5319005785719
-71.2121901305612,-7.5319005785719
-71.0231901305611,-7.1577777785719
-71.0366901305611,-7.1343951035719
-71.0501901305611,-7.1110124285719
-71.0636901305611,-7.0876297535719
-71.0771901305611,-7.0642470785719
-71.0906901305611,-7.0408644035719
-71.1041901305611,-7.0174817285719
-71.1176901305611,-6.9940990535719
-71.1311901305611,-6.9707163785719
-71.1446901305611,-6.9473337035719
-71.1581901305612,-6.9239510285719
-71.1716901305612,-6.9005683535719
-71.1851901305612,-6.8771856785719
-71.1986901305612,-6.8538030035719
-71.2391901305612,-6.8304203285719
-71.2661901305612,-6.8304203285719
-71.2931901305611,-6.8304203285719
-71.3201901305611,-6.8304203285719
-71.3471901305611,-6.8304203285719
-71.3741901305611,-6.8304203285719
-71.4011901305611,-6.8304203285719
-71.4281901305611,-6.8304203285719
-71.6711901305610,-6.9239510285719
-71.6846901305610,-6.9473337035719
-71.6981901305610,-6.9707163785719
-71.7116901305610,-6.9940990535719
-71.7251901305610,-7.0174817285719
-71.7386901305611,-7.0408644035719
-71.7521901305611,-7.0642470785719
-71.7656901305611,-7.0876297535719
-71.7791901305611,-7.1110124285719
-71.7926901305611,-7.1343951035719
-71.8061901305611,-7.1577777785719
-71.8061901305611,-7.2045431285719
-71.7926901305611,-7.2279258035719
-71.7791901305611,-7.2513084785719
-71.7656901305611,-7.2746911535719
-71.7521901305611,-7.2980738285719
-71.7386901305611,-7.3214565035719
-71.7251901305610,-7.3448391785719
-71.7116901305610,-7.3682218535719
-71.6981901305610,-7.3916045285719
-71.6846901305610,-7.4149872035719
-71.6711901305610,-7.4383698785719
-71.6576901305610,-7.4617525535719
-71.6441901305610,-7.4851352285719
-71.6306901305610,-7.5085179035719
-71.5901901305610,-7.5319005785719
-71.5631901305610,-7.5319005785719
-71.5361901305610,-7.5319005785719
-71.5091901305610,-7.5319005785719
-71.4821901305611,-7.5319005785719
-71.4551901305611,-7.5319005785719
-71.4281901305611,-7.5319005785719
-71.4011901305611,-7.5319005785719
-71.3741901305611,-7.5319005785719
-71.3471901305611,-7.5319005785719
-71.3201901305611,-7.5319005785719
-71.2931901305611,-7.5319005785719
-71.2661901305612,-7.5319005785719
-71.2391901305612,-7.5319005785719
-71.1986901305612,-7.5085179035719
-71.1851901305612,-7.4851352285719
-71.1716901305612,-7.4617525535719
-71.1581901305612,-7.4383698785719
-71.1446901305611,-7.4149872035719
-71.1311901305611,-7.3916045285719
-71.1176901305611,-7.3682218535719
-71.1041901305611,-7.3448391785719
-71.0906901305611,-7.3214565035719
-71.0771901305611,-7.2980738285719
-71.0636901305611,-7.2746911535719
-71.0501901305611,-7.2513084785719
-71.0366901305611,-7.2279258035719
-71.0231901305611,-7.2045431285719
-70.9826901305611,-7.1811604535719
-71.1986901305612,-6.8070376535719
-71.8466901305611,-7.1811604535719
-71.6306901305610,-7.5552832535719
-70.9961901305611,-7.1577777785719
-71.0096901305611,-7.1343951035719
-71.0231901305611,-7.1110124285719
-71.0366901305611,-7.0876297535719
-71.0501901305611,-7.0642470785719
-71.0636901305611,-7.0408644035719
-71.0771901305611,-7.0174817285719
-71.0906901305611,-6.9940990535719
-71.1041901305611,-6.9707163785719
-71.1176901305611,-6.9473337035719
-71.1311901305612,-6.9239510285719
-71.1446901305612,-6.9005683535719
-71.1581901305612,-6.8771856785719
-71.1716901305612,-6.8538030035719
-71.1851901305612,-6.8304203285719
-71.2256901305612,-6.8070376535719
-71.2526901305612,-6.8070376535719
-71.2796901305611,-6.8070376535719
-71.3066901305611,-6.8070376535719
-71.3336901305611,-6.8070376535719
-71.3606901305611,-6.8070376535719
-71.3876901305611,-6.8070376535719
-71.4146901305611,-6.8070376535719
-71.4416901305611,-6.8070376535719
-71.6846901305610,-6.9005683535719
-71.6981901305610,-6.9239510285719
-71.7116901305610,-6.9473337035719
-71.7251901305610,-6.9707163785719
-71.7386901305610,-6.9940990535719
-71.7521901305610,-7.0174817285719
-71.7656901305611,-7.0408644035719
-71.7791901305611,-7.0642470785719
-71.7926901305611,-7.0876297535719
-71.8061901305611,-7.1110124285719
-71.8196901305611,-7.1343951035719
-71.8331901305611,-7.1577777785719
-71.8331901305611,-7.2045431285719
-71.8196901305611,-7.2279258035719
-71.8061901305611,-7.2513084785719
-71.7926901305611,-7.2746911535719
-71.7791901305611,-7.2980738285719
-71.7656901305611,-7.3214565035719
-71.7521901305610,-7.3448391785719
-71.7386901305610,-7.3682218535719
-71.7251901305610,-7.3916045285719
-71.7116901305610,-7.4149872035719
-71.6981901305610,-7.4383698785719
-71.6846901305610,-7.4617525535719
-71.6711901305610,-7.4851352285719
-71.6576901305610,-7.5085179035719
-71.6441901305610,-7.5319005785719
-71.6036901305610,-7.5552832535719
-71.5766901305610,-7.5552832535719
-71.5496901305610,-7.5552832535719
-71.5226901305610,-7.5552832535719
-71.4956901305610,-7.5552832535719
-71.4686901305611,-7.5552832535719
-71.4416901305611,-7.5552832535719
-71.4146901305611,-7.5552832535719
-71.3876901305611,-7.5552832535719
-71.3606901305611,-7.5552832535719
-71.3336901305611,-7.5552832535719
-71.3066901305611,-7.5552832535719
-71.2796901305611,-7.5552832535719
-71.2526901305612,-7.5552832535719
-71.2256901305612,-7.5552832535719
-71.1851901305612,-7.5319005785719
-71.1446901305612,-7.4617525535719
-71.1311901305612,-7.4383698785719
-71.1176901305611,-7.4149872035719
-71.1041901305611,-7.3916045285719
-71.0906901305611,-7.3682218535719
-71.0771901305611,-7.3448391785719
-71.0636901305611,-7.3214565035719
-71.0501901305611,-7.2980738285719
-71.0366901305611,-7.2746911535719
-71.0231901305611,-7.2513084785719
-71.0096901305611,-7.2279258035719
-70.9961901305611,-7.2045431285719
-70.9556901305611,-7.1811604535719
-71.1851901305612,-6.7836549785719
-71.8736901305611,-7.1811604535719
-71.6441901305610,-7.5786659285719
-70.9691901305611,-7.1577777785719
-70.9826901305611,-7.1343951035719
-70.9961901305611,-7.1110124285719
-71.0096901305611,-7.0876297535719
-71.0231901305611,-7.0642470785719
-71.0366901305611,-7.0408644035719
-71.0501901305611,-7.0174817285719
-71.0636901305611,-6.9940990535719
-71.0771901305611,-6.9707163785719
-71.0906901305611,-6.9473337035719
-71.1041901305612,-6.9239510285719
-71.1176901305612,-6.9005683535719
-71.1311901305612,-6.8771856785719
-71.1446901305612,-6.8538030035719
-71.1581901305612,-6.8304203285719
-71.1716901305612,-6.8070376535719
-71.2121901305612,-6.7836549785719
-71.2391901305612,-6.7836549785719
-71.2661901305612,-6.7836549785719
-71.2931901305611,-6.7836549785719
-71.3201901305611,-6.7836549785719
-71.3471901305611,-6.7836549785719
-71.3741901305611,-6.7836549785719
-71.4011901305611,-6.7836549785719
-71.7251901305610,-6.9239510285719
-71.7386901305610,-6.9473337035719
-71.7521901305610,-6.9707163785719
-71.7656901305610,-6.9940990535719
-71.7791901305610,-7.0174817285719
-71.7926901305611,-7.0408644035719
-71.8061901305611,-7.0642470785719
-71.8196901305611,-7.0876297535719
-71.8331901305611,-7.1110124285719
-71.8466901305611,-7.1343951035719
-71.8601901305611,-7.1577777785719
-71.8601901305611,-7.2045431285719
-71.8466901305611,-7.2279258035719
-71.8331901305611,-7.2513084785719
-71.8196901305611,-7.2746911535719
-71.8061901305611,-7.2980738285719
-71.7926901305611,-7.3214565035719
-71.7791901305610,-7.3448391785719
-71.7656901305610,-7.3682218535719
-71.7521901305610,-7.3916045285719
-71.7386901305610,-7.4149872035719
-71.7251901305610,-7.4383698785719
-71.7116901305610,-7.4617525535719
-71.6981901305610,-7.4851352285719
-71.6846901305610,-7.5085179035719
-71.6711901305610,-7.5319005785719
-71.6576901305610,-7.5552832535719
-71.6171901305610,-7.5786659285719
-71.5901901305610,-7.5786659285719
-71.5631901305610,-7.5786659285719
-71.5361901305610,-7.5786659285719
-71.5091901305610,-7.5786659285719
-71.4821901305611,-7.5786659285719
-71.4551901305611,-7.5786659285719
-71.4281901305611,-7.5786659285719
-71.4011901305611,-7.5786659285719
-71.3741901305611,-7.5786659285719
-71.3471901305611,-7.5786659285719
-71.3201901305611,-7.5786659285719
-71.2931901305611,-7.5786659285719
-71.2661901305612,-7.5786659285719
-71.1041901305612,-7.4383698785719
-71.0906901305611,-7.4149872035719
-71.0771901305611,-7.3916045285719
-71.0636901305611,-7.3682218535719
-71.0501901305611,-7.3448391785719
-71.0366901305611,-7.3214565035719
-71.0231901305611,-7.2980738285719
-71.0096901305611,-7.2746911535719
-70.9961901305611,-7.2513084785719
-70.9826901305611,-7.2279258035719
-70.9691901305611,-7.2045431285719
-70.9286901305611,-7.1811604535719
-71.1716901305612,-6.7602723035719
-71.9006901305611,-7.1811604535719
-71.6576901305610,-7.6020486035719
-70.9421901305611,-7.1577777785719
-70.9556901305611,-7.1343951035719
-70.9691901305611,-7.1110124285719
-70.9826901305611,-7.0876297535719
-70.9961901305611,-7.0642470785719
-71.0096901305611,-7.0408644035719
-71.0231901305611,-7.0174817285719
-71.0366901305611,-6.9940990535719
-71.0501901305611,-6.9707163785719
-71.0636901305611,-6.9473337035719
-71.0771901305611,-6.9239510285719
-71.0906901305612,-6.9005683535719
-71.1041901305612,-6.8771856785719
-71.1176901305612,-6.8538030035719
-71.1311901305612,-6.8304203285719
-71.1446901305612,-6.8070376535719
-71.1581901305612,-6.7836549785719
-71.1986901305612,-6.7602723035719
-71.2256901305612,-6.7602723035719
-71.2526901305612,-6.7602723035719
-71.2796901305611,-6.7602723035719
-71.3066901305611,-6.7602723035719
-71.3336901305611,-6.7602723035719
-71.3606901305611,-6.7602723035719
-71.7521901305610,-6.9239510285719
-71.7656901305610,-6.9473337035719
-71.7791901305610,-6.9707163785719
-71.7926901305610,-6.9940990535719
-71.8061901305610,-7.0174817285719
-71.8196901305611,-7.0408644035719
-71.8331901305611,-7.0642470785719
-71.8466901305611,-7.0876297535719
-71.8601901305611,-7.1110124285719
-71.8736901305611,-7.1343951035719
-71.8871901305611,-7.1577777785719
-71.8871901305611,-7.2045431285719
-71.8736901305611,-7.2279258035719
-71.8601901305611,-7.2513084785719
-71.8466901305611,-7.2746911535719
-71.8331901305611,-7.2980738285719
-71.8196901305611,-7.3214565035719
-71.8061901305610,-7.3448391785719
-71.7926901305610,-7.3682218535719
-71.7791901305610,-7.3916045285719
-71.7656901305610,-7.4149872035719
-71.7521901305610,-7.4383698785719
-71.7386901305610,-7.4617525535719
-71.7251901305610,-7.4851352285719
-71.7116901305610,-7.5085179035719
-71.6981901305610,-7.5319005785719
-71.6846901305610,-7.5552832535719
-71.6711901305610,-7.5786659285719
-71.6306901305610,-7.6020486035719
-71.6036901305610,-7.6020486035719
-71.5766901305610,-7.6020486035719
-71.5496901305610,-7.6020486035719
-71.5226901305610,-7.6020486035719
-71.4956901305610,-7.6020486035719
-71.4686901305611,-7.6020486035719
-71.4416901305611,-7.6020486035719
-71.4146901305611,-7.6020486035719
-71.3876901305611,-7.6020486035719
-71.3606901305611,-7.6020486035719
-71.3336901305611,-7.6020486035719
-71.3066901305611,-7.6020486035719
-71.2796901305611,-7.6020486035719
-71.0096901305611,-7.3214565035719
-70.9691901305611,-7.2513084785719
-70.9556901305611,-7.2279258035719
-70.9421901305611,-7.2045431285719
-70.9016901305611,-7.1811604535719
-71.1581901305612,-6.7368896285719
-71.9276901305611,-7.1811604535719
-71.6711901305610,-7.6254312785719
-70.9151901305611,-7.1577777785719
-70.9286901305611,-7.1343951035719
-70.9421901305611,-7.1110124285719
-70.9556901305611,-7.0876297535719
-70.9691901305611,-7.0642470785719
-70.9826901305611,-7.0408644035719
-70.9961901305611,-7.0174817285719
-71.0096901305611,-6.9940990535719
-71.0231901305611,-6.9707163785719
-71.0366901305611,-6.9473337035719
-71.0501901305611,-6.9239510285719
-71.0636901305612,-6.9005683535719
-71.0771901305612,-6.8771856785719
-71.0906901305612,-6.8538030035719
-71.1041901305612,-6.8304203285719
-71.1176901305612,-6.8070376535719
-71.1311901305612,-6.7836549785719
-71.1446901305612,-6.7602723035719
-71.1851901305612,-6.7368896285719
-71.2121901305612,-6.7368896285719
-71.2391901305612,-6.7368896285719
-71.2661901305612,-6.7368896285719
-71.2931901305611,-6.7368896285719
-71.3201901305611,-6.7368896285719
-71.3471901305611,-6.7368896285719
-71.3741901305611,-6.7368896285719
-71.7791901305610,-6.9239510285719
-71.7926901305610,-6.9473337035719
-71.8196901305610,-6.9940990535719
-71.8331901305611,-7.0174817285719
-71.8466901305611,-7.0408644035719
-71.8601901305611,-7.0642470785719
-71.8736901305611,-7.0876297535719
-71.8871901305611,-7.1110124285719
-71.9006901305611,-7.1343951035719
-71.9141901305611,-7.1577777785719
-71.9141901305611,-7.2045431285719
-71.9006901305611,-7.2279258035719
-71.8871901305611,-7.2513084785719
-71.8736901305611,-7.2746911535719
-71.8601901305611,-7.2980738285719
-71.8466901305611,-7.3214565035719
-71.8331901305611,-7.3448391785719
-71.8196901305610,-7.3682218535719
-71.8061901305610,-7.3916045285719
-71.7926901305610,-7.4149872035719
-71.7791901305610,-7.4383698785719
-71.7656901305610,-7.4617525535719
-71.7521901305610,-7.4851352285719
-71.7386901305610,-7.5085179035719
-71.7251901305610,-7.5319005785719
-71.7116901305610,-7.5552832535719
-71.6981901305610,-7.5786659285719
-71.6846901305610,-7.6020486035719
-71.6441901305610,-7.6254312785719
-71.6171901305610,-7.6254312785719
-71.5901901305610,-7.6254312785719
-71.5631901305610,-7.6254312785719
-71.5361901305610,-7.6254312785719
-71.5091901305610,-7.6254312785719
-71.4821901305611,-7.6254312785719
-71.4551901305611,-7.6254312785719
-71.4281901305611,-7.6254312785719
-71.4011901305611,-7.6254312785719
-71.3741901305611,-7.6254312785719
-71.3471901305611,-7.6254312785719
-71.3201901305611,-7.6254312785719
-70.9421901305611,-7.2513084785719
-70.9286901305611,-7.2279258035719
-70.9151901305611,-7.2045431285719
-70.8746901305611,-7.1811604535719
-71.1446901305612,-6.7135069535719
-71.9546901305611,-7.1811604535719
-71.6846901305610,-7.6488139535719
-70.8881901305611,-7.1577777785719
-70.9016901305611,-7.1343951035719
-70.9151901305611,-7.1110124285719
-70.9286901305611,-7.0876297535719
-70.9421901305611,-7.0642470785719
-70.9556901305611,-7.0408644035719
-70.9691901305611,-7.0174817285719
-70.9826901305611,-6.9940990535719
-70.9961901305611,-6.9707163785719
-71.0096901305611,-6.9473337035719
-71.0231901305611,-6.9239510285719
-71.0366901305612,-6.9005683535719
-71.0501901305612,-6.8771856785719
-71.0636901305612,-6.8538030035719
-71.0771901305612,-6.8304203285719
-71.0906901305612,-6.8070376535719
-71.1041901305612,-6.7836549785719
-71.1176901305612,-6.7602723035719
-71.1311901305612,-6.7368896285719
-71.1716901305612,-6.7135069535719
-71.3066901305611,-6.7135069535719
-71.3336901305611,-6.7135069535719
-71.3606901305611,-6.7135069535719
-71.8601901305611,-7.0174817285719
-71.8736901305611,-7.0408644035719
-71.8871901305611,-7.0642470785719
-71.9006901305611,-7.0876297535719
-71.9141901305611,-7.1110124285719
-71.9276901305611,-7.1343951035719
-71.9411901305611,-7.1577777785719
-71.9411901305611,-7.2045431285719
-71.9276901305611,-7.2279258035719
-71.9141901305611,-7.2513084785719
-71.9006901305611,-7.2746911535719
-71.8871901305611,-7.2980738285719
-71.8736901305611,-7.3214565035719
-71.8601901305611,-7.3448391785719
-71.8466901305610,-7.3682218535719
-71.8331901305610,-7.3916045285719
-71.8196901305610,-7.4149872035719
-71.8061901305610,-7.4383698785719
-71.7926901305610,-7.4617525535719
-71.7791901305610,-7.4851352285719
-71.7656901305610,-7.5085179035719
-71.7521901305610,-7.5319005785719
-71.7386901305610,-7.5552832535719
-71.7251901305610,-7.5786659285719
-71.7116901305610,-7.6020486035719
-71.6981901305610,-7.6254312785719
-71.6576901305610,-7.6488139535719
-71.6306901305610,-7.6488139535719
-71.6036901305610,-7.6488139535719
-71.5766901305610,-7.6488139535719
-71.5496901305610,-7.6488139535719
-71.5226901305610,-7.6488139535719
-71.4956901305610,-7.6488139535719
-71.4686901305611,-7.6488139535719
-71.4416901305611,-7.6488139535719
-71.4146901305611,-7.6488139535719
-71.3876901305611,-7.6488139535719
-71.3606901305611,-7.6488139535719
-71.3336901305611,-7.6488139535719
-70.9151901305611,-7.2513084785719
-70.9016901305611,-7.2279258035719
-70.8881901305611,-7.2045431285719
-70.8476901305611,-7.1811604535719
-71.9816901305611,-7.1811604535719
-70.8611901305611,-7.1577777785719
-70.8746901305611,-7.1343951035719
-70.8881901305611,-7.1110124285719
-70.9016901305611,-7.0876297535719
-70.9151901305611,-7.0642470785719
-70.9286901305611,-7.0408644035719
-70.9421901305611,-7.0174817285719
-70.9556901305611,-6.9940990535719
-70.9691901305611,-6.9707163785719
-70.9826901305611,-6.9473337035719
-70.9961901305611,-6.9239510285719
-71.0096901305612,-6.9005683535719
-71.0231901305612,-6.8771856785719
-71.0366901305612,-6.8538030035719
-71.0501901305612,-6.8304203285719
-71.0636901305612,-6.8070376535719
-71.0771901305612,-6.7836549785719
-71.0906901305612,-6.7602723035719
-71.1041901305612,-6.7368896285719
-71.1176901305612,-6.7135069535719
-71.3201901305611,-6.6901242785719
-71.3471901305611,-6.6901242785719
-71.8871901305611,-7.0174817285719
-71.9006901305611,-7.0408644035719
-71.9141901305611,-7.0642470785719
-71.9276901305611,-7.0876297535719
-71.9411901305611,-7.1110124285719
-71.9546901305611,-7.1343951035719
-71.9681901305611,-7.1577777785719
-71.9681901305611,-7.2045431285719
-71.9546901305611,-7.2279258035719
-71.9411901305611,-7.2513084785719
-71.9276901305611,-7.2746911535719
-71.9141901305611,-7.2980738285719
-71.9006901305611,-7.3214565035719
-71.8871901305611,-7.3448391785719
-71.8736901305610,-7.3682218535719
-71.8601901305610,-7.3916045285719
-71.8466901305610,-7.4149872035719
-71.8331901305610,-7.4383698785719
-71.8196901305610,-7.4617525535719
-71.8061901305610,-7.4851352285719
-71.7926901305610,-7.5085179035719
-71.7791901305610,-7.5319005785719
-71.7656901305610,-7.5552832535719
-71.7521901305610,-7.5786659285719
-71.7386901305610,-7.6020486035719
-71.7251901305610,-7.6254312785719
-71.7116901305610,-7.6488139535719
-71.5361901305610,-7.6721966285719
-71.5091901305610,-7.6721966285719
-71.4821901305611,-7.6721966285719
-71.4551901305611,-7.6721966285719
-71.4281901305611,-7.6721966285719
-71.4011901305611,-7.6721966285719
-71.3741901305611,-7.6721966285719
-70.8611901305611,-7.2045431285719
-72.0086901305611,-7.1811604535719
-70.8341901305611,-7.1577777785719
-70.8476901305611,-7.1343951035719
-70.8611901305611,-7.1110124285719
-70.8746901305611,-7.0876297535719
-70.8881901305611,-7.0642470785719
-70.9016901305611,-7.0408644035719
-70.9151901305611,-7.0174817285719
-70.9286901305611,-6.9940990535719
-70.9421901305611,-6.9707163785719
-70.9556901305611,-6.9473337035719
-70.9691901305611,-6.9239510285719
-70.9826901305612,-6.9005683535719
-70.9961901305612,-6.8771856785719
-71.0096901305612,-6.8538030035719
-71.0231901305612,-6.8304203285719
-71.0366901305612,-6.8070376535719
-71.0501901305612,-6.7836549785719
-71.0636901305612,-6.7602723035719
-71.0771901305612,-6.7368896285719
-71.0906901305612,-6.7135069535719
-71.1041901305612,-6.6901242785719
-71.9006901305610,-6.9940990535719
-71.9141901305611,-7.0174817285719
-71.9276901305611,-7.0408644035719
-71.9411901305611,-7.0642470785719
-71.9546901305611,-7.0876297535719
-71.9681901305611,-7.1110124285719
-71.9816901305611,-7.1343951035719
-71.9951901305611,-7.1577777785719
-71.9951901305611,-7.2045431285719
-71.9816901305611,-7.2279258035719
-71.9681901305611,-7.2513084785719
-71.9546901305611,-7.2746911535719
-71.9411901305611,-7.2980738285719
-71.9276901305611,-7.3214565035719
-71.9141901305611,-7.3448391785719
-71.9006901305610,-7.3682218535719
-71.8871901305610,-7.3916045285719
-71.8736901305610,-7.4149872035719
-71.8601901305610,-7.4383698785719
-71.8466901305610,-7.4617525535719
-71.8331901305610,-7.4851352285719
-71.8196901305610,-7.5085179035719
-71.8061901305610,-7.5319005785719
-71.7926901305610,-7.5552832535719
-71.7791901305610,-7.5786659285719
-71.7656901305610,-7.6020486035719
-71.7521901305610,-7.6254312785719
-71.7386901305610,-7.6488139535719
-72.0356901305611,-7.1811604535719
-70.8071901305611,-7.1577777785719
-70.8206901305611,-7.1343951035719
-70.8341901305611,-7.1110124285719
-70.8476901305611,-7.0876297535719
-70.8611901305611,-7.0642470785719
-70.8746901305611,-7.0408644035719
-70.8881901305611,-7.0174817285719
-70.9016901305611,-6.9940990535719
-70.9151901305611,-6.9707163785719
-70.9286901305611,-6.9473337035719
-70.9421901305611,-6.9239510285719
-70.9556901305612,-6.9005683535719
-70.9691901305612,-6.8771856785719
-70.9826901305612,-6.8538030035719
-70.9961901305612,-6.8304203285719
-71.0096901305612,-6.8070376535719
-71.0231901305612,-6.7836549785719
-71.0366901305612,-6.7602723035719
-71.0501901305612,-6.7368896285719
-71.0636901305612,-6.7135069535719
-71.0771901305612,-6.6901242785719
-71.0906901305612,-6.6667416035719
-71.9276901305610,-6.9940990535719
-71.9411901305611,-7.0174817285719
-71.9546901305611,-7.0408644035719
-71.9681901305611,-7.0642470785719
-71.9816901305611,-7.0876297535719
-71.9951901305611,-7.1110124285719
-72.0086901305611,-7.1343951035719
-72.0221901305611,-7.1577777785719
-72.0221901305611,-7.2045431285719
-72.0086901305611,-7.2279258035719
-71.9951901305611,-7.2513084785719
-71.9816901305611,-7.2746911535719
-71.9681901305611,-7.2980738285719
-71.9546901305611,-7.3214565035719
-71.9411901305611,-7.3448391785719
-71.9276901305610,-7.3682218535719
-71.9141901305610,-7.3916045285719
-71.9006901305610,-7.4149872035719
-71.8871901305610,-7.4383698785719
-71.8736901305610,-7.4617525535719
-71.8601901305610,-7.4851352285719
-71.8466901305610,-7.5085179035719
-71.8331901305610,-7.5319005785719
-71.8196901305610,-7.5552832535719
-71.8061901305610,-7.5786659285719
-71.7926901305610,-7.6020486035719
-71.7791901305610,-7.6254312785719
-70.7936901305611,-7.1343951035719
-70.8071901305611,-7.1110124285719
-70.8206901305611,-7.0876297535719
-70.8341901305611,-7.0642470785719
-70.8476901305611,-7.0408644035719
-70.8611901305611,-7.0174817285719
-70.8746901305611,-6.9940990535719
-70.8881901305611,-6.9707163785719
-70.9016901305611,-6.9473337035719
-70.9151901305611,-6.9239510285719
-70.9286901305612,-6.9005683535719
-70.9421901305612,-6.8771856785719
-70.9556901305612,-6.8538030035719
-70.9691901305612,-6.8304203285719
-70.9826901305612,-6.8070376535719
-70.9961901305612,-6.7836549785719
-71.0096901305612,-6.7602723035719
-71.0231901305612,-6.7368896285719
-71.0366901305612,-6.7135069535719
-71.0501901305612,-6.6901242785719
-71.0636901305612,-6.6667416035719
-71.9681901305611,-7.0174817285719
-72.0221901305611,-7.1110124285719
-72.0356901305611,-7.1343951035719
-72.0491901305611,-7.1577777785719
-72.0491901305611,-7.2045431285719
-72.0356901305611,-7.2279258035719
-72.0221901305611,-7.2513084785719
-72.0086901305611,-7.2746911535719
-71.9951901305611,-7.2980738285719
-71.9816901305611,-7.3214565035719
-71.9681901305611,-7.3448391785719
-71.9546901305610,-7.3682218535719
-71.9411901305610,-7.3916045285719
-71.9276901305610,-7.4149872035719
-71.9141901305610,-7.4383698785719
-71.9006901305610,-7.4617525535719
-71.8871901305610,-7.4851352285719
-71.8736901305610,-7.5085179035719
-71.8601901305610,-7.5319005785719
-71.8466901305610,-7.5552832535719
-71.8331901305610,-7.5786659285719
-71.8196901305610,-7.6020486035719
-71.8061901305610,-7.6254312785719
-70.7801901305611,-7.1110124285719
-70.7936901305611,-7.0876297535719
-70.8071901305611,-7.0642470785719
-70.8206901305611,-7.0408644035719
-70.8341901305611,-7.0174817285719
-70.8476901305611,-6.9940990535719
-70.8611901305611,-6.9707163785719
-70.8746901305611,-6.9473337035719
-70.8881901305611,-6.9239510285719
-70.9016901305611,-6.9005683535719
-70.9151901305612,-6.8771856785719
-70.9286901305612,-6.8538030035719
-70.9421901305612,-6.8304203285719
-70.9556901305612,-6.8070376535719
-70.9691901305612,-6.7836549785719
-70.9826901305612,-6.7602723035719
-70.9961901305612,-6.7368896285719
-71.0096901305612,-6.7135069535719
-71.0231901305612,-6.6901242785719
-71.0366901305612,-6.6667416035719
-72.0491901305611,-7.1110124285719
-72.0491901305611,-7.2513084785719
-72.0356901305611,-7.2746911535719
-72.0221901305611,-7.2980738285719
-72.0086901305611,-7.3214565035719
-71.9951901305611,-7.3448391785719
-71.9816901305610,-7.3682218535719
-71.9681901305610,-7.3916045285719
-71.9546901305610,-7.4149872035719
-71.9411901305610,-7.4383698785719
-71.9276901305610,-7.4617525535719
-71.9141901305610,-7.4851352285719
-71.9006901305610,-7.5085179035719
-71.8871901305610,-7.5319005785719
-71.8736901305610,-7.5552832535719
-71.8601901305610,-7.5786659285719
-71.8466901305610,-7.6020486035719
-71.8331901305610,-7.6254312785719
-70.7666901305611,-7.0876297535719
-70.7801901305611,-7.0642470785719
-70.7936901305611,-7.0408644035719
-70.8071901305611,-7.0174817285719
-70.8206901305611,-6.9940990535719
-70.8341901305611,-6.9707163785719
-70.8476901305611,-6.9473337035719
-70.8611901305611,-6.9239510285719
-70.8746901305611,-6.9005683535719
-70.8881901305612,-6.8771856785719
-70.9016901305612,-6.8538030035719
-70.9151901305612,-6.8304203285719
-70.9286901305612,-6.8070376535719
-70.9421901305612,-6.7836549785719
-70.9556901305612,-6.7602723035719
-70.9691901305612,-6.7368896285719
-70.9826901305612,-6.7135069535719
-70.9961901305612,-6.6901242785719
-71.0096901305612,-6.6667416035719
-72.0626901305611,-7.2746911535719
-72.0491901305611,-7.2980738285719
-72.0356901305611,-7.3214565035719
-72.0221901305611,-7.3448391785719
-72.0086901305610,-7.3682218535719
-71.9951901305610,-7.3916045285719
-71.9816901305610,-7.4149872035719
-71.9681901305610,-7.4383698785719
-71.9546901305610,-7.4617525535719
-71.9411901305610,-7.4851352285719
-71.9276901305610,-7.5085179035719
-71.9141901305610,-7.5319005785719
-71.9006901305610,-7.5552832535719
-71.8871901305610,-7.5786659285719
-71.8736901305610,-7.6020486035719
-71.8601901305610,-7.6254312785719
-70.7531901305611,-7.0642470785719
-70.7666901305611,-7.0408644035719
-70.7801901305611,-7.0174817285719
-70.7936901305611,-6.9940990535719
-70.8071901305611,-6.9707163785719
-70.8206901305611,-6.9473337035719
-70.8341901305611,-6.9239510285719
-70.8476901305611,-6.9005683535719
-70.8611901305612,-6.8771856785719
-70.8746901305612,-6.8538030035719
-70.8881901305612,-6.8304203285719
-70.9016901305612,-6.8070376535719
-70.9151901305612,-6.7836549785719
-70.9286901305612,-6.7602723035719
-70.9421901305612,-6.7368896285719
-70.9556901305612,-6.7135069535719
-70.9691901305612,-6.6901242785719
-70.9826901305612,-6.6667416035719
-72.0896901305611,-7.2746911535719
-72.0761901305611,-7.2980738285719
-72.0626901305611,-7.3214565035719
-72.0491901305611,-7.3448391785719
-72.0356901305611,-7.3682218535719
-72.0221901305610,-7.3916045285719
-72.0086901305610,-7.4149872035719
-71.9951901305610,-7.4383698785719
-71.9816901305610,-7.4617525535719
-71.9681901305610,-7.4851352285719
-71.9546901305610,-7.5085179035719
-71.9411901305610,-7.5319005785719
-71.9276901305610,-7.5552832535719
-71.9141901305610,-7.5786659285719
-71.9006901305610,-7.6020486035719
-71.8871901305610,-7.6254312785719
-70.7396901305611,-7.0408644035719
-70.7531901305611,-7.0174817285719
-70.7666901305611,-6.9940990535719
-70.7801901305611,-6.9707163785719
-70.7936901305611,-6.9473337035719
-70.8071901305611,-6.9239510285719
-70.8206901305611,-6.9005683535719
-70.8341901305612,-6.8771856785719
-70.8476901305612,-6.8538030035719
-70.8611901305612,-6.8304203285719
-70.8746901305612,-6.8070376535719
-70.8881901305612,-6.7836549785719
-70.9016901305612,-6.7602723035719
-70.9151901305612,-6.7368896285719
-70.9286901305612,-6.7135069535719
-70.9421901305612,-6.6901242785719
-72.1031901305611,-7.2980738285719
-72.0896901305611,-7.3214565035719
-72.0761901305611,-7.3448391785719
-72.0626901305611,-7.3682218535719
-72.0491901305610,-7.3916045285719
-72.0356901305610,-7.4149872035719
-72.0221901305610,-7.4383698785719
-72.0086901305610,-7.4617525535719
-71.9951901305610,-7.4851352285719
-71.9816901305610,-7.5085179035719
-71.9681901305610,-7.5319005785719
-71.9546901305610,-7.5552832535719
-71.9411901305610,-7.5786659285719
-71.9276901305610,-7.6020486035719
-71.9141901305610,-7.6254312785719
-70.7126901305611,-7.0408644035719
-70.7261901305611,-7.0174817285719
-70.7396901305611,-6.9940990535719
-70.7531901305611,-6.9707163785719
-70.7666901305611,-6.9473337035719
-70.7801901305611,-6.9239510285719
-70.7936901305611,-6.9005683535719
-70.8071901305612,-6.8771856785719
-70.8206901305612,-6.8538030035719
-70.8341901305612,-6.8304203285719
-70.8476901305612,-6.8070376535719
-70.8611901305612,-6.7836549785719
-70.8746901305612,-6.7602723035719
-70.8881901305612,-6.7368896285719
-70.9016901305612,-6.7135069535719
-72.1301901305611,-7.2980738285719
-72.1166901305611,-7.3214565035719
-72.1031901305611,-7.3448391785719
-72.0896901305611,-7.3682218535719
-72.0761901305610,-7.3916045285719
-72.0626901305610,-7.4149872035719
-72.0491901305610,-7.4383698785719
-72.0356901305610,-7.4617525535719
-72.0221901305610,-7.4851352285719
-72.0086901305610,-7.5085179035719
-71.9951901305610,-7.5319005785719
-71.9816901305610,-7.5552832535719
-71.9681901305610,-7.5786659285719
-71.9546901305610,-7.6020486035719
-71.9411901305610,-7.6254312785719
-70.7126901305611,-6.9940990535719
-70.7261901305611,-6.9707163785719
-70.7396901305611,-6.9473337035719
-70.7531901305611,-6.9239510285719
-70.7666901305611,-6.9005683535719
-70.7801901305612,-6.8771856785719
-70.7936901305612,-6.8538030035719
-70.8071901305612,-6.8304203285719
-70.8206901305612,-6.8070376535719
-70.8341901305612,-6.7836549785719
-70.8476901305612,-6.7602723035719
-70.8611901305612,-6.7368896285719
-72.1436901305611,-7.3214565035719
-72.1301901305611,-7.3448391785719
-72.1166901305611,-7.3682218535719
-72.1031901305610,-7.3916045285719
-72.0896901305610,-7.4149872035719
-72.0761901305610,-7.4383698785719
-72.0626901305610,-7.4617525535719
-72.0491901305610,-7.4851352285719
-72.0356901305610,-7.5085179035719
-72.0221901305610,-7.5319005785719
-72.0086901305610,-7.5552832535719
-71.9951901305610,-7.5786659285719
-71.9816901305610,-7.6020486035719
-70.7126901305611,-6.9473337035719
-70.7261901305611,-6.9239510285719
-70.7396901305611,-6.9005683535719
-70.7531901305612,-6.8771856785719
-70.7666901305612,-6.8538030035719
-70.7801901305612,-6.8304203285719
-70.7936901305612,-6.8070376535719
-70.8071901305612,-6.7836549785719
-70.8206901305612,-6.7602723035719
-70.8341901305612,-6.7368896285719
-72.1571901305611,-7.3448391785719
-72.1436901305611,-7.3682218535719
-72.1301901305610,-7.3916045285719
-72.1166901305610,-7.4149872035719
-72.1031901305610,-7.4383698785719
-72.0896901305610,-7.4617525535719
-72.0761901305610,-7.4851352285719
-72.0626901305610,-7.5085179035719
-72.0491901305610,-7.5319005785719
-72.0356901305610,-7.5552832535719
-72.0221901305610,-7.5786659285719
-72.0086901305610,-7.6020486035719
-70.7126901305611,-6.9005683535719
-70.7261901305612,-6.8771856785719
-70.7396901305612,-6.8538030035719
-70.7531901305612,-6.8304203285719
-70.7666901305612,-6.8070376535719
-70.7801901305612,-6.7836549785719
-70.7936901305612,-6.7602723035719
-70.8071901305612,-6.7368896285719
-72.1436901305610,-7.4149872035719
-72.1301901305610,-7.4383698785719
-72.1166901305610,-7.4617525535719
-72.1031901305610,-7.4851352285719
-72.0896901305610,-7.5085179035719
-72.0761901305610,-7.5319005785719
-72.0626901305610,-7.5552832535719
-72.0491901305610,-7.5786659285719
-72.0356901305610,-7.6020486035719
-70.6991901305611,-6.8771856785719
-70.7126901305612,-6.8538030035719
-70.7261901305612,-6.8304203285719
-70.7396901305612,-6.8070376535719
-70.7531901305612,-6.7836549785719
-70.7666901305612,-6.7602723035719
-70.7801901305612,-6.7368896285719
-70.7936901305612,-6.7135069535719
-72.1436901305610,-7.4617525535719
-72.1301901305610,-7.4851352285719
-72.1166901305610,-7.5085179035719
-72.1031901305610,-7.5319005785719
-72.0896901305610,-7.5552832535719
-72.0761901305610,-7.5786659285719
-72.0626901305610,-7.6020486035719
-70.6856901305612,-6.8538030035719
-70.6991901305612,-6.8304203285719
-70.7126901305612,-6.8070376535719
-70.7261901305612,-6.7836549785719
-70.7396901305612,-6.7602723035719
-70.7531901305612,-6.7368896285719
-70.7666901305612,-6.7135069535719
-72.1436901305610,-7.5085179035719
-72.1301901305610,-7.5319005785719
-72.1166901305610,-7.5552832535719
-72.1031901305610,-7.5786659285719
-72.0896901305610,-7.6020486035719
-70.6721901305612,-6.8304203285719
-70.6856901305612,-6.8070376535719
-70.6991901305612,-6.7836549785719
-70.7126901305612,-6.7602723035719
-70.7261901305612,-6.7368896285719
-70.7396901305612,-6.7135069535719
-70.7531901305612,-6.6901242785719
-70.7666901305612,-6.6667416035719
-72.1706901305610,-7.5085179035719
-72.1571901305610,-7.5319005785719
-72.1436901305610,-7.5552832535719
-72.1301901305610,-7.5786659285719
-72.1166901305610,-7.6020486035719
-70.6586901305612,-6.8070376535719
-70.6721901305612,-6.7836549785719
-70.6856901305612,-6.7602723035719
-70.6991901305612,-6.7368896285719
-70.7126901305612,-6.7135069535719
-70.7261901305612,-6.6901242785719
-70.7396901305612,-6.6667416035719
-72.1706901305610,-7.5552832535719
-72.1571901305610,-7.5786659285719
-72.1436901305610,-7.6020486035719
-70.6586901305612,-6.7602723035719
-70.6721901305612,-6.7368896285719
-70.6856901305612,-6.7135069535719
-70.6991901305612,-6.6901242785719
-70.7126901305612,-6.6667416035719
-72.1841901305610,-7.5786659285719
-70.6586901305612,-6.7135069535719
-70.6721901305612,-6.6901242785719
-70.6856901305612,-6.6667416035719
-70.6991901305612,-6.6433589285719
-70.6586901305612,-6.6667416035719
-70.6721901305612,-6.6433589285719
-70.6856901305612,-6.6199762535719
-70.6586901305612,-6.6199762535719
