-40.1764028236101,-19.7674139888659
-40.1494028236101,-19.7674139888659
-40.1629028236101,-19.7440313138659
-40.1899028236101,-19.7440313138659
-40.2034028236101,-19.7674139888659
-40.1899028236101,-19.7907966638659
-40.1629028236101,-19.7907966638659
-40.1224028236101,-19.7674139888659
-40.1494028236101,-19.7206486388659
-40.2034028236101,-19.7206486388659
-40.2304028236101,-19.7674139888659
-40.2034028236101,-19.8141793388659
-40.1494028236101,-19.8141793388659
-40.1359028236101,-19.7440313138659
-40.1764028236101,-19.7206486388659
-40.2169028236101,-19.7440313138659
-40.2169028236101,-19.7907966638659
-40.1764028236101,-19.8141793388659
-40.1359028236101,-19.7907966638659
-40.0954028236101,-19.7674139888659
-40.1359028236101,-19.6972659638659
-40.2169028236101,-19.6972659638659
-40.2574028236101,-19.7674139888659
-40.2169028236101,-19.8375620138659
-40.1359028236101,-19.8375620138659
-40.1089028236101,-19.7440313138659
-40.1224028236101,-19.7206486388659
-40.1629028236101,-19.6972659638659
-40.1899028236101,-19.6972659638659
-40.2304028236101,-19.7206486388659
-40.2439028236101,-19.7440313138659
-40.2439028236101,-19.7907966638659
-40.2304028236101,-19.8141793388659
-40.1899028236101,-19.8375620138659
-40.1629028236101,-19.8375620138659
-40.1224028236101,-19.8141793388659
-40.1089028236101,-19.7907966638659
-40.0684028236101,-19.7674139888659
-40.1224028236101,-19.6738832888659
-40.2304028236101,-19.6738832888659
-40.2844028236101,-19.7674139888659
-40.2304028236101,-19.8609446888659
-40.1224028236101,-19.8609446888659
-40.0819028236101,-19.7440313138659
-40.0954028236101,-19.7206486388659
-40.1089028236101,-19.6972659638659
-40.1494028236101,-19.6738832888659
-40.1764028236101,-19.6738832888659
-40.2034028236101,-19.6738832888659
-40.2439028236101,-19.6972659638659
-40.2574028236101,-19.7206486388659
-40.2709028236101,-19.7440313138659
-40.2709028236101,-19.7907966638659
-40.2574028236101,-19.8141793388659
-40.2439028236101,-19.8375620138659
-40.2034028236101,-19.8609446888659
-40.1764028236101,-19.8609446888659
-40.1494028236101,-19.8609446888659
-40.1089028236101,-19.8375620138659
-40.0954028236101,-19.8141793388659
-40.0819028236101,-19.7907966638659
-40.0414028236101,-19.7674139888659
-40.1089028236101,-19.6505006138659
-40.2439028236101,-19.6505006138659
-40.3114028236101,-19.7674139888659
-40.2439028236101,-19.8843273638659
-40.1089028236101,-19.8843273638659
-40.0549028236101,-19.7440313138659
-40.0684028236101,-19.7206486388659
-40.0819028236101,-19.6972659638659
-40.0954028236101,-19.6738832888659
-40.1359028236101,-19.6505006138659
-40.1629028236101,-19.6505006138659
-40.1899028236101,-19.6505006138659
-40.2169028236101,-19.6505006138659
-40.2574028236101,-19.6738832888659
-40.2709028236101,-19.6972659638659
-40.2844028236101,-19.7206486388659
-40.2979028236101,-19.7440313138659
-40.2979028236101,-19.7907966638659
-40.2844028236101,-19.8141793388659
-40.2709028236101,-19.8375620138659
-40.2574028236101,-19.8609446888659
-40.2169028236101,-19.8843273638659
-40.1899028236101,-19.8843273638659
-40.1629028236101,-19.8843273638659
-40.1359028236101,-19.8843273638659
-40.0954028236101,-19.8609446888659
-40.0819028236101,-19.8375620138659
-40.0684028236101,-19.8141793388659
-40.0549028236101,-19.7907966638659
-40.0144028236101,-19.7674139888659
-40.0954028236101,-19.6271179388659
-40.2574028236101,-19.6271179388659
-40.3384028236101,-19.7674139888659
-40.2574028236101,-19.9077100388659
-40.0279028236101,-19.7440313138659
-40.0414028236101,-19.7206486388659
-40.0549028236101,-19.6972659638659
-40.0684028236101,-19.6738832888659
-40.0819028236101,-19.6505006138659
-40.1224028236101,-19.6271179388659
-40.1494028236101,-19.6271179388659
-40.1764028236101,-19.6271179388659
-40.2034028236101,-19.6271179388659
-40.2304028236101,-19.6271179388659
-40.2709028236101,-19.6505006138659
-40.2844028236101,-19.6738832888659
-40.2979028236101,-19.6972659638659
-40.3114028236101,-19.7206486388659
-40.3249028236101,-19.7440313138659
-40.3249028236101,-19.7907966638659
-40.3114028236101,-19.8141793388659
-40.2979028236101,-19.8375620138659
-40.2844028236101,-19.8609446888659
-40.2709028236101,-19.8843273638659
-40.2304028236101,-19.9077100388659
-40.2034028236101,-19.9077100388659
-40.1764028236101,-19.9077100388659
-40.1494028236101,-19.9077100388659
-40.1224028236101,-19.9077100388659
-40.0684028236101,-19.8609446888659
-40.0819028236101,-19.6037352638659
-40.2709028236101,-19.9310927138659
-40.0009028236101,-19.7440313138659
-40.0144028236101,-19.7206486388659
-40.0279028236101,-19.6972659638659
-40.0414028236101,-19.6738832888659
-40.0549028236101,-19.6505006138659
-40.0684028236101,-19.6271179388659
-40.1089028236101,-19.6037352638659
-40.1359028236101,-19.6037352638659
-40.1629028236101,-19.6037352638659
-40.1899028236101,-19.6037352638659
-40.2169028236101,-19.6037352638659
-40.2439028236101,-19.6037352638659
-40.2844028236101,-19.6271179388659
-40.2979028236101,-19.6505006138659
-40.3114028236101,-19.6738832888659
-40.3249028236101,-19.6972659638659
-40.3384028236101,-19.7206486388659
-40.3384028236101,-19.8141793388659
-40.3249028236101,-19.8375620138659
-40.3114028236101,-19.8609446888659
-40.2979028236101,-19.8843273638659
-40.2844028236101,-19.9077100388659
-40.2439028236101,-19.9310927138659
-40.2169028236101,-19.9310927138659
-40.1899028236101,-19.9310927138659
-40.1629028236101,-19.9310927138659
-40.1359028236101,-19.9310927138659
-40.2844028236101,-19.9544753888659
-39.9874028236101,-19.7206486388659
-40.0009028236101,-19.6972659638659
-40.0144028236101,-19.6738832888659
-40.0279028236101,-19.6505006138659
-40.0414028236101,-19.6271179388659
-40.0549028236101,-19.6037352638659
-40.0954028236101,-19.5803525888659
-40.1224028236101,-19.5803525888659
-40.1494028236101,-19.5803525888659
-40.1764028236101,-19.5803525888659
-40.3249028236101,-19.6505006138659
-40.3384028236101,-19.6738832888659
-40.3384028236101,-19.8609446888659
-40.3249028236101,-19.8843273638659
-40.3114028236101,-19.9077100388659
-40.2979028236101,-19.9310927138659
-40.2574028236101,-19.9544753888659
-40.2304028236101,-19.9544753888659
-40.2034028236101,-19.9544753888659
-40.1764028236101,-19.9544753888659
-40.1494028236101,-19.9544753888659
-39.9604028236101,-19.7206486388659
-39.9739028236101,-19.6972659638659
-39.9874028236101,-19.6738832888659
-40.0009028236101,-19.6505006138659
-40.0144028236101,-19.6271179388659
-40.1089028236101,-19.5569699138659
-40.1359028236101,-19.5569699138659
-40.1629028236101,-19.5569699138659
-40.3249028236101,-19.9310927138659
-40.2709028236101,-19.9778580638659
-40.2439028236101,-19.9778580638659
-40.2169028236101,-19.9778580638659
-40.1899028236101,-19.9778580638659
-40.1629028236101,-19.9778580638659
-39.9469028236101,-19.6972659638659
-39.9604028236101,-19.6738832888659
-39.9739028236101,-19.6505006138659
-40.2574028236101,-20.0012407388659
-40.2304028236101,-20.0012407388659
-40.2034028236101,-20.0012407388659
-40.1764028236101,-20.0012407388659
-40.1494028236101,-20.0012407388659
-39.9334028236101,-19.6738832888659
