-53.7607715220429,-25.2472232072548
-53.7337715220429,-25.2472232072548
-53.7472715220429,-25.2238405322548
-53.7742715220429,-25.2238405322548
-53.7877715220429,-25.2472232072548
-53.7742715220429,-25.2706058822548
-53.7472715220429,-25.2706058822548
-53.7067715220429,-25.2472232072548
-53.7337715220429,-25.2004578572548
-53.7877715220429,-25.2004578572548
-53.8147715220429,-25.2472232072548
-53.7877715220429,-25.2939885572548
-53.7337715220429,-25.2939885572548
-53.7202715220429,-25.2238405322548
-53.7607715220429,-25.2004578572548
-53.8012715220429,-25.2238405322548
-53.8012715220429,-25.2706058822548
-53.7607715220429,-25.2939885572548
-53.7202715220429,-25.2706058822548
-53.6797715220429,-25.2472232072548
-53.7202715220429,-25.1770751822548
-53.8012715220429,-25.1770751822548
-53.8417715220429,-25.2472232072548
-53.7202715220429,-25.3173712322548
-53.6932715220429,-25.2238405322548
-53.7067715220429,-25.2004578572548
-53.7472715220429,-25.1770751822548
-53.7742715220429,-25.1770751822548
-53.8147715220429,-25.2004578572548
-53.8282715220429,-25.2238405322548
-53.8282715220429,-25.2706058822548
-53.8147715220429,-25.2939885572548
-53.7742715220429,-25.3173712322548
-53.7472715220429,-25.3173712322548
-53.7067715220429,-25.2939885572548
-53.6932715220429,-25.2706058822548
-53.6527715220429,-25.2472232072548
-53.7067715220429,-25.1536925072548
-53.8147715220429,-25.1536925072548
-53.8687715220429,-25.2472232072548
-53.7067715220429,-25.3407539072548
-53.6662715220429,-25.2238405322548
-53.6797715220429,-25.2004578572548
-53.6932715220429,-25.1770751822548
-53.7337715220429,-25.1536925072548
-53.7607715220429,-25.1536925072548
-53.7877715220429,-25.1536925072548
-53.8282715220429,-25.1770751822548
-53.8417715220429,-25.2004578572548
-53.8552715220429,-25.2238405322548
-53.8552715220429,-25.2706058822548
-53.8417715220429,-25.2939885572548
-53.7877715220429,-25.3407539072548
-53.7607715220429,-25.3407539072548
-53.7337715220429,-25.3407539072548
-53.6932715220429,-25.3173712322548
-53.6797715220429,-25.2939885572548
-53.6662715220429,-25.2706058822548
-53.6932715220429,-25.1303098322548
-53.8282715220429,-25.1303098322548
-53.8957715220429,-25.2472232072548
-53.6932715220429,-25.3641365822548
-53.6527715220429,-25.2004578572548
-53.6662715220429,-25.1770751822548
-53.6797715220429,-25.1536925072548
-53.7202715220429,-25.1303098322548
-53.7472715220429,-25.1303098322548
-53.7742715220429,-25.1303098322548
-53.8012715220429,-25.1303098322548
-53.8417715220429,-25.1536925072548
-53.8552715220429,-25.1770751822548
-53.8687715220429,-25.2004578572548
-53.8822715220429,-25.2238405322548
-53.8822715220429,-25.2706058822548
-53.8012715220429,-25.3641365822548
-53.7742715220429,-25.3641365822548
-53.7472715220429,-25.3641365822548
-53.7202715220429,-25.3641365822548
-53.6797715220429,-25.3407539072548
-53.6662715220429,-25.3173712322548
-53.6527715220429,-25.2939885572548
-53.6797715220429,-25.1069271572548
-53.8417715220429,-25.1069271572548
-53.6797715220429,-25.3875192572548
-53.6662715220429,-25.1303098322548
-53.7067715220429,-25.1069271572548
-53.7337715220429,-25.1069271572548
-53.7607715220429,-25.1069271572548
-53.7877715220429,-25.1069271572548
-53.8552715220429,-25.1303098322548
-53.8687715220429,-25.1536925072548
-53.8822715220429,-25.1770751822548
-53.8957715220429,-25.2004578572548
-53.7877715220429,-25.3875192572548
-53.7607715220429,-25.3875192572548
-53.7337715220429,-25.3875192572548
-53.7067715220429,-25.3875192572548
-53.6662715220429,-25.3641365822548
-53.6662715220429,-25.0835444822548
-53.6527715220429,-25.1069271572548
-53.6932715220429,-25.0835444822548
-53.7202715220429,-25.0835444822548
-53.7472715220429,-25.0835444822548
-53.7742715220429,-25.0835444822548
-53.8687715220429,-25.1069271572548
-53.8822715220429,-25.1303098322548
-53.8957715220429,-25.1536925072548
-53.9092715220429,-25.1770751822548
-53.8012715220429,-25.4109019322548
-53.7742715220429,-25.4109019322548
-53.7472715220429,-25.4109019322548
-53.7202715220429,-25.4109019322548
-53.6932715220429,-25.4109019322548
-53.6527715220429,-25.0601618072548
-53.6392715220429,-25.0835444822548
-53.6797715220429,-25.0601618072548
-53.7067715220429,-25.0601618072548
-53.7337715220429,-25.0601618072548
-53.7607715220429,-25.0601618072548
-53.7877715220429,-25.0601618072548
-53.8957715220429,-25.1069271572548
-53.9092715220429,-25.1303098322548
-53.9227715220429,-25.1536925072548
-53.9362715220429,-25.1770751822548
-53.7877715220429,-25.4342846072548
-53.7607715220429,-25.4342846072548
-53.7337715220429,-25.4342846072548
-53.7067715220429,-25.4342846072548
-53.6662715220429,-25.0367791322548
-53.6932715220429,-25.0367791322548
-53.7202715220429,-25.0367791322548
-53.7472715220429,-25.0367791322548
-53.7742715220429,-25.0367791322548
-53.8012715220429,-25.0367791322548
-53.9227715220429,-25.1069271572548
-53.9362715220429,-25.1303098322548
-53.8012715220429,-25.4576672822548
-53.7742715220429,-25.4576672822548
-53.7472715220429,-25.4576672822548
-53.7202715220429,-25.4576672822548
-53.6797715220429,-25.0133964572548
-53.7067715220429,-25.0133964572548
-53.7337715220429,-25.0133964572548
-53.7607715220429,-25.0133964572548
-53.7877715220429,-25.0133964572548
-53.9497715220429,-25.1069271572548
-53.8147715220429,-25.4810499572548
-53.7877715220429,-25.4810499572548
-53.7607715220429,-25.4810499572548
-53.7337715220429,-25.4810499572548
-53.7067715220429,-25.4810499572548
-53.7742715220429,-24.9900137822548
-53.8012715220429,-24.9900137822548
-53.7742715220429,-25.5044326322548
-53.7472715220429,-25.5044326322548
-53.7202715220429,-25.5044326322548
-53.6932715220429,-25.5044326322548
-53.7877715220429,-25.5278153072548
-53.7607715220429,-25.5278153072548
-53.7337715220429,-25.5278153072548
-53.7067715220429,-25.5278153072548
-53.7742715220429,-25.5511979822548
-53.7472715220429,-25.5511979822548
-53.7202715220429,-25.5511979822548
-53.7877715220429,-25.5745806572548
-53.7337715220429,-25.5745806572548
-53.7067715220429,-25.5745806572548
-53.8012715220429,-25.5979633322548
