-62.9564682392509,-11.6145254338740
-62.9699682392509,-11.5911427588740
-62.9699682392509,-11.6379081088740
-62.9294682392509,-11.6145254338740
-62.9564682392509,-11.5677600838740
-62.9564682392509,-11.6612907838740
-62.9429682392509,-11.5911427588740
-62.9834682392509,-11.5677600838740
-62.9834682392509,-11.6612907838740
-62.9429682392509,-11.6379081088740
-62.9024682392509,-11.6145254338740
-62.9429682392509,-11.5443774088740
-63.0239682392509,-11.5443774088740
-62.9429682392509,-11.6846734588740
-62.9159682392509,-11.5911427588740
-62.9294682392509,-11.5677600838740
-62.9699682392509,-11.5443774088740
-62.9969682392509,-11.5443774088740
-62.9699682392509,-11.6846734588740
-62.9294682392509,-11.6612907838740
-62.9159682392509,-11.6379081088740
-62.8754682392509,-11.6145254338740
-62.9294682392509,-11.5209947338740
-63.0374682392509,-11.5209947338740
-62.9294682392509,-11.7080561338740
-62.8889682392509,-11.5911427588740
-62.9024682392509,-11.5677600838740
-62.9159682392509,-11.5443774088740
-62.9564682392509,-11.5209947338740
-62.9834682392509,-11.5209947338740
-63.0104682392509,-11.5209947338740
-63.0509682392509,-11.5443774088740
-62.9834682392509,-11.7080561338740
-62.9564682392509,-11.7080561338740
-62.9159682392509,-11.6846734588740
-62.9024682392509,-11.6612907838740
-62.8889682392509,-11.6379081088740
-62.8484682392509,-11.6145254338740
-62.9159682392509,-11.4976120588740
-63.0509682392509,-11.4976120588740
-62.9159682392509,-11.7314388088740
-62.8619682392509,-11.5911427588740
-62.8754682392509,-11.5677600838740
-62.8889682392509,-11.5443774088740
-62.9024682392509,-11.5209947338740
-62.9429682392509,-11.4976120588740
-62.9699682392509,-11.4976120588740
-62.9969682392509,-11.4976120588740
-63.0239682392509,-11.4976120588740
-63.0644682392509,-11.5209947338740
-62.9699682392509,-11.7314388088740
-62.9429682392509,-11.7314388088740
-62.9024682392509,-11.7080561338740
-62.8889682392509,-11.6846734588740
-62.8754682392509,-11.6612907838740
-62.8619682392509,-11.6379081088740
-62.8214682392509,-11.6145254338740
-62.9024682392509,-11.4742293838740
-63.0644682392509,-11.4742293838740
-62.9024682392509,-11.7548214838740
-62.8349682392509,-11.5911427588740
-62.8484682392509,-11.5677600838740
-62.8619682392509,-11.5443774088740
-62.8754682392509,-11.5209947338740
-62.8889682392509,-11.4976120588740
-62.9294682392509,-11.4742293838740
-62.9564682392509,-11.4742293838740
-62.9834682392509,-11.4742293838740
-63.0104682392509,-11.4742293838740
-63.0374682392509,-11.4742293838740
-63.0779682392509,-11.4976120588740
-63.0914682392509,-11.5209947338740
-62.9564682392509,-11.7548214838740
-62.9294682392509,-11.7548214838740
-62.8889682392509,-11.7314388088740
-62.8754682392509,-11.7080561338740
-62.8619682392509,-11.6846734588740
-62.8484682392509,-11.6612907838740
-62.8349682392509,-11.6379081088740
-62.7944682392509,-11.6145254338740
-62.8889682392509,-11.4508467088740
-63.0779682392509,-11.4508467088740
-62.8889682392509,-11.7782041588740
-62.8079682392509,-11.5911427588740
-62.8214682392509,-11.5677600838740
-62.8349682392509,-11.5443774088740
-62.8484682392509,-11.5209947338740
-62.8619682392509,-11.4976120588740
-62.8754682392509,-11.4742293838740
-62.9159682392509,-11.4508467088740
-62.9429682392509,-11.4508467088740
-62.9699682392509,-11.4508467088740
-62.9969682392509,-11.4508467088740
-63.0239682392509,-11.4508467088740
-63.0509682392509,-11.4508467088740
-63.0914682392509,-11.4742293838740
-63.1049682392509,-11.4976120588740
-63.1184682392509,-11.5209947338740
-62.9159682392509,-11.7782041588740
-62.8754682392509,-11.7548214838740
-62.8619682392509,-11.7314388088740
-62.8484682392509,-11.7080561338740
-62.8349682392509,-11.6846734588740
-62.8214682392509,-11.6612907838740
-62.8079682392509,-11.6379081088740
-62.7674682392509,-11.6145254338740
-62.8754682392509,-11.4274640338740
-63.0914682392509,-11.4274640338740
-62.8754682392509,-11.8015868338740
-62.7809682392509,-11.5911427588740
-62.7944682392509,-11.5677600838740
-62.8079682392509,-11.5443774088740
-62.8214682392509,-11.5209947338740
-62.8349682392509,-11.4976120588740
-62.8484682392509,-11.4742293838740
-62.8619682392509,-11.4508467088740
-62.9024682392509,-11.4274640338740
-62.9294682392509,-11.4274640338740
-62.9564682392509,-11.4274640338740
-62.9834682392509,-11.4274640338740
-63.0104682392509,-11.4274640338740
-63.0374682392509,-11.4274640338740
-63.0644682392509,-11.4274640338740
-63.1049682392509,-11.4508467088740
-63.1184682392509,-11.4742293838740
-63.1319682392509,-11.4976120588740
-62.9024682392509,-11.8015868338740
-62.8619682392509,-11.7782041588740
-62.8484682392509,-11.7548214838740
-62.8349682392509,-11.7314388088740
-62.8214682392509,-11.7080561338740
-62.8079682392509,-11.6846734588740
-62.7944682392509,-11.6612907838740
-62.7809682392509,-11.6379081088740
-62.7404682392509,-11.6145254338740
-62.8619682392509,-11.4040813588740
-63.1049682392509,-11.4040813588740
-62.7539682392509,-11.5911427588740
-62.7674682392509,-11.5677600838740
-62.7809682392509,-11.5443774088740
-62.7944682392509,-11.5209947338740
-62.8079682392509,-11.4976120588740
-62.8214682392509,-11.4742293838740
-62.8349682392509,-11.4508467088740
-62.8484682392509,-11.4274640338740
-62.8889682392509,-11.4040813588740
-62.9159682392509,-11.4040813588740
-62.9429682392509,-11.4040813588740
-62.9699682392509,-11.4040813588740
-62.9969682392509,-11.4040813588740
-63.0239682392509,-11.4040813588740
-63.0509682392509,-11.4040813588740
-63.0779682392509,-11.4040813588740
-63.1184682392509,-11.4274640338740
-63.1319682392509,-11.4508467088740
-63.1454682392509,-11.4742293838740
-62.8484682392509,-11.8015868338740
-62.8349682392509,-11.7782041588740
-62.8214682392509,-11.7548214838740
-62.8079682392509,-11.7314388088740
-62.7944682392509,-11.7080561338740
-62.7809682392509,-11.6846734588740
-62.7674682392509,-11.6612907838740
-62.7539682392509,-11.6379081088740
-62.7134682392509,-11.6145254338740
-62.8484682392509,-11.3806986838740
-63.1184682392509,-11.3806986838740
-62.8484682392509,-11.8483521838740
-62.7269682392509,-11.5911427588740
-62.7404682392509,-11.5677600838740
-62.7539682392509,-11.5443774088740
-62.7674682392509,-11.5209947338740
-62.7809682392509,-11.4976120588740
-62.7944682392509,-11.4742293838740
-62.8079682392509,-11.4508467088740
-62.8214682392509,-11.4274640338740
-62.8349682392509,-11.4040813588740
-62.8754682392509,-11.3806986838740
-62.9024682392509,-11.3806986838740
-62.9294682392509,-11.3806986838740
-62.9564682392509,-11.3806986838740
-62.9834682392509,-11.3806986838740
-63.0104682392509,-11.3806986838740
-63.0374682392509,-11.3806986838740
-63.0644682392509,-11.3806986838740
-63.0914682392509,-11.3806986838740
-63.1319682392509,-11.4040813588740
-63.1454682392509,-11.4274640338740
-63.1589682392509,-11.4508467088740
-63.1724682392509,-11.4742293838740
-62.8349682392509,-11.8249695088740
-62.8214682392509,-11.8015868338740
-62.8079682392509,-11.7782041588740
-62.7944682392509,-11.7548214838740
-62.7809682392509,-11.7314388088740
-62.7674682392509,-11.7080561338740
-62.7539682392509,-11.6846734588740
-62.7404682392509,-11.6612907838740
-62.7269682392509,-11.6379081088740
-62.6864682392509,-11.6145254338740
-62.8349682392509,-11.3573160088740
-63.1319682392509,-11.3573160088740
-62.8349682392509,-11.8717348588740
-62.6999682392509,-11.5911427588740
-62.7134682392509,-11.5677600838740
-62.7269682392509,-11.5443774088740
-62.7404682392509,-11.5209947338740
-62.7539682392509,-11.4976120588740
-62.7674682392509,-11.4742293838740
-62.7809682392509,-11.4508467088740
-62.7944682392509,-11.4274640338740
-62.8079682392509,-11.4040813588740
-62.8214682392509,-11.3806986838740
-62.8619682392509,-11.3573160088740
-62.8889682392509,-11.3573160088740
-62.9159682392509,-11.3573160088740
-62.9429682392509,-11.3573160088740
-62.9699682392509,-11.3573160088740
-62.9969682392509,-11.3573160088740
-63.0239682392509,-11.3573160088740
-63.0509682392509,-11.3573160088740
-63.0779682392509,-11.3573160088740
-63.1049682392509,-11.3573160088740
-63.1454682392509,-11.3806986838740
-63.1589682392509,-11.4040813588740
-63.1724682392509,-11.4274640338740
-63.1859682392509,-11.4508467088740
-63.1994682392509,-11.4742293838740
-62.8214682392509,-11.8483521838740
-62.8079682392509,-11.8249695088740
-62.7944682392509,-11.8015868338740
-62.7809682392509,-11.7782041588740
-62.7674682392509,-11.7548214838740
-62.7539682392509,-11.7314388088740
-62.7404682392509,-11.7080561338740
-62.7269682392509,-11.6846734588740
-62.7134682392509,-11.6612907838740
-62.6999682392509,-11.6379081088740
-62.6594682392509,-11.6145254338740
-63.1454682392509,-11.3339333338740
-62.8214682392509,-11.8951175338740
-62.6729682392509,-11.5911427588740
-62.6864682392509,-11.5677600838740
-62.6999682392509,-11.5443774088740
-62.7134682392509,-11.5209947338740
-62.7269682392509,-11.4976120588740
-62.7404682392509,-11.4742293838740
-62.7539682392509,-11.4508467088740
-62.7674682392509,-11.4274640338740
-62.7809682392509,-11.4040813588740
-62.7944682392509,-11.3806986838740
-62.8079682392509,-11.3573160088740
-62.8484682392509,-11.3339333338740
-62.8754682392509,-11.3339333338740
-62.9024682392509,-11.3339333338740
-63.1184682392509,-11.3339333338740
-63.1589682392509,-11.3573160088740
-63.1724682392509,-11.3806986838740
-63.1859682392509,-11.4040813588740
-63.1994682392509,-11.4274640338740
-63.2129682392509,-11.4508467088740
-63.2264682392509,-11.4742293838740
-62.8079682392509,-11.8717348588740
-62.7944682392509,-11.8483521838740
-62.7809682392509,-11.8249695088740
-62.7674682392509,-11.8015868338740
-62.7539682392509,-11.7782041588740
-62.7404682392509,-11.7548214838740
-62.7269682392509,-11.7314388088740
-62.7134682392509,-11.7080561338740
-62.6999682392509,-11.6846734588740
-62.6864682392509,-11.6612907838740
-62.6729682392509,-11.6379081088740
-62.6324682392509,-11.6145254338740
-63.1589682392509,-11.3105506588740
-62.8079682392509,-11.9185002088740
-62.6459682392509,-11.5911427588740
-62.6594682392509,-11.5677600838740
-62.6729682392509,-11.5443774088740
-62.6864682392509,-11.5209947338740
-62.6999682392509,-11.4976120588740
-62.7134682392509,-11.4742293838740
-62.7269682392509,-11.4508467088740
-62.7539682392509,-11.4040813588740
-62.8349682392509,-11.3105506588740
-63.1049682392509,-11.3105506588740
-63.1319682392509,-11.3105506588740
-63.1724682392509,-11.3339333338740
-63.1859682392509,-11.3573160088740
-63.1994682392509,-11.3806986838740
-63.2129682392509,-11.4040813588740
-63.2264682392509,-11.4274640338740
-63.2399682392509,-11.4508467088740
-63.2534682392509,-11.4742293838740
-63.2669682392509,-11.4976120588740
-62.8349682392509,-11.9185002088740
-62.7944682392509,-11.8951175338740
-62.7809682392509,-11.8717348588740
-62.7674682392509,-11.8483521838740
-62.7539682392509,-11.8249695088740
-62.7404682392509,-11.8015868338740
-62.7269682392509,-11.7782041588740
-62.7134682392509,-11.7548214838740
-62.6999682392509,-11.7314388088740
-62.6864682392509,-11.7080561338740
-62.6729682392509,-11.6846734588740
-62.6594682392509,-11.6612907838740
-62.6459682392509,-11.6379081088740
-62.6054682392509,-11.6145254338740
-63.1724682392509,-11.2871679838740
-62.7944682392509,-11.9418828838740
-62.6189682392509,-11.5911427588740
-62.6324682392509,-11.5677600838740
-62.6459682392509,-11.5443774088740
-62.6594682392509,-11.5209947338740
-62.6729682392509,-11.4976120588740
-62.6864682392509,-11.4742293838740
-62.6999682392509,-11.4508467088740
-63.1184682392509,-11.2871679838740
-63.1454682392509,-11.2871679838740
-63.1859682392509,-11.3105506588740
-63.1994682392509,-11.3339333338740
-63.2129682392509,-11.3573160088740
-63.2264682392509,-11.3806986838740
-63.2399682392509,-11.4040813588740
-63.2534682392509,-11.4274640338740
-63.2669682392509,-11.4508467088740
-63.2804682392509,-11.4742293838740
-63.2939682392509,-11.4976120588740
-63.3074682392509,-11.5209947338740
-62.8484682392509,-11.9418828838740
-62.8214682392509,-11.9418828838740
-62.7809682392509,-11.9185002088740
-62.7674682392509,-11.8951175338740
-62.7539682392509,-11.8717348588740
-62.7404682392509,-11.8483521838740
-62.7269682392509,-11.8249695088740
-62.7134682392509,-11.8015868338740
-62.6999682392509,-11.7782041588740
-62.6864682392509,-11.7548214838740
-62.6729682392509,-11.7314388088740
-62.6594682392509,-11.7080561338740
-62.6459682392509,-11.6846734588740
-62.6324682392509,-11.6612907838740
-62.6189682392509,-11.6379081088740
-62.5784682392509,-11.6145254338740
-63.1859682392509,-11.2637853088740
-62.7809682392509,-11.9652655588740
-62.5919682392509,-11.5911427588740
-62.6054682392509,-11.5677600838740
-62.6189682392509,-11.5443774088740
-62.6324682392509,-11.5209947338740
-62.6459682392509,-11.4976120588740
-62.6594682392509,-11.4742293838740
-62.6729682392509,-11.4508467088740
-63.1319682392509,-11.2637853088740
-63.1589682392509,-11.2637853088740
-63.1994682392509,-11.2871679838740
-63.2129682392509,-11.3105506588740
-63.2264682392509,-11.3339333338740
-63.2399682392509,-11.3573160088740
-63.2534682392509,-11.3806986838740
-63.2669682392509,-11.4040813588740
-63.2804682392509,-11.4274640338740
-63.2939682392509,-11.4508467088740
-63.3074682392509,-11.4742293838740
-63.3209682392509,-11.4976120588740
-63.3344682392509,-11.5209947338740
-62.9699682392509,-11.9652655588740
-62.9429682392509,-11.9652655588740
-62.9159682392509,-11.9652655588740
-62.8889682392509,-11.9652655588740
-62.8619682392509,-11.9652655588740
-62.8349682392509,-11.9652655588740
-62.8079682392509,-11.9652655588740
-62.7674682392509,-11.9418828838740
-62.7539682392509,-11.9185002088740
-62.7404682392509,-11.8951175338740
-62.7269682392509,-11.8717348588740
-62.7134682392509,-11.8483521838740
-62.6999682392509,-11.8249695088740
-62.6864682392509,-11.8015868338740
-62.6729682392509,-11.7782041588740
-62.6594682392509,-11.7548214838740
-62.6459682392509,-11.7314388088740
-62.6324682392509,-11.7080561338740
-62.6189682392509,-11.6846734588740
-62.6054682392509,-11.6612907838740
-62.5919682392509,-11.6379081088740
-62.5514682392509,-11.6145254338740
-63.1994682392509,-11.2404026338740
-62.7674682392509,-11.9886482338740
-62.5649682392509,-11.5911427588740
-62.5784682392509,-11.5677600838740
-62.5919682392509,-11.5443774088740
-62.6054682392509,-11.5209947338740
-62.6189682392509,-11.4976120588740
-62.6324682392509,-11.4742293838740
-62.6459682392509,-11.4508467088740
-63.1184682392509,-11.2404026338740
-63.1454682392509,-11.2404026338740
-63.1724682392509,-11.2404026338740
-63.2129682392509,-11.2637853088740
-63.2264682392509,-11.2871679838740
-63.2399682392509,-11.3105506588740
-63.2534682392509,-11.3339333338740
-63.2669682392509,-11.3573160088740
-63.2804682392509,-11.3806986838740
-63.2939682392509,-11.4040813588740
-63.3074682392509,-11.4274640338740
-63.3209682392509,-11.4508467088740
-63.3344682392509,-11.4742293838740
-63.3479682392509,-11.4976120588740
-63.3614682392509,-11.5209947338740
-63.0104682392509,-11.9886482338740
-62.9834682392509,-11.9886482338740
-62.9564682392509,-11.9886482338740
-62.9294682392509,-11.9886482338740
-62.9024682392509,-11.9886482338740
-62.8754682392509,-11.9886482338740
-62.8484682392509,-11.9886482338740
-62.8214682392509,-11.9886482338740
-62.7944682392509,-11.9886482338740
-62.7539682392509,-11.9652655588740
-62.7404682392509,-11.9418828838740
-62.7269682392509,-11.9185002088740
-62.7134682392509,-11.8951175338740
-62.6999682392509,-11.8717348588740
-62.6864682392509,-11.8483521838740
-62.6729682392509,-11.8249695088740
-62.6594682392509,-11.8015868338740
-62.6459682392509,-11.7782041588740
-62.6324682392509,-11.7548214838740
-62.6189682392509,-11.7314388088740
-62.6054682392509,-11.7080561338740
-62.5919682392509,-11.6846734588740
-62.5784682392509,-11.6612907838740
-62.5649682392509,-11.6379081088740
-62.5244682392509,-11.6145254338740
-63.2129682392509,-11.2170199588740
-62.7539682392509,-12.0120309088740
-62.5379682392509,-11.5911427588740
-62.5514682392509,-11.5677600838740
-62.5649682392509,-11.5443774088740
-62.5784682392509,-11.5209947338740
-62.5919682392509,-11.4976120588740
-63.1319682392509,-11.2170199588740
-63.1589682392509,-11.2170199588740
-63.1859682392509,-11.2170199588740
-63.2264682392509,-11.2404026338740
-63.2399682392509,-11.2637853088740
-63.2534682392509,-11.2871679838740
-63.2669682392509,-11.3105506588740
-63.2804682392509,-11.3339333338740
-63.2939682392509,-11.3573160088740
-63.3074682392509,-11.3806986838740
-63.3209682392509,-11.4040813588740
-63.3344682392509,-11.4274640338740
-63.3479682392509,-11.4508467088740
-63.3614682392509,-11.4742293838740
-63.3749682392509,-11.4976120588740
-63.3884682392509,-11.5209947338740
-63.0239682392509,-12.0120309088740
-62.9969682392509,-12.0120309088740
-62.9699682392509,-12.0120309088740
-62.9429682392509,-12.0120309088740
-62.9159682392509,-12.0120309088740
-62.8889682392509,-12.0120309088740
-62.8619682392509,-12.0120309088740
-62.8349682392509,-12.0120309088740
-62.8079682392509,-12.0120309088740
-62.7809682392509,-12.0120309088740
-62.7404682392509,-11.9886482338740
-62.7269682392509,-11.9652655588740
-62.7134682392509,-11.9418828838740
-62.6999682392509,-11.9185002088740
-62.6864682392509,-11.8951175338740
-62.6729682392509,-11.8717348588740
-62.6594682392509,-11.8483521838740
-62.6459682392509,-11.8249695088740
-62.6324682392509,-11.8015868338740
-62.6189682392509,-11.7782041588740
-62.6054682392509,-11.7548214838740
-62.5919682392509,-11.7314388088740
-62.5784682392509,-11.7080561338740
-62.5649682392509,-11.6846734588740
-62.5514682392509,-11.6612907838740
-62.5379682392509,-11.6379081088740
-62.4974682392509,-11.6145254338740
-63.2264682392509,-11.1936372838740
-62.7404682392509,-12.0354135838740
-62.5109682392509,-11.5911427588740
-62.5244682392509,-11.5677600838740
-62.5379682392509,-11.5443774088740
-62.5514682392509,-11.5209947338740
-62.5649682392509,-11.4976120588740
-63.1454682392509,-11.1936372838740
-63.1724682392509,-11.1936372838740
-63.1994682392509,-11.1936372838740
-63.2399682392509,-11.2170199588740
-63.2534682392509,-11.2404026338740
-63.2669682392509,-11.2637853088740
-63.2804682392509,-11.2871679838740
-63.2939682392509,-11.3105506588740
-63.3074682392509,-11.3339333338740
-63.3209682392509,-11.3573160088740
-63.3344682392509,-11.3806986838740
-63.3479682392509,-11.4040813588740
-63.3614682392509,-11.4274640338740
-63.3749682392509,-11.4508467088740
-63.3884682392509,-11.4742293838740
-63.4019682392509,-11.4976120588740
-63.4154682392509,-11.5209947338740
-63.4289682392509,-11.5443774088740
-63.0644682392509,-12.0354135838740
-63.0374682392509,-12.0354135838740
-63.0104682392509,-12.0354135838740
-62.9834682392509,-12.0354135838740
-62.9564682392509,-12.0354135838740
-62.9294682392509,-12.0354135838740
-62.9024682392509,-12.0354135838740
-62.8754682392509,-12.0354135838740
-62.8484682392509,-12.0354135838740
-62.8214682392509,-12.0354135838740
-62.7944682392509,-12.0354135838740
-62.7674682392509,-12.0354135838740
-62.7269682392509,-12.0120309088740
-62.7134682392509,-11.9886482338740
-62.6999682392509,-11.9652655588740
-62.6864682392509,-11.9418828838740
-62.6729682392509,-11.9185002088740
-62.6594682392509,-11.8951175338740
-62.6459682392509,-11.8717348588740
-62.6324682392509,-11.8483521838740
-62.6189682392509,-11.8249695088740
-62.6054682392509,-11.8015868338740
-62.5919682392509,-11.7782041588740
-62.5784682392509,-11.7548214838740
-62.5649682392509,-11.7314388088740
-62.5514682392509,-11.7080561338740
-62.5379682392509,-11.6846734588740
-62.5244682392509,-11.6612907838740
-62.5109682392509,-11.6379081088740
-63.2399682392509,-11.1702546088740
-62.7269682392509,-12.0587962588740
-62.4839682392509,-11.5911427588740
-62.4974682392509,-11.5677600838740
-62.5109682392509,-11.5443774088740
-62.5244682392509,-11.5209947338740
-62.5379682392509,-11.4976120588740
-62.5514682392509,-11.4742293838740
-63.1589682392509,-11.1702546088740
-63.1859682392509,-11.1702546088740
-63.2129682392509,-11.1702546088740
-63.2534682392509,-11.1936372838740
-63.2669682392509,-11.2170199588740
-63.2804682392509,-11.2404026338740
-63.2939682392509,-11.2637853088740
-63.3074682392509,-11.2871679838740
-63.3209682392509,-11.3105506588740
-63.3344682392509,-11.3339333338740
-63.3479682392509,-11.3573160088740
-63.3614682392509,-11.3806986838740
-63.3749682392509,-11.4040813588740
-63.3884682392509,-11.4274640338740
-63.4019682392509,-11.4508467088740
-63.4154682392509,-11.4742293838740
-63.4289682392509,-11.4976120588740
-63.4424682392509,-11.5209947338740
-63.4559682392509,-11.5443774088740
-63.0779682392509,-12.0587962588740
-63.0509682392509,-12.0587962588740
-63.0239682392509,-12.0587962588740
-62.9969682392509,-12.0587962588740
-62.9699682392509,-12.0587962588740
-62.9429682392509,-12.0587962588740
-62.9159682392509,-12.0587962588740
-62.8889682392509,-12.0587962588740
-62.8619682392509,-12.0587962588740
-62.8349682392509,-12.0587962588740
-62.8079682392509,-12.0587962588740
-62.7809682392509,-12.0587962588740
-62.7539682392509,-12.0587962588740
-62.7134682392509,-12.0354135838740
-62.6999682392509,-12.0120309088740
-62.6864682392509,-11.9886482338740
-62.6729682392509,-11.9652655588740
-62.6594682392509,-11.9418828838740
-62.6459682392509,-11.9185002088740
-62.6324682392509,-11.8951175338740
-62.6189682392509,-11.8717348588740
-62.6054682392509,-11.8483521838740
-62.5919682392509,-11.8249695088740
-62.5784682392509,-11.8015868338740
-62.5649682392509,-11.7782041588740
-62.5514682392509,-11.7548214838740
-62.5379682392509,-11.7314388088740
-62.5244682392509,-11.7080561338740
-62.5109682392509,-11.6846734588740
-62.4974682392509,-11.6612907838740
-62.4839682392509,-11.6379081088740
-62.7134682392509,-12.0821789338740
-63.1454682392509,-11.1468719338740
-63.1724682392509,-11.1468719338740
-63.1994682392509,-11.1468719338740
-63.2264682392509,-11.1468719338740
-63.2669682392509,-11.1702546088740
-63.2804682392509,-11.1936372838740
-63.2939682392509,-11.2170199588740
-63.3074682392509,-11.2404026338740
-63.3209682392509,-11.2637853088740
-63.3344682392509,-11.2871679838740
-63.3479682392509,-11.3105506588740
-63.3614682392509,-11.3339333338740
-63.3749682392509,-11.3573160088740
-63.3884682392509,-11.3806986838740
-63.4019682392509,-11.4040813588740
-63.4154682392509,-11.4274640338740
-63.4289682392509,-11.4508467088740
-63.4424682392509,-11.4742293838740
-63.4559682392509,-11.4976120588740
-63.4694682392509,-11.5209947338740
-63.1184682392509,-12.0821789338740
-63.0914682392509,-12.0821789338740
-63.0644682392509,-12.0821789338740
-63.0374682392509,-12.0821789338740
-63.0104682392509,-12.0821789338740
-62.9834682392509,-12.0821789338740
-62.9564682392509,-12.0821789338740
-62.9294682392509,-12.0821789338740
-62.9024682392509,-12.0821789338740
-62.8754682392509,-12.0821789338740
-62.8484682392509,-12.0821789338740
-62.8214682392509,-12.0821789338740
-62.7944682392509,-12.0821789338740
-62.7674682392509,-12.0821789338740
-62.7404682392509,-12.0821789338740
-62.6999682392509,-12.0587962588740
-62.6864682392509,-12.0354135838740
-62.6729682392509,-12.0120309088740
-62.6594682392509,-11.9886482338740
-62.6459682392509,-11.9652655588740
-62.6324682392509,-11.9418828838740
-62.6189682392509,-11.9185002088740
-62.6054682392509,-11.8951175338740
-62.5919682392509,-11.8717348588740
-62.5784682392509,-11.8483521838740
-62.5649682392509,-11.8249695088740
-62.5514682392509,-11.8015868338740
-62.5379682392509,-11.7782041588740
-62.5244682392509,-11.7548214838740
-62.5109682392509,-11.7314388088740
-62.4974682392509,-11.7080561338740
-62.4839682392509,-11.6846734588740
-62.6999682392509,-12.1055616088740
-63.1589682392509,-11.1234892588740
-63.1859682392509,-11.1234892588740
-63.2129682392509,-11.1234892588740
-63.2939682392509,-11.1702546088740
-63.3074682392509,-11.1936372838740
-63.3209682392509,-11.2170199588740
-63.3344682392509,-11.2404026338740
-63.3479682392509,-11.2637853088740
-63.3614682392509,-11.2871679838740
-63.3749682392509,-11.3105506588740
-63.3884682392509,-11.3339333338740
-63.4019682392509,-11.3573160088740
-63.4154682392509,-11.3806986838740
-63.4289682392509,-11.4040813588740
-63.4424682392509,-11.4274640338740
-63.4559682392509,-11.4508467088740
-63.4694682392509,-11.4742293838740
-63.4829682392509,-11.4976120588740
-63.4964682392509,-11.5209947338740
-63.5099682392509,-11.5443774088740
-63.5234682392509,-11.5677600838740
-63.1049682392509,-12.1055616088740
-63.0779682392509,-12.1055616088740
-63.0509682392509,-12.1055616088740
-63.0239682392509,-12.1055616088740
-62.9969682392509,-12.1055616088740
-62.9699682392509,-12.1055616088740
-62.9429682392509,-12.1055616088740
-62.9159682392509,-12.1055616088740
-62.8889682392509,-12.1055616088740
-62.8619682392509,-12.1055616088740
-62.8349682392509,-12.1055616088740
-62.8079682392509,-12.1055616088740
-62.7809682392509,-12.1055616088740
-62.7539682392509,-12.1055616088740
-62.7269682392509,-12.1055616088740
-62.6864682392509,-12.0821789338740
-62.6729682392509,-12.0587962588740
-62.6594682392509,-12.0354135838740
-62.6459682392509,-12.0120309088740
-62.6324682392509,-11.9886482338740
-62.6189682392509,-11.9652655588740
-62.6054682392509,-11.9418828838740
-62.5919682392509,-11.9185002088740
-62.5784682392509,-11.8951175338740
-62.5649682392509,-11.8717348588740
-62.5514682392509,-11.8483521838740
-62.5379682392509,-11.8249695088740
-62.5244682392509,-11.8015868338740
-62.5109682392509,-11.7782041588740
-62.4974682392509,-11.7548214838740
-62.4839682392509,-11.7314388088740
-62.6864682392509,-12.1289442838740
-63.3074682392509,-11.1468719338740
-63.3209682392509,-11.1702546088740
-63.3344682392509,-11.1936372838740
-63.3479682392509,-11.2170199588740
-63.3614682392509,-11.2404026338740
-63.3749682392509,-11.2637853088740
-63.3884682392509,-11.2871679838740
-63.4019682392509,-11.3105506588740
-63.4154682392509,-11.3339333338740
-63.4289682392509,-11.3573160088740
-63.4424682392509,-11.3806986838740
-63.4559682392509,-11.4040813588740
-63.4694682392509,-11.4274640338740
-63.4829682392509,-11.4508467088740
-63.4964682392509,-11.4742293838740
-63.5099682392509,-11.4976120588740
-63.5234682392509,-11.5209947338740
-63.5369682392509,-11.5443774088740
-63.5504682392509,-11.5677600838740
-63.5639682392509,-11.5911427588740
-63.0914682392509,-12.1289442838740
-63.0644682392509,-12.1289442838740
-63.0374682392509,-12.1289442838740
-63.0104682392509,-12.1289442838740
-62.9834682392509,-12.1289442838740
-62.9564682392509,-12.1289442838740
-62.9294682392509,-12.1289442838740
-62.9024682392509,-12.1289442838740
-62.8754682392509,-12.1289442838740
-62.8484682392509,-12.1289442838740
-62.8214682392509,-12.1289442838740
-62.7944682392509,-12.1289442838740
-62.7674682392509,-12.1289442838740
-62.7404682392509,-12.1289442838740
-62.7134682392509,-12.1289442838740
-62.6729682392509,-12.1055616088740
-62.6594682392509,-12.0821789338740
-62.6459682392509,-12.0587962588740
-62.6324682392509,-12.0354135838740
-62.6189682392509,-12.0120309088740
-62.6054682392509,-11.9886482338740
-62.5919682392509,-11.9652655588740
-62.5784682392509,-11.9418828838740
-62.5649682392509,-11.9185002088740
-62.5514682392509,-11.8951175338740
-62.5379682392509,-11.8717348588740
-62.5244682392509,-11.8483521838740
-62.5109682392509,-11.8249695088740
-62.4974682392509,-11.8015868338740
-62.4839682392509,-11.7782041588740
-62.6729682392509,-12.1523269588740
-63.3209682392509,-11.1234892588740
-63.3344682392509,-11.1468719338740
-63.3479682392509,-11.1702546088740
-63.3614682392509,-11.1936372838740
-63.3749682392509,-11.2170199588740
-63.3884682392509,-11.2404026338740
-63.4019682392509,-11.2637853088740
-63.4154682392509,-11.2871679838740
-63.4289682392509,-11.3105506588740
-63.4424682392509,-11.3339333338740
-63.4559682392509,-11.3573160088740
-63.4694682392509,-11.3806986838740
-63.4829682392509,-11.4040813588740
-63.4964682392509,-11.4274640338740
-63.5099682392509,-11.4508467088740
-63.5234682392509,-11.4742293838740
-63.5369682392509,-11.4976120588740
-63.5504682392509,-11.5209947338740
-63.5639682392509,-11.5443774088740
-63.5774682392509,-11.5677600838740
-63.5909682392509,-11.5911427588740
-63.1049682392509,-12.1523269588740
-63.0779682392509,-12.1523269588740
-63.0509682392509,-12.1523269588740
-63.0239682392509,-12.1523269588740
-62.9969682392509,-12.1523269588740
-62.9699682392509,-12.1523269588740
-62.9429682392509,-12.1523269588740
-62.9159682392509,-12.1523269588740
-62.8889682392509,-12.1523269588740
-62.8619682392509,-12.1523269588740
-62.8349682392509,-12.1523269588740
-62.8079682392509,-12.1523269588740
-62.7809682392509,-12.1523269588740
-62.6999682392509,-12.1523269588740
-62.6594682392509,-12.1289442838740
-62.6459682392509,-12.1055616088740
-62.6324682392509,-12.0821789338740
-62.6189682392509,-12.0587962588740
-62.6054682392509,-12.0354135838740
-62.5919682392509,-12.0120309088740
-62.5784682392509,-11.9886482338740
-62.5649682392509,-11.9652655588740
-62.5514682392509,-11.9418828838740
-62.5379682392509,-11.9185002088740
-62.5244682392509,-11.8951175338740
-62.5109682392509,-11.8717348588740
-62.4974682392509,-11.8483521838740
-62.4839682392509,-11.8249695088740
-62.6594682392509,-12.1757096338740
-63.3344682392509,-11.1001065838740
-63.3479682392509,-11.1234892588740
-63.3614682392509,-11.1468719338740
-63.3749682392509,-11.1702546088740
-63.3884682392509,-11.1936372838740
-63.4019682392509,-11.2170199588740
-63.4154682392509,-11.2404026338740
-63.4289682392509,-11.2637853088740
-63.4424682392509,-11.2871679838740
-63.4559682392509,-11.3105506588740
-63.4694682392509,-11.3339333338740
-63.4829682392509,-11.3573160088740
-63.4964682392509,-11.3806986838740
-63.5099682392509,-11.4040813588740
-63.5234682392509,-11.4274640338740
-63.5369682392509,-11.4508467088740
-63.5504682392509,-11.4742293838740
-63.5639682392509,-11.4976120588740
-63.5774682392509,-11.5209947338740
-63.5909682392509,-11.5443774088740
-63.6044682392509,-11.5677600838740
-63.0914682392509,-12.1757096338740
-63.0644682392509,-12.1757096338740
-63.0374682392509,-12.1757096338740
-63.0104682392509,-12.1757096338740
-62.9834682392509,-12.1757096338740
-62.9564682392509,-12.1757096338740
-62.9294682392509,-12.1757096338740
-62.9024682392509,-12.1757096338740
-62.8754682392509,-12.1757096338740
-62.8484682392509,-12.1757096338740
-62.8214682392509,-12.1757096338740
-62.7944682392509,-12.1757096338740
-62.6459682392509,-12.1523269588740
-62.6324682392509,-12.1289442838740
-62.6189682392509,-12.1055616088740
-62.5919682392509,-12.0587962588740
-62.5784682392509,-12.0354135838740
-62.5649682392509,-12.0120309088740
-62.5514682392509,-11.9886482338740
-62.5379682392509,-11.9652655588740
-62.5244682392509,-11.9418828838740
-62.5109682392509,-11.9185002088740
-62.4974682392509,-11.8951175338740
-62.4839682392509,-11.8717348588740
-62.6459682392509,-12.1990923088740
-63.3479682392509,-11.0767239088740
-63.3614682392509,-11.1001065838740
-63.3749682392509,-11.1234892588740
-63.3884682392509,-11.1468719338740
-63.4019682392509,-11.1702546088740
-63.4154682392509,-11.1936372838740
-63.4289682392509,-11.2170199588740
-63.4424682392509,-11.2404026338740
-63.4559682392509,-11.2637853088740
-63.4694682392509,-11.2871679838740
-63.4829682392509,-11.3105506588740
-63.4964682392509,-11.3339333338740
-63.5099682392509,-11.3573160088740
-63.5234682392509,-11.3806986838740
-63.5369682392509,-11.4040813588740
-63.5504682392509,-11.4274640338740
-63.5639682392509,-11.4508467088740
-63.5774682392509,-11.4742293838740
-63.5909682392509,-11.4976120588740
-63.6044682392509,-11.5209947338740
-63.1049682392509,-12.1990923088740
-62.9969682392509,-12.1990923088740
-62.9699682392509,-12.1990923088740
-62.9429682392509,-12.1990923088740
-62.8349682392509,-12.1990923088740
-62.6324682392509,-12.1757096338740
-62.6189682392509,-12.1523269588740
-62.5514682392509,-12.0354135838740
-62.5379682392509,-12.0120309088740
-62.5244682392509,-11.9886482338740
-62.5109682392509,-11.9652655588740
-62.4974682392509,-11.9418828838740
-62.4839682392509,-11.9185002088740
-62.4704682392509,-11.8951175338740
-63.3749682392509,-11.0767239088740
-63.3884682392509,-11.1001065838740
-63.4019682392509,-11.1234892588740
-63.4154682392509,-11.1468719338740
-63.4289682392509,-11.1702546088740
-63.4424682392509,-11.1936372838740
-63.4559682392509,-11.2170199588740
-63.4694682392509,-11.2404026338740
-63.4829682392509,-11.2637853088740
-63.4964682392509,-11.2871679838740
-63.5099682392509,-11.3105506588740
-63.5234682392509,-11.3339333338740
-63.5774682392509,-11.4274640338740
-63.5909682392509,-11.4508467088740
-63.6044682392509,-11.4742293838740
-62.6189682392509,-12.1990923088740
-62.5109682392509,-12.0120309088740
-62.4974682392509,-11.9886482338740
-62.4839682392509,-11.9652655588740
-62.4704682392509,-11.9418828838740
-63.4019682392509,-11.0767239088740
-63.4154682392509,-11.1001065838740
-63.4289682392509,-11.1234892588740
-63.4424682392509,-11.1468719338740
-63.4559682392509,-11.1702546088740
-63.4694682392509,-11.1936372838740
-63.4829682392509,-11.2170199588740
-63.4964682392509,-11.2404026338740
-63.5099682392509,-11.2637853088740
-63.5234682392509,-11.2871679838740
-63.5369682392509,-11.3105506588740
-63.4154682392509,-11.0533412338740
-63.4289682392509,-11.0767239088740
-63.4424682392509,-11.1001065838740
-63.4559682392509,-11.1234892588740
-63.4694682392509,-11.1468719338740
-63.4829682392509,-11.1702546088740
-63.4964682392509,-11.1936372838740
-63.5099682392509,-11.2170199588740
-63.5234682392509,-11.2404026338740
-63.5369682392509,-11.2637853088740
-63.5504682392509,-11.2871679838740
-63.4424682392509,-11.0533412338740
-63.4559682392509,-11.0767239088740
-63.4694682392509,-11.1001065838740
-63.4829682392509,-11.1234892588740
-63.4964682392509,-11.1468719338740
-63.5099682392509,-11.1702546088740
-63.5234682392509,-11.1936372838740
-63.5369682392509,-11.2170199588740
-63.5504682392509,-11.2404026338740
-63.5639682392509,-11.2637853088740
-63.4694682392509,-11.0533412338740
-63.4829682392509,-11.0767239088740
-63.4964682392509,-11.1001065838740
-63.5099682392509,-11.1234892588740
-63.5234682392509,-11.1468719338740
-63.5369682392509,-11.1702546088740
-63.5504682392509,-11.1936372838740
-63.5639682392509,-11.2170199588740
-63.5774682392509,-11.2404026338740
-63.4829682392509,-11.0299585588740
-63.4964682392509,-11.0533412338740
-63.5099682392509,-11.0767239088740
-63.5234682392509,-11.1001065838740
-63.5369682392509,-11.1234892588740
-63.5504682392509,-11.1468719338740
-63.5639682392509,-11.1702546088740
-63.5774682392509,-11.1936372838740
-63.5234682392509,-11.0533412338740
-63.5369682392509,-11.0767239088740
-63.5504682392509,-11.1001065838740
-63.5639682392509,-11.1234892588740
-63.5774682392509,-11.1468719338740
-63.5909682392509,-11.1702546088740
-63.5504682392509,-11.0533412338740
-63.5639682392509,-11.0767239088740
-63.5774682392509,-11.1001065838740
-63.5909682392509,-11.1234892588740
-63.5774682392509,-11.0533412338740
