-60.8985812685793,-12.5371569292981
-60.8715812685793,-12.5371569292981
-60.8850812685793,-12.5137742542981
-60.9120812685793,-12.5137742542981
-60.9255812685793,-12.5371569292981
-60.9120812685793,-12.5605396042981
-60.8850812685793,-12.5605396042981
-60.8445812685793,-12.5371569292981
-60.8715812685793,-12.4903915792981
-60.9255812685793,-12.4903915792981
-60.9525812685793,-12.5371569292981
-60.9255812685793,-12.5839222792981
-60.8715812685793,-12.5839222792981
-60.8580812685793,-12.5137742542981
-60.8985812685793,-12.4903915792981
-60.9390812685793,-12.5137742542981
-60.9390812685793,-12.5605396042981
-60.8985812685793,-12.5839222792981
-60.8580812685793,-12.5605396042981
-60.8175812685793,-12.5371569292981
-60.8580812685793,-12.4670089042981
-60.9390812685793,-12.4670089042981
-60.9795812685793,-12.5371569292981
-60.9390812685793,-12.6073049542981
-60.8580812685793,-12.6073049542981
-60.8310812685793,-12.5137742542981
-60.8445812685793,-12.4903915792981
-60.8850812685793,-12.4670089042981
-60.9120812685793,-12.4670089042981
-60.9525812685793,-12.4903915792981
-60.9660812685793,-12.5137742542981
-60.9660812685793,-12.5605396042981
-60.9525812685793,-12.5839222792981
-60.9120812685793,-12.6073049542981
-60.8850812685793,-12.6073049542981
-60.8445812685793,-12.5839222792981
-60.8310812685793,-12.5605396042981
-60.7905812685793,-12.5371569292981
-60.8445812685793,-12.4436262292981
-60.9525812685793,-12.4436262292981
-61.0065812685793,-12.5371569292981
-60.9525812685793,-12.6306876292981
-60.8445812685793,-12.6306876292981
-60.8040812685793,-12.5137742542981
-60.8175812685793,-12.4903915792981
-60.8310812685793,-12.4670089042981
-60.8715812685793,-12.4436262292981
-60.8985812685793,-12.4436262292981
-60.9255812685793,-12.4436262292981
-60.9660812685793,-12.4670089042981
-60.9795812685793,-12.4903915792981
-60.9930812685793,-12.5137742542981
-60.9930812685793,-12.5605396042981
-60.9795812685793,-12.5839222792981
-60.9660812685793,-12.6073049542981
-60.9255812685793,-12.6306876292981
-60.8985812685793,-12.6306876292981
-60.8715812685793,-12.6306876292981
-60.8310812685793,-12.6073049542981
-60.8175812685793,-12.5839222792981
-60.8040812685793,-12.5605396042981
-60.7635812685793,-12.5371569292981
-60.8310812685793,-12.4202435542981
-60.9660812685793,-12.4202435542981
-61.0335812685793,-12.5371569292981
-60.9660812685793,-12.6540703042981
-60.8310812685793,-12.6540703042981
-60.7770812685793,-12.5137742542981
-60.7905812685793,-12.4903915792981
-60.8040812685793,-12.4670089042981
-60.8175812685793,-12.4436262292981
-60.8580812685793,-12.4202435542981
-60.8850812685793,-12.4202435542981
-60.9120812685793,-12.4202435542981
-60.9390812685793,-12.4202435542981
-60.9795812685793,-12.4436262292981
-60.9930812685793,-12.4670089042981
-61.0065812685793,-12.4903915792981
-61.0200812685793,-12.5137742542981
-61.0200812685793,-12.5605396042981
-61.0065812685793,-12.5839222792981
-60.9930812685793,-12.6073049542981
-60.9795812685793,-12.6306876292981
-60.9390812685793,-12.6540703042981
-60.9120812685793,-12.6540703042981
-60.8850812685793,-12.6540703042981
-60.8580812685793,-12.6540703042981
-60.8175812685793,-12.6306876292981
-60.8040812685793,-12.6073049542981
-60.7905812685793,-12.5839222792981
-60.7770812685793,-12.5605396042981
-60.7365812685793,-12.5371569292981
-60.8175812685793,-12.3968608792981
-60.9795812685793,-12.3968608792981
-61.0605812685793,-12.5371569292981
-60.9795812685793,-12.6774529792981
-60.8175812685793,-12.6774529792981
-60.7500812685793,-12.5137742542981
-60.7635812685793,-12.4903915792981
-60.7770812685793,-12.4670089042981
-60.8445812685793,-12.3968608792981
-60.8715812685793,-12.3968608792981
-60.8985812685793,-12.3968608792981
-60.9255812685793,-12.3968608792981
-60.9525812685793,-12.3968608792981
-60.9930812685793,-12.4202435542981
-61.0065812685793,-12.4436262292981
-61.0200812685793,-12.4670089042981
-61.0335812685793,-12.4903915792981
-61.0470812685793,-12.5137742542981
-61.0470812685793,-12.5605396042981
-61.0335812685793,-12.5839222792981
-61.0200812685793,-12.6073049542981
-61.0065812685793,-12.6306876292981
-60.9930812685793,-12.6540703042981
-60.9525812685793,-12.6774529792981
-60.9255812685793,-12.6774529792981
-60.8985812685793,-12.6774529792981
-60.8715812685793,-12.6774529792981
-60.8445812685793,-12.6774529792981
-60.8040812685793,-12.6540703042981
-60.7905812685793,-12.6306876292981
-60.7770812685793,-12.6073049542981
-60.7635812685793,-12.5839222792981
-60.7500812685793,-12.5605396042981
-60.7095812685793,-12.5371569292981
-60.9930812685793,-12.3734782042981
-61.0875812685793,-12.5371569292981
-60.9930812685793,-12.7008356542981
-60.8040812685793,-12.7008356542981
-60.7230812685793,-12.5137742542981
-60.7365812685793,-12.4903915792981
-60.7500812685793,-12.4670089042981
-60.8310812685793,-12.3734782042981
-60.8580812685793,-12.3734782042981
-60.8850812685793,-12.3734782042981
-60.9120812685793,-12.3734782042981
-60.9390812685793,-12.3734782042981
-60.9660812685793,-12.3734782042981
-61.0065812685793,-12.3968608792981
-61.0200812685793,-12.4202435542981
-61.0335812685793,-12.4436262292981
-61.0470812685793,-12.4670089042981
-61.0605812685793,-12.4903915792981
-61.0740812685793,-12.5137742542981
-61.0740812685793,-12.5605396042981
-61.0605812685793,-12.5839222792981
-61.0470812685793,-12.6073049542981
-61.0335812685793,-12.6306876292981
-61.0200812685793,-12.6540703042981
-61.0065812685793,-12.6774529792981
-60.9660812685793,-12.7008356542981
-60.9390812685793,-12.7008356542981
-60.9120812685793,-12.7008356542981
-60.8850812685793,-12.7008356542981
-60.8580812685793,-12.7008356542981
-60.8310812685793,-12.7008356542981
-60.7905812685793,-12.6774529792981
-60.7770812685793,-12.6540703042981
-60.7635812685793,-12.6306876292981
-60.7500812685793,-12.6073049542981
-60.7365812685793,-12.5839222792981
-60.7230812685793,-12.5605396042981
-60.6825812685793,-12.5371569292981
-60.7905812685793,-12.3500955292981
-61.0065812685793,-12.3500955292981
-61.1145812685793,-12.5371569292981
-61.0065812685793,-12.7242183292981
-60.7905812685793,-12.7242183292981
-60.6960812685793,-12.5137742542981
-60.7095812685793,-12.4903915792981
-60.7230812685793,-12.4670089042981
-60.8175812685793,-12.3500955292981
-60.8445812685793,-12.3500955292981
-60.8715812685793,-12.3500955292981
-60.8985812685793,-12.3500955292981
-60.9255812685793,-12.3500955292981
-60.9525812685793,-12.3500955292981
-60.9795812685793,-12.3500955292981
-61.0200812685793,-12.3734782042981
-61.0335812685793,-12.3968608792981
-61.0470812685793,-12.4202435542981
-61.0605812685793,-12.4436262292981
-61.0740812685793,-12.4670089042981
-61.0875812685793,-12.4903915792981
-61.1010812685793,-12.5137742542981
-61.1010812685793,-12.5605396042981
-61.0875812685793,-12.5839222792981
-61.0740812685793,-12.6073049542981
-61.0605812685793,-12.6306876292981
-61.0470812685793,-12.6540703042981
-61.0335812685793,-12.6774529792981
-61.0200812685793,-12.7008356542981
-60.9795812685793,-12.7242183292981
-60.9525812685793,-12.7242183292981
-60.9255812685793,-12.7242183292981
-60.8985812685793,-12.7242183292981
-60.8715812685793,-12.7242183292981
-60.8445812685793,-12.7242183292981
-60.8175812685793,-12.7242183292981
-60.7770812685793,-12.7008356542981
-60.7635812685793,-12.6774529792981
-60.7500812685793,-12.6540703042981
-60.7365812685793,-12.6306876292981
-60.7230812685793,-12.6073049542981
-60.7095812685793,-12.5839222792981
-60.6960812685793,-12.5605396042981
-60.6555812685793,-12.5371569292981
-60.7770812685793,-12.3267128542981
-61.0200812685793,-12.3267128542981
-61.1415812685793,-12.5371569292981
-61.0200812685793,-12.7476010042981
-60.7770812685793,-12.7476010042981
-60.6690812685793,-12.5137742542981
-60.6825812685793,-12.4903915792981
-60.6960812685793,-12.4670089042981
-60.7635812685793,-12.3500955292981
-60.8040812685793,-12.3267128542981
-60.8310812685793,-12.3267128542981
-60.8580812685793,-12.3267128542981
-60.8850812685793,-12.3267128542981
-60.9120812685793,-12.3267128542981
-60.9390812685793,-12.3267128542981
-60.9660812685793,-12.3267128542981
-60.9930812685793,-12.3267128542981
-61.0335812685793,-12.3500955292981
-61.0470812685793,-12.3734782042981
-61.0605812685793,-12.3968608792981
-61.0740812685793,-12.4202435542981
-61.0875812685793,-12.4436262292981
-61.1010812685793,-12.4670089042981
-61.1145812685793,-12.4903915792981
-61.1280812685793,-12.5137742542981
-61.1280812685793,-12.5605396042981
-61.1145812685793,-12.5839222792981
-61.1010812685793,-12.6073049542981
-61.0875812685793,-12.6306876292981
-61.0740812685793,-12.6540703042981
-61.0605812685793,-12.6774529792981
-61.0470812685793,-12.7008356542981
-61.0335812685793,-12.7242183292981
-60.9930812685793,-12.7476010042981
-60.9660812685793,-12.7476010042981
-60.9390812685793,-12.7476010042981
-60.9120812685793,-12.7476010042981
-60.8850812685793,-12.7476010042981
-60.8580812685793,-12.7476010042981
-60.8310812685793,-12.7476010042981
-60.8040812685793,-12.7476010042981
-60.7635812685793,-12.7242183292981
-60.7500812685793,-12.7008356542981
-60.7365812685793,-12.6774529792981
-60.7230812685793,-12.6540703042981
-60.7095812685793,-12.6306876292981
-60.6960812685793,-12.6073049542981
-60.6825812685793,-12.5839222792981
-60.6690812685793,-12.5605396042981
-60.7635812685793,-12.3033301792981
-61.0335812685793,-12.3033301792981
-61.1685812685793,-12.5371569292981
-60.7635812685793,-12.7709836792981
-60.6420812685793,-12.5137742542981
-60.6555812685793,-12.4903915792981
-60.6690812685793,-12.4670089042981
-60.7500812685793,-12.3267128542981
-60.7905812685793,-12.3033301792981
-60.8175812685793,-12.3033301792981
-60.8445812685793,-12.3033301792981
-60.8715812685793,-12.3033301792981
-60.8985812685793,-12.3033301792981
-60.9255812685793,-12.3033301792981
-60.9525812685793,-12.3033301792981
-60.9795812685793,-12.3033301792981
-61.0065812685793,-12.3033301792981
-61.0470812685793,-12.3267128542981
-61.0605812685793,-12.3500955292981
-61.0740812685793,-12.3734782042981
-61.0875812685793,-12.3968608792981
-61.1010812685793,-12.4202435542981
-61.1145812685793,-12.4436262292981
-61.1280812685793,-12.4670089042981
-61.1415812685793,-12.4903915792981
-61.1550812685793,-12.5137742542981
-61.1550812685793,-12.5605396042981
-61.1415812685793,-12.5839222792981
-61.1280812685793,-12.6073049542981
-61.1145812685793,-12.6306876292981
-61.1010812685793,-12.6540703042981
-61.0875812685793,-12.6774529792981
-61.0740812685793,-12.7008356542981
-61.0065812685793,-12.7709836792981
-60.9525812685793,-12.7709836792981
-60.9255812685793,-12.7709836792981
-60.8985812685793,-12.7709836792981
-60.8715812685793,-12.7709836792981
-60.8445812685793,-12.7709836792981
-60.8175812685793,-12.7709836792981
-60.7905812685793,-12.7709836792981
-60.7500812685793,-12.7476010042981
-60.7365812685793,-12.7242183292981
-60.7230812685793,-12.7008356542981
-60.7095812685793,-12.6774529792981
-60.6960812685793,-12.6540703042981
-60.6825812685793,-12.6306876292981
-60.6690812685793,-12.6073049542981
-60.6555812685793,-12.5839222792981
-60.6420812685793,-12.5605396042981
-60.7500812685793,-12.2799475042981
-61.0470812685793,-12.2799475042981
-61.1955812685793,-12.5371569292981
-60.7500812685793,-12.7943663542981
-60.6420812685793,-12.4670089042981
-60.7230812685793,-12.3267128542981
-60.7365812685793,-12.3033301792981
-60.7770812685793,-12.2799475042981
-60.8040812685793,-12.2799475042981
-60.8310812685793,-12.2799475042981
-60.8580812685793,-12.2799475042981
-60.8850812685793,-12.2799475042981
-60.9120812685793,-12.2799475042981
-60.9390812685793,-12.2799475042981
-60.9660812685793,-12.2799475042981
-60.9930812685793,-12.2799475042981
-61.0200812685793,-12.2799475042981
-61.0605812685793,-12.3033301792981
-61.0740812685793,-12.3267128542981
-61.0875812685793,-12.3500955292981
-61.1010812685793,-12.3734782042981
-61.1145812685793,-12.3968608792981
-61.1280812685793,-12.4202435542981
-61.1415812685793,-12.4436262292981
-61.1550812685793,-12.4670089042981
-61.1685812685793,-12.4903915792981
-61.1820812685793,-12.5137742542981
-61.1820812685793,-12.5605396042981
-61.1685812685793,-12.5839222792981
-61.1550812685793,-12.6073049542981
-61.1415812685793,-12.6306876292981
-61.1280812685793,-12.6540703042981
-61.1145812685793,-12.6774529792981
-61.1010812685793,-12.7008356542981
-60.9390812685793,-12.7943663542981
-60.9120812685793,-12.7943663542981
-60.8850812685793,-12.7943663542981
-60.8580812685793,-12.7943663542981
-60.8310812685793,-12.7943663542981
-60.8040812685793,-12.7943663542981
-60.7770812685793,-12.7943663542981
-60.7365812685793,-12.7709836792981
-60.7230812685793,-12.7476010042981
-60.7095812685793,-12.7242183292981
-60.6960812685793,-12.7008356542981
-60.6825812685793,-12.6774529792981
-60.6690812685793,-12.6540703042981
-60.6555812685793,-12.6306876292981
-60.6420812685793,-12.6073049542981
-60.6285812685793,-12.5839222792981
-60.6150812685793,-12.5605396042981
-60.7365812685793,-12.2565648292981
-61.0605812685793,-12.2565648292981
-61.2225812685793,-12.5371569292981
-60.7365812685793,-12.8177490292981
-60.7095812685793,-12.3033301792981
-60.7230812685793,-12.2799475042981
-60.7635812685793,-12.2565648292981
-60.7905812685793,-12.2565648292981
-60.8175812685793,-12.2565648292981
-60.8445812685793,-12.2565648292981
-60.8715812685793,-12.2565648292981
-60.8985812685793,-12.2565648292981
-60.9255812685793,-12.2565648292981
-60.9525812685793,-12.2565648292981
-60.9795812685793,-12.2565648292981
-61.0065812685793,-12.2565648292981
-61.0335812685793,-12.2565648292981
-61.0740812685793,-12.2799475042981
-61.0875812685793,-12.3033301792981
-61.1010812685793,-12.3267128542981
-61.1145812685793,-12.3500955292981
-61.1280812685793,-12.3734782042981
-61.1415812685793,-12.3968608792981
-61.1550812685793,-12.4202435542981
-61.1685812685793,-12.4436262292981
-61.1820812685793,-12.4670089042981
-61.1955812685793,-12.4903915792981
-61.2090812685793,-12.5137742542981
-61.2090812685793,-12.5605396042981
-61.1955812685793,-12.5839222792981
-61.1820812685793,-12.6073049542981
-61.1685812685793,-12.6306876292981
-61.1550812685793,-12.6540703042981
-61.1415812685793,-12.6774529792981
-61.1280812685793,-12.7008356542981
-60.9525812685793,-12.8177490292981
-60.9255812685793,-12.8177490292981
-60.8985812685793,-12.8177490292981
-60.8715812685793,-12.8177490292981
-60.8445812685793,-12.8177490292981
-60.7905812685793,-12.8177490292981
-60.7635812685793,-12.8177490292981
-60.7230812685793,-12.7943663542981
-60.7095812685793,-12.7709836792981
-60.6960812685793,-12.7476010042981
-60.6825812685793,-12.7242183292981
-60.6690812685793,-12.7008356542981
-60.6555812685793,-12.6774529792981
-60.6420812685793,-12.6540703042981
-60.6285812685793,-12.6306876292981
-60.6150812685793,-12.6073049542981
-60.6015812685793,-12.5839222792981
-60.5880812685793,-12.5605396042981
-60.7230812685793,-12.2331821542981
-61.0740812685793,-12.2331821542981
-61.2495812685793,-12.5371569292981
-60.6960812685793,-12.2799475042981
-60.7095812685793,-12.2565648292981
-60.7500812685793,-12.2331821542981
-60.7770812685793,-12.2331821542981
-60.8040812685793,-12.2331821542981
-60.8310812685793,-12.2331821542981
-60.8580812685793,-12.2331821542981
-60.8850812685793,-12.2331821542981
-60.9120812685793,-12.2331821542981
-60.9390812685793,-12.2331821542981
-60.9660812685793,-12.2331821542981
-60.9930812685793,-12.2331821542981
-61.0200812685793,-12.2331821542981
-61.0470812685793,-12.2331821542981
-61.0875812685793,-12.2565648292981
-61.1010812685793,-12.2799475042981
-61.1145812685793,-12.3033301792981
-61.1280812685793,-12.3267128542981
-61.1415812685793,-12.3500955292981
-61.1550812685793,-12.3734782042981
-61.1685812685793,-12.3968608792981
-61.1820812685793,-12.4202435542981
-61.1955812685793,-12.4436262292981
-61.2090812685793,-12.4670089042981
-61.2225812685793,-12.4903915792981
-61.2360812685793,-12.5137742542981
-61.2360812685793,-12.5605396042981
-61.2225812685793,-12.5839222792981
-61.2090812685793,-12.6073049542981
-61.1955812685793,-12.6306876292981
-61.1820812685793,-12.6540703042981
-61.1685812685793,-12.6774529792981
-61.1550812685793,-12.7008356542981
-61.1415812685793,-12.7242183292981
-60.9660812685793,-12.8411317042981
-60.9390812685793,-12.8411317042981
-60.9120812685793,-12.8411317042981
-60.8850812685793,-12.8411317042981
-60.7770812685793,-12.8411317042981
-60.7095812685793,-12.8177490292981
-60.6960812685793,-12.7943663542981
-60.6825812685793,-12.7709836792981
-60.6690812685793,-12.7476010042981
-60.6555812685793,-12.7242183292981
-60.6420812685793,-12.7008356542981
-60.6285812685793,-12.6774529792981
-60.6150812685793,-12.6540703042981
-60.6015812685793,-12.6306876292981
-60.5880812685793,-12.6073049542981
-60.5745812685793,-12.5839222792981
-60.5610812685793,-12.5605396042981
-60.5205812685793,-12.5371569292981
-60.7095812685793,-12.2097994792981
-61.0875812685793,-12.2097994792981
-61.2765812685793,-12.5371569292981
-60.6825812685793,-12.2565648292981
-60.6960812685793,-12.2331821542981
-60.7365812685793,-12.2097994792981
-60.7635812685793,-12.2097994792981
-60.7905812685793,-12.2097994792981
-60.8175812685793,-12.2097994792981
-60.8445812685793,-12.2097994792981
-60.8715812685793,-12.2097994792981
-60.8985812685793,-12.2097994792981
-60.9255812685793,-12.2097994792981
-60.9525812685793,-12.2097994792981
-60.9795812685793,-12.2097994792981
-61.0065812685793,-12.2097994792981
-61.0335812685793,-12.2097994792981
-61.0605812685793,-12.2097994792981
-61.1010812685793,-12.2331821542981
-61.1145812685793,-12.2565648292981
-61.1280812685793,-12.2799475042981
-61.1415812685793,-12.3033301792981
-61.1550812685793,-12.3267128542981
-61.1685812685793,-12.3500955292981
-61.1820812685793,-12.3734782042981
-61.1955812685793,-12.3968608792981
-61.2090812685793,-12.4202435542981
-61.2225812685793,-12.4436262292981
-61.2360812685793,-12.4670089042981
-61.2495812685793,-12.4903915792981
-61.2630812685793,-12.5137742542981
-61.2630812685793,-12.5605396042981
-61.2495812685793,-12.5839222792981
-61.2360812685793,-12.6073049542981
-61.2225812685793,-12.6306876292981
-61.2090812685793,-12.6540703042981
-61.1955812685793,-12.6774529792981
-61.1820812685793,-12.7008356542981
-61.1685812685793,-12.7242183292981
-60.9525812685793,-12.8645143792981
-60.9255812685793,-12.8645143792981
-60.6825812685793,-12.8177490292981
-60.6690812685793,-12.7943663542981
-60.6555812685793,-12.7709836792981
-60.6420812685793,-12.7476010042981
-60.6285812685793,-12.7242183292981
-60.6150812685793,-12.7008356542981
-60.6015812685793,-12.6774529792981
-60.5880812685793,-12.6540703042981
-60.5745812685793,-12.6306876292981
-60.5610812685793,-12.6073049542981
-60.5475812685793,-12.5839222792981
-60.5340812685793,-12.5605396042981
-60.4935812685793,-12.5371569292981
-61.1010812685793,-12.1864168042981
-61.3035812685793,-12.5371569292981
-60.7230812685793,-12.1864168042981
-60.7500812685793,-12.1864168042981
-60.7770812685793,-12.1864168042981
-60.8040812685793,-12.1864168042981
-60.8310812685793,-12.1864168042981
-60.8580812685793,-12.1864168042981
-60.8850812685793,-12.1864168042981
-60.9120812685793,-12.1864168042981
-60.9390812685793,-12.1864168042981
-60.9660812685793,-12.1864168042981
-60.9930812685793,-12.1864168042981
-61.0200812685793,-12.1864168042981
-61.0470812685793,-12.1864168042981
-61.0740812685793,-12.1864168042981
-61.1145812685793,-12.2097994792981
-61.1280812685793,-12.2331821542981
-61.1415812685793,-12.2565648292981
-61.1550812685793,-12.2799475042981
-61.1685812685793,-12.3033301792981
-61.1820812685793,-12.3267128542981
-61.1955812685793,-12.3500955292981
-61.2090812685793,-12.3734782042981
-61.2225812685793,-12.3968608792981
-61.2360812685793,-12.4202435542981
-61.2495812685793,-12.4436262292981
-61.2630812685793,-12.4670089042981
-61.2765812685793,-12.4903915792981
-61.2900812685793,-12.5137742542981
-61.2900812685793,-12.5605396042981
-61.2765812685793,-12.5839222792981
-61.2630812685793,-12.6073049542981
-61.2495812685793,-12.6306876292981
-61.2360812685793,-12.6540703042981
-61.2225812685793,-12.6774529792981
-61.2090812685793,-12.7008356542981
-61.1955812685793,-12.7242183292981
-61.1820812685793,-12.7476010042981
-60.9660812685793,-12.8878970542981
-60.9390812685793,-12.8878970542981
-60.6690812685793,-12.8411317042981
-60.6555812685793,-12.8177490292981
-60.6420812685793,-12.7943663542981
-60.6285812685793,-12.7709836792981
-60.6150812685793,-12.7476010042981
-60.6015812685793,-12.7242183292981
-60.5880812685793,-12.7008356542981
-60.5745812685793,-12.6774529792981
-60.5610812685793,-12.6540703042981
-60.5475812685793,-12.6306876292981
-60.5340812685793,-12.6073049542981
-60.5205812685793,-12.5839222792981
-60.5070812685793,-12.5605396042981
-60.4665812685793,-12.5371569292981
-61.1280812685793,-12.1864168042981
-61.1415812685793,-12.2097994792981
-61.1550812685793,-12.2331821542981
-61.1685812685793,-12.2565648292981
-61.1820812685793,-12.2799475042981
-61.3035812685793,-12.5839222792981
-61.2900812685793,-12.6073049542981
-61.2765812685793,-12.6306876292981
-61.2630812685793,-12.6540703042981
-61.2495812685793,-12.6774529792981
-61.2360812685793,-12.7008356542981
-61.2225812685793,-12.7242183292981
-60.9525812685793,-12.9112797292981
-60.6420812685793,-12.8411317042981
-60.6285812685793,-12.8177490292981
-60.6150812685793,-12.7943663542981
-60.6015812685793,-12.7709836792981
-60.5880812685793,-12.7476010042981
-60.5745812685793,-12.7242183292981
-60.5610812685793,-12.7008356542981
-60.5475812685793,-12.6774529792981
-60.5340812685793,-12.6540703042981
-60.5205812685793,-12.6306876292981
-60.5070812685793,-12.6073049542981
-60.4935812685793,-12.5839222792981
-60.4800812685793,-12.5605396042981
-61.1550812685793,-12.1864168042981
-61.1685812685793,-12.2097994792981
-61.1820812685793,-12.2331821542981
-61.3170812685793,-12.6073049542981
-61.3035812685793,-12.6306876292981
-61.2900812685793,-12.6540703042981
-61.2765812685793,-12.6774529792981
-61.2630812685793,-12.7008356542981
-61.2495812685793,-12.7242183292981
-60.9660812685793,-12.9346624042981
-60.6420812685793,-12.8878970542981
-60.6285812685793,-12.8645143792981
-60.6150812685793,-12.8411317042981
-60.6015812685793,-12.8177490292981
-60.5880812685793,-12.7943663542981
-60.5745812685793,-12.7709836792981
-60.5610812685793,-12.7476010042981
-60.5475812685793,-12.7242183292981
-60.5340812685793,-12.7008356542981
-60.5205812685793,-12.6774529792981
-60.5070812685793,-12.6540703042981
-60.4935812685793,-12.6306876292981
-60.4800812685793,-12.6073049542981
-60.4665812685793,-12.5839222792981
-60.4530812685793,-12.5605396042981
-61.1820812685793,-12.1864168042981
-61.3305812685793,-12.6306876292981
-61.3170812685793,-12.6540703042981
-61.3035812685793,-12.6774529792981
-61.2900812685793,-12.7008356542981
-61.2765812685793,-12.7242183292981
-60.6420812685793,-12.9346624042981
-60.6285812685793,-12.9112797292981
-60.6150812685793,-12.8878970542981
-60.6015812685793,-12.8645143792981
-60.5880812685793,-12.8411317042981
-60.5475812685793,-12.7709836792981
-60.5340812685793,-12.7476010042981
-60.5205812685793,-12.7242183292981
-60.5070812685793,-12.7008356542981
-60.4935812685793,-12.6774529792981
-60.4800812685793,-12.6540703042981
-60.4665812685793,-12.6306876292981
-60.4530812685793,-12.6073049542981
-61.3305812685793,-12.6774529792981
-61.3170812685793,-12.7008356542981
-60.6285812685793,-12.9580450792982
-60.6150812685793,-12.9346624042981
-60.6015812685793,-12.9112797292981
-60.5880812685793,-12.8878970542981
-60.5205812685793,-12.7709836792981
-60.5070812685793,-12.7476010042981
-60.4935812685793,-12.7242183292981
-60.4800812685793,-12.7008356542981
-60.4665812685793,-12.6774529792981
-60.4530812685793,-12.6540703042981
-60.6150812685793,-12.9814277542982
-60.5070812685793,-12.7943663542981
-60.4935812685793,-12.7709836792981
-60.4800812685793,-12.7476010042981
-60.4665812685793,-12.7242183292981
-60.4530812685793,-12.7008356542981
-60.4800812685793,-12.7943663542981
-60.4665812685793,-12.7709836792981
-60.4530812685793,-12.7476010042981
-60.4665812685793,-12.8177490292981
-60.4530812685793,-12.7943663542981
