-61.6387106464394,-13.1506193649087
-61.6792106464394,-13.1740020399087
-61.4767106464394,-13.2909154149087
-61.6387106464394,-13.1038540149087
-61.6522106464394,-13.1272366899087
-61.6657106464394,-13.1506193649087
-61.5307106464394,-13.2909154149087
-61.5037106464394,-13.2909154149087
-61.4632106464394,-13.2675327399087
-61.6252106464394,-13.0337059899087
-61.7062106464394,-13.1740020399087
-61.6252106464394,-13.3142980899087
-61.4632106464394,-13.3142980899087
-61.5442106464394,-13.0337059899087
-61.5982106464394,-13.0337059899087
-61.6387106464394,-13.0570886649087
-61.6522106464394,-13.0804713399087
-61.6657106464394,-13.1038540149087
-61.6792106464394,-13.1272366899087
-61.6927106464394,-13.1506193649087
-61.5982106464394,-13.3142980899087
-61.5712106464394,-13.3142980899087
-61.5442106464394,-13.3142980899087
-61.5172106464394,-13.3142980899087
-61.4902106464394,-13.3142980899087
-61.4497106464394,-13.2909154149087
-61.4362106464394,-13.2675327399087
-61.4227106464394,-13.2441500649087
-61.6387106464394,-13.0103233149087
-61.7332106464394,-13.1740020399087
-61.6387106464394,-13.3376807649087
-61.4497106464394,-13.3376807649087
-61.5037106464394,-13.0103233149087
-61.5307106464394,-13.0103233149087
-61.5577106464394,-13.0103233149087
-61.5847106464394,-13.0103233149087
-61.6117106464394,-13.0103233149087
-61.6522106464394,-13.0337059899087
-61.6657106464394,-13.0570886649087
-61.6792106464394,-13.0804713399087
-61.6927106464394,-13.1038540149087
-61.7062106464394,-13.1272366899087
-61.7197106464394,-13.1506193649087
-61.7197106464394,-13.1973847149087
-61.6522106464394,-13.3142980899087
-61.6117106464394,-13.3376807649087
-61.5847106464394,-13.3376807649087
-61.5577106464394,-13.3376807649087
-61.5307106464394,-13.3376807649087
-61.5037106464394,-13.3376807649087
-61.4767106464394,-13.3376807649087
-61.4362106464394,-13.3142980899087
-61.4227106464394,-13.2909154149087
-61.4092106464394,-13.2675327399087
-61.3957106464394,-13.2441500649087
-61.6522106464394,-12.9869406399087
-61.7602106464394,-13.1740020399087
-61.6522106464394,-13.3610634399087
-61.4362106464394,-13.3610634399087
-61.5172106464394,-12.9869406399087
-61.5442106464394,-12.9869406399087
-61.5712106464394,-12.9869406399087
-61.5982106464394,-12.9869406399087
-61.6252106464394,-12.9869406399087
-61.6657106464394,-13.0103233149087
-61.6792106464394,-13.0337059899087
-61.6927106464394,-13.0570886649087
-61.7062106464394,-13.0804713399087
-61.7197106464394,-13.1038540149087
-61.7332106464394,-13.1272366899087
-61.7467106464394,-13.1506193649087
-61.7467106464394,-13.1973847149087
-61.6927106464394,-13.2909154149087
-61.6792106464394,-13.3142980899087
-61.6657106464394,-13.3376807649087
-61.6252106464394,-13.3610634399087
-61.5982106464394,-13.3610634399087
-61.5712106464394,-13.3610634399087
-61.5442106464394,-13.3610634399087
-61.5172106464394,-13.3610634399087
-61.4902106464394,-13.3610634399087
-61.4632106464394,-13.3610634399087
-61.4227106464394,-13.3376807649087
-61.4092106464394,-13.3142980899087
-61.3957106464394,-13.2909154149087
-61.3822106464394,-13.2675327399087
-61.3687106464394,-13.2441500649087
-61.6657106464394,-12.9635579649087
-61.7872106464394,-13.1740020399087
-61.6657106464394,-13.3844461149087
-61.4227106464394,-13.3844461149087
-61.5307106464394,-12.9635579649087
-61.5577106464394,-12.9635579649087
-61.5847106464394,-12.9635579649087
-61.6117106464394,-12.9635579649087
-61.6387106464394,-12.9635579649087
-61.6792106464394,-12.9869406399087
-61.6927106464394,-13.0103233149087
-61.7062106464394,-13.0337059899087
-61.7197106464394,-13.0570886649087
-61.7332106464394,-13.0804713399087
-61.7467106464394,-13.1038540149087
-61.7602106464394,-13.1272366899087
-61.7737106464394,-13.1506193649087
-61.7737106464394,-13.1973847149087
-61.7332106464394,-13.2675327399087
-61.7197106464394,-13.2909154149087
-61.7062106464394,-13.3142980899087
-61.6927106464394,-13.3376807649087
-61.6792106464394,-13.3610634399087
-61.6387106464394,-13.3844461149087
-61.6117106464394,-13.3844461149087
-61.5847106464394,-13.3844461149087
-61.5577106464394,-13.3844461149087
-61.5307106464394,-13.3844461149087
-61.5037106464394,-13.3844461149087
-61.4767106464394,-13.3844461149087
-61.4497106464394,-13.3844461149087
-61.4092106464394,-13.3610634399087
-61.3957106464394,-13.3376807649087
-61.3822106464394,-13.3142980899087
-61.3687106464394,-13.2909154149087
-61.6792106464394,-12.9401752899087
-61.8142106464394,-13.1740020399087
-61.6792106464394,-13.4078287899087
-61.4092106464394,-13.4078287899087
-61.5172106464394,-12.9401752899087
-61.5442106464394,-12.9401752899087
-61.5712106464394,-12.9401752899087
-61.5982106464394,-12.9401752899087
-61.6252106464394,-12.9401752899087
-61.6522106464394,-12.9401752899087
-61.6927106464394,-12.9635579649087
-61.7062106464394,-12.9869406399087
-61.7197106464394,-13.0103233149087
-61.7332106464394,-13.0337059899087
-61.7467106464394,-13.0570886649087
-61.7602106464394,-13.0804713399087
-61.7737106464394,-13.1038540149087
-61.7872106464394,-13.1272366899087
-61.8007106464394,-13.1506193649087
-61.8007106464394,-13.1973847149087
-61.7467106464394,-13.2909154149087
-61.7332106464394,-13.3142980899087
-61.7197106464394,-13.3376807649087
-61.7062106464394,-13.3610634399087
-61.6927106464394,-13.3844461149087
-61.6522106464394,-13.4078287899087
-61.6252106464394,-13.4078287899087
-61.5982106464394,-13.4078287899087
-61.5712106464394,-13.4078287899087
-61.5442106464394,-13.4078287899087
-61.5172106464394,-13.4078287899087
-61.4902106464394,-13.4078287899087
-61.4632106464394,-13.4078287899087
-61.4362106464394,-13.4078287899087
-61.3957106464394,-13.3844461149087
-61.3822106464394,-13.3610634399087
-61.3687106464394,-13.3376807649087
-61.6927106464394,-12.9167926149087
-61.8412106464394,-13.1740020399087
-61.6927106464394,-13.4312114649087
-61.3957106464394,-13.4312114649087
-61.5037106464394,-12.9167926149087
-61.5307106464394,-12.9167926149087
-61.5577106464394,-12.9167926149087
-61.5847106464394,-12.9167926149087
-61.6117106464394,-12.9167926149087
-61.6387106464394,-12.9167926149087
-61.6657106464394,-12.9167926149087
-61.7062106464394,-12.9401752899087
-61.7197106464394,-12.9635579649087
-61.7332106464394,-12.9869406399087
-61.7467106464394,-13.0103233149087
-61.7602106464394,-13.0337059899087
-61.7737106464394,-13.0570886649087
-61.7872106464394,-13.0804713399087
-61.8007106464394,-13.1038540149087
-61.8142106464394,-13.1272366899087
-61.8277106464394,-13.1506193649087
-61.8277106464394,-13.1973847149087
-61.7737106464394,-13.2909154149087
-61.7602106464394,-13.3142980899087
-61.7467106464394,-13.3376807649087
-61.7332106464394,-13.3610634399087
-61.7197106464394,-13.3844461149087
-61.7062106464394,-13.4078287899087
-61.6657106464394,-13.4312114649087
-61.6387106464394,-13.4312114649087
-61.6117106464394,-13.4312114649087
-61.5847106464394,-13.4312114649087
-61.5577106464394,-13.4312114649087
-61.5307106464394,-13.4312114649087
-61.5037106464394,-13.4312114649087
-61.4767106464394,-13.4312114649087
-61.4497106464394,-13.4312114649087
-61.4227106464394,-13.4312114649087
-61.3822106464394,-13.4078287899087
-61.3687106464394,-13.3844461149087
-61.7062106464394,-12.8934099399087
-61.8682106464394,-13.1740020399087
-61.7062106464394,-13.4545941399087
-61.3822106464394,-13.4545941399087
-61.4902106464394,-12.8934099399087
-61.5172106464394,-12.8934099399087
-61.5442106464394,-12.8934099399087
-61.5712106464394,-12.8934099399087
-61.5982106464394,-12.8934099399087
-61.6252106464394,-12.8934099399087
-61.6522106464394,-12.8934099399087
-61.6792106464394,-12.8934099399087
-61.7197106464394,-12.9167926149087
-61.7332106464394,-12.9401752899087
-61.7467106464394,-12.9635579649087
-61.7602106464394,-12.9869406399087
-61.7737106464394,-13.0103233149087
-61.7872106464394,-13.0337059899087
-61.8007106464394,-13.0570886649087
-61.8142106464394,-13.0804713399087
-61.8277106464394,-13.1038540149087
-61.8412106464394,-13.1272366899087
-61.8547106464394,-13.1506193649087
-61.8547106464394,-13.1973847149087
-61.7872106464394,-13.3142980899087
-61.7737106464394,-13.3376807649087
-61.7602106464394,-13.3610634399087
-61.7467106464394,-13.3844461149087
-61.7332106464394,-13.4078287899087
-61.7197106464394,-13.4312114649087
-61.6792106464394,-13.4545941399087
-61.6522106464394,-13.4545941399087
-61.6252106464394,-13.4545941399087
-61.5982106464394,-13.4545941399087
-61.5712106464394,-13.4545941399087
-61.5442106464394,-13.4545941399087
-61.5172106464394,-13.4545941399087
-61.4902106464394,-13.4545941399087
-61.4632106464394,-13.4545941399087
-61.4362106464394,-13.4545941399087
-61.4092106464394,-13.4545941399087
-61.3687106464394,-13.4312114649087
-61.3552106464394,-13.4078287899087
-61.3417106464394,-13.3844461149087
-61.7197106464394,-12.8700272649087
-61.8952106464394,-13.1740020399087
-61.7197106464394,-13.4779768149087
-61.3687106464394,-13.4779768149087
-61.4767106464394,-12.8700272649087
-61.5037106464394,-12.8700272649087
-61.5307106464394,-12.8700272649087
-61.5577106464394,-12.8700272649087
-61.5847106464394,-12.8700272649087
-61.6117106464394,-12.8700272649087
-61.6387106464394,-12.8700272649087
-61.6657106464394,-12.8700272649087
-61.6927106464394,-12.8700272649087
-61.7332106464394,-12.8934099399087
-61.7467106464394,-12.9167926149087
-61.7602106464394,-12.9401752899087
-61.7737106464394,-12.9635579649087
-61.7872106464394,-12.9869406399087
-61.8007106464394,-13.0103233149087
-61.8142106464394,-13.0337059899087
-61.8277106464394,-13.0570886649087
-61.8412106464394,-13.0804713399087
-61.8547106464394,-13.1038540149087
-61.8682106464394,-13.1272366899087
-61.8817106464394,-13.1506193649087
-61.8817106464394,-13.1973847149087
-61.8682106464394,-13.2207673899087
-61.8142106464394,-13.3142980899087
-61.8007106464394,-13.3376807649087
-61.7872106464394,-13.3610634399087
-61.7737106464394,-13.3844461149087
-61.7602106464394,-13.4078287899087
-61.7467106464394,-13.4312114649087
-61.7332106464394,-13.4545941399087
-61.6927106464394,-13.4779768149087
-61.6657106464394,-13.4779768149087
-61.6387106464394,-13.4779768149087
-61.6117106464394,-13.4779768149087
-61.5847106464394,-13.4779768149087
-61.5577106464394,-13.4779768149087
-61.5307106464394,-13.4779768149087
-61.5037106464394,-13.4779768149087
-61.4767106464394,-13.4779768149087
-61.4497106464394,-13.4779768149087
-61.4227106464394,-13.4779768149087
-61.3957106464394,-13.4779768149087
-61.3552106464394,-13.4545941399087
-61.3417106464394,-13.4312114649087
-61.3282106464394,-13.4078287899087
-61.3147106464394,-13.3844461149087
-61.7332106464394,-12.8466445899087
-61.9222106464394,-13.1740020399087
-61.7332106464394,-13.5013594899087
-61.3552106464394,-13.5013594899087
-61.4902106464394,-12.8466445899087
-61.5172106464394,-12.8466445899087
-61.5442106464394,-12.8466445899087
-61.5712106464394,-12.8466445899087
-61.5982106464394,-12.8466445899087
-61.6252106464394,-12.8466445899087
-61.6522106464394,-12.8466445899087
-61.6792106464394,-12.8466445899087
-61.7062106464394,-12.8466445899087
-61.7467106464394,-12.8700272649087
-61.7602106464394,-12.8934099399087
-61.7737106464394,-12.9167926149087
-61.7872106464394,-12.9401752899087
-61.8007106464394,-12.9635579649087
-61.8142106464394,-12.9869406399087
-61.8277106464394,-13.0103233149087
-61.8412106464394,-13.0337059899087
-61.8547106464394,-13.0570886649087
-61.8682106464394,-13.0804713399087
-61.8817106464394,-13.1038540149087
-61.8952106464394,-13.1272366899087
-61.9087106464394,-13.1506193649087
-61.9087106464394,-13.1973847149087
-61.8952106464394,-13.2207673899087
-61.8817106464394,-13.2441500649087
-61.8547106464394,-13.2909154149087
-61.8412106464394,-13.3142980899087
-61.8277106464394,-13.3376807649087
-61.8142106464394,-13.3610634399087
-61.8007106464394,-13.3844461149087
-61.7872106464394,-13.4078287899087
-61.7737106464394,-13.4312114649087
-61.7602106464394,-13.4545941399087
-61.7467106464394,-13.4779768149087
-61.7062106464394,-13.5013594899087
-61.6792106464394,-13.5013594899087
-61.6522106464394,-13.5013594899087
-61.6252106464394,-13.5013594899087
-61.5712106464394,-13.5013594899087
-61.5442106464394,-13.5013594899087
-61.5172106464394,-13.5013594899087
-61.4902106464394,-13.5013594899087
-61.4632106464394,-13.5013594899087
-61.4362106464394,-13.5013594899087
-61.4092106464394,-13.5013594899087
-61.3822106464394,-13.5013594899087
-61.3417106464394,-13.4779768149087
-61.3282106464394,-13.4545941399087
-61.3147106464394,-13.4312114649087
-61.3012106464394,-13.4078287899087
-61.2877106464394,-13.3844461149087
-61.7467106464394,-12.8232619149087
-61.9492106464394,-13.1740020399087
-61.4767106464394,-12.8232619149087
-61.5037106464394,-12.8232619149087
-61.5307106464394,-12.8232619149087
-61.5577106464394,-12.8232619149087
-61.5847106464394,-12.8232619149087
-61.6117106464394,-12.8232619149087
-61.6387106464394,-12.8232619149087
-61.6657106464394,-12.8232619149087
-61.6927106464394,-12.8232619149087
-61.7197106464394,-12.8232619149087
-61.7602106464394,-12.8466445899087
-61.7737106464394,-12.8700272649087
-61.7872106464394,-12.8934099399087
-61.8007106464394,-12.9167926149087
-61.8142106464394,-12.9401752899087
-61.8277106464394,-12.9635579649087
-61.8412106464394,-12.9869406399087
-61.8547106464394,-13.0103233149087
-61.8682106464394,-13.0337059899087
-61.8817106464394,-13.0570886649087
-61.8952106464394,-13.0804713399087
-61.9087106464394,-13.1038540149087
-61.9222106464394,-13.1272366899087
-61.9357106464394,-13.1506193649087
-61.9357106464394,-13.1973847149087
-61.9222106464394,-13.2207673899087
-61.9087106464394,-13.2441500649087
-61.8682106464394,-13.3142980899087
-61.8547106464394,-13.3376807649087
-61.8412106464394,-13.3610634399087
-61.8277106464394,-13.3844461149087
-61.8142106464394,-13.4078287899087
-61.8007106464394,-13.4312114649087
-61.7872106464394,-13.4545941399087
-61.7737106464394,-13.4779768149087
-61.7602106464394,-13.5013594899087
-61.5307106464394,-13.5247421649087
-61.5037106464394,-13.5247421649087
-61.4767106464394,-13.5247421649087
-61.4497106464394,-13.5247421649087
-61.4227106464394,-13.5247421649087
-61.3282106464394,-13.5013594899087
-61.3147106464394,-13.4779768149087
-61.3012106464394,-13.4545941399087
-61.2877106464394,-13.4312114649087
-61.2742106464394,-13.4078287899087
-61.2607106464394,-13.3844461149087
-61.9762106464394,-13.1740020399087
-61.4632106464394,-12.7998792399087
-61.4902106464394,-12.7998792399087
-61.5172106464394,-12.7998792399087
-61.5442106464394,-12.7998792399087
-61.5712106464394,-12.7998792399087
-61.5982106464394,-12.7998792399087
-61.6252106464394,-12.7998792399087
-61.6522106464394,-12.7998792399087
-61.6792106464394,-12.7998792399087
-61.7062106464394,-12.7998792399087
-61.7332106464394,-12.7998792399087
-61.7737106464394,-12.8232619149087
-61.7872106464394,-12.8466445899087
-61.8007106464394,-12.8700272649087
-61.8142106464394,-12.8934099399087
-61.8277106464394,-12.9167926149087
-61.8412106464394,-12.9401752899087
-61.8547106464394,-12.9635579649087
-61.8682106464394,-12.9869406399087
-61.8817106464394,-13.0103233149087
-61.8952106464394,-13.0337059899087
-61.9087106464394,-13.0570886649087
-61.9222106464394,-13.0804713399087
-61.9357106464394,-13.1038540149087
-61.9492106464394,-13.1272366899087
-61.9627106464394,-13.1506193649087
-61.9627106464394,-13.1973847149087
-61.9492106464394,-13.2207673899087
-61.9357106464394,-13.2441500649087
-61.9222106464394,-13.2675327399087
-61.9087106464394,-13.2909154149087
-61.8952106464394,-13.3142980899087
-61.8817106464394,-13.3376807649087
-61.8682106464394,-13.3610634399087
-61.8547106464394,-13.3844461149087
-61.8412106464394,-13.4078287899087
-61.8277106464394,-13.4312114649087
-61.8142106464394,-13.4545941399087
-61.8007106464394,-13.4779768149087
-61.7872106464394,-13.5013594899087
-61.4632106464394,-13.5481248399087
-61.2877106464394,-13.4779768149087
-61.2742106464394,-13.4545941399087
-61.2607106464394,-13.4312114649087
-61.2472106464394,-13.4078287899087
-61.2337106464394,-13.3844461149087
-62.0032106464394,-13.1740020399087
-61.4497106464394,-12.7764965649087
-61.4767106464394,-12.7764965649087
-61.5037106464394,-12.7764965649087
-61.5307106464394,-12.7764965649087
-61.5577106464394,-12.7764965649087
-61.5847106464394,-12.7764965649087
-61.6117106464394,-12.7764965649087
-61.6387106464394,-12.7764965649087
-61.6657106464394,-12.7764965649087
-61.6927106464394,-12.7764965649087
-61.8007106464394,-12.8232619149087
-61.8142106464394,-12.8466445899087
-61.8277106464394,-12.8700272649087
-61.8412106464394,-12.8934099399087
-61.8547106464394,-12.9167926149087
-61.8682106464394,-12.9401752899087
-61.8817106464394,-12.9635579649087
-61.8952106464394,-12.9869406399087
-61.9087106464394,-13.0103233149087
-61.9222106464394,-13.0337059899087
-61.9357106464394,-13.0570886649087
-61.9492106464394,-13.0804713399087
-61.9627106464394,-13.1038540149087
-61.9762106464394,-13.1272366899087
-61.9897106464394,-13.1506193649087
-61.9897106464394,-13.1973847149087
-61.9762106464394,-13.2207673899087
-61.9627106464394,-13.2441500649087
-61.9492106464394,-13.2675327399087
-61.9357106464394,-13.2909154149087
-61.9222106464394,-13.3142980899087
-61.9087106464394,-13.3376807649087
-61.8952106464394,-13.3610634399087
-61.8817106464394,-13.3844461149087
-61.8682106464394,-13.4078287899087
-61.8547106464394,-13.4312114649087
-61.8412106464394,-13.4545941399087
-61.8277106464394,-13.4779768149087
-61.8142106464394,-13.5013594899087
-61.8007106464394,-13.5247421649087
-61.2742106464394,-13.5013594899087
-61.2607106464394,-13.4779768149087
-61.2472106464394,-13.4545941399087
-61.2337106464394,-13.4312114649087
-61.2202106464394,-13.4078287899087
-61.2067106464394,-13.3844461149087
-62.0302106464394,-13.1740020399087
-61.4362106464394,-12.7531138899087
-61.4632106464394,-12.7531138899087
-61.4902106464394,-12.7531138899087
-61.5172106464394,-12.7531138899087
-61.5442106464394,-12.7531138899087
-61.5712106464394,-12.7531138899087
-61.5982106464394,-12.7531138899087
-61.6252106464394,-12.7531138899087
-61.6522106464394,-12.7531138899087
-61.6792106464394,-12.7531138899087
-61.8547106464394,-12.8700272649087
-61.8682106464394,-12.8934099399087
-61.8817106464394,-12.9167926149087
-61.8952106464394,-12.9401752899087
-61.9087106464394,-12.9635579649087
-61.9222106464394,-12.9869406399087
-61.9357106464394,-13.0103233149087
-61.9492106464394,-13.0337059899087
-61.9627106464394,-13.0570886649087
-61.9762106464394,-13.0804713399087
-61.9897106464394,-13.1038540149087
-62.0032106464394,-13.1272366899087
-62.0167106464394,-13.1506193649087
-62.0167106464394,-13.1973847149087
-62.0032106464394,-13.2207673899087
-61.9897106464394,-13.2441500649087
-61.9762106464394,-13.2675327399087
-61.9627106464394,-13.2909154149087
-61.9492106464394,-13.3142980899087
-61.9357106464394,-13.3376807649087
-61.9222106464394,-13.3610634399087
-61.9087106464394,-13.3844461149087
-61.8952106464394,-13.4078287899087
-61.8817106464394,-13.4312114649087
-61.8682106464394,-13.4545941399087
-61.8547106464394,-13.4779768149087
-61.8412106464394,-13.5013594899087
-61.2337106464394,-13.4779768149087
-61.2202106464394,-13.4545941399087
-61.2067106464394,-13.4312114649087
-61.1932106464394,-13.4078287899087
-61.1797106464394,-13.3844461149087
-62.0572106464394,-13.1740020399087
-61.4497106464394,-12.7297312149087
-61.4767106464394,-12.7297312149087
-61.5037106464394,-12.7297312149087
-61.5307106464394,-12.7297312149087
-61.5577106464394,-12.7297312149087
-61.5847106464394,-12.7297312149087
-61.6117106464394,-12.7297312149087
-61.8817106464394,-12.8700272649087
-61.9627106464394,-13.0103233149087
-61.9762106464394,-13.0337059899087
-61.9897106464394,-13.0570886649087
-62.0032106464394,-13.0804713399087
-62.0167106464394,-13.1038540149087
-62.0302106464394,-13.1272366899087
-62.0437106464394,-13.1506193649087
-62.0437106464394,-13.1973847149087
-62.0302106464394,-13.2207673899087
-62.0167106464394,-13.2441500649087
-62.0032106464394,-13.2675327399087
-61.9897106464394,-13.2909154149087
-61.9762106464394,-13.3142980899087
-61.9627106464394,-13.3376807649087
-61.9492106464394,-13.3610634399087
-61.9357106464394,-13.3844461149087
-61.9222106464394,-13.4078287899087
-61.9087106464394,-13.4312114649087
-61.8682106464394,-13.5013594899087
-61.8547106464394,-13.5247421649087
-61.2337106464394,-13.5247421649087
-61.2202106464394,-13.5013594899087
-61.2067106464394,-13.4779768149087
-61.1932106464394,-13.4545941399087
-61.1797106464394,-13.4312114649087
-61.1662106464394,-13.4078287899087
-61.1527106464394,-13.3844461149087
-62.0842106464394,-13.1740020399087
-61.4092106464394,-12.7063485399087
-61.4362106464394,-12.7063485399087
-61.4632106464394,-12.7063485399087
-61.4902106464394,-12.7063485399087
-61.5172106464394,-12.7063485399087
-61.5442106464394,-12.7063485399087
-61.5712106464394,-12.7063485399087
-62.0707106464394,-13.1973847149087
-62.0572106464394,-13.2207673899087
-62.0437106464394,-13.2441500649087
-62.0302106464394,-13.2675327399087
-62.0167106464394,-13.2909154149087
-62.0032106464394,-13.3142980899087
-61.9897106464394,-13.3376807649087
-61.9762106464394,-13.3610634399087
-61.9492106464394,-13.4078287899087
-61.2067106464394,-13.5247421649087
-61.1932106464394,-13.5013594899087
-61.1797106464394,-13.4779768149087
-61.1662106464394,-13.4545941399087
-61.1527106464394,-13.4312114649087
-61.1392106464394,-13.4078287899087
-61.1257106464394,-13.3844461149087
-61.3957106464394,-12.6829658649087
-61.4227106464394,-12.6829658649087
-61.4497106464394,-12.6829658649087
-61.4767106464394,-12.6829658649087
-61.5037106464394,-12.6829658649087
-61.5307106464394,-12.6829658649087
-62.0977106464394,-13.1973847149087
-62.0842106464394,-13.2207673899087
-62.0707106464394,-13.2441500649087
-62.0572106464394,-13.2675327399087
-62.0437106464394,-13.2909154149087
-62.0302106464394,-13.3142980899087
-61.1662106464394,-13.5013594899087
-61.1527106464394,-13.4779768149087
-61.1392106464394,-13.4545941399087
-61.1257106464394,-13.4312114649087
-61.1122106464394,-13.4078287899087
-61.0987106464394,-13.3844461149087
-61.0312106464394,-13.2675327399087
-61.3822106464394,-12.6595831899087
-61.4092106464394,-12.6595831899087
-61.4362106464394,-12.6595831899087
-61.4632106464394,-12.6595831899087
-61.4902106464394,-12.6595831899087
-61.5172106464394,-12.6595831899087
-62.0977106464394,-13.2441500649087
-62.0842106464394,-13.2675327399087
-62.0707106464394,-13.2909154149087
-61.1527106464394,-13.5247421649087
-61.1392106464394,-13.5013594899087
-61.1257106464394,-13.4779768149087
-61.1122106464394,-13.4545941399087
-61.0987106464394,-13.4312114649087
-61.0852106464394,-13.4078287899087
-61.0717106464394,-13.3844461149087
-61.0312106464394,-13.3142980899087
-61.0177106464394,-13.2909154149087
-61.0042106464394,-13.2675327399087
-61.3687106464394,-12.6362005149087
-61.3957106464394,-12.6362005149087
-61.4227106464394,-12.6362005149087
-61.4497106464394,-12.6362005149087
-61.4767106464394,-12.6362005149087
-61.5037106464394,-12.6362005149087
-61.5307106464394,-12.6362005149087
-61.1122106464394,-13.5013594899087
-61.0987106464394,-13.4779768149087
-61.0852106464394,-13.4545941399087
-61.0717106464394,-13.4312114649087
-61.0582106464394,-13.4078287899087
-61.0447106464394,-13.3844461149087
-61.0312106464394,-13.3610634399087
-61.0177106464394,-13.3376807649087
-61.0042106464394,-13.3142980899087
-60.9907106464394,-13.2909154149087
-60.9772106464394,-13.2675327399087
-61.3552106464394,-12.6128178399087
-61.3822106464394,-12.6128178399087
-61.4092106464394,-12.6128178399087
-61.4362106464394,-12.6128178399087
-61.4632106464394,-12.6128178399087
-61.4902106464394,-12.6128178399087
-61.5172106464394,-12.6128178399087
-61.0717106464394,-13.4779768149087
-61.0582106464394,-13.4545941399087
-61.0447106464394,-13.4312114649087
-61.0312106464394,-13.4078287899087
-61.0177106464394,-13.3844461149087
-61.0042106464394,-13.3610634399087
-60.9907106464394,-13.3376807649087
-60.9772106464394,-13.3142980899087
-60.9637106464394,-13.2909154149087
-61.3687106464394,-12.5894351649087
-61.3957106464394,-12.5894351649087
-61.4227106464394,-12.5894351649087
-61.4497106464394,-12.5894351649087
-61.4767106464394,-12.5894351649087
-61.5037106464394,-12.5894351649087
-61.0582106464394,-13.5013594899087
-61.0447106464394,-13.4779768149087
-61.0312106464394,-13.4545941399087
-61.0177106464394,-13.4312114649087
-61.0042106464394,-13.4078287899087
-60.9907106464394,-13.3844461149087
-60.9772106464394,-13.3610634399087
-60.9637106464394,-13.3376807649087
-61.3822106464394,-12.5660524899087
-61.4092106464394,-12.5660524899087
-61.4362106464394,-12.5660524899087
-61.4632106464394,-12.5660524899087
-61.4902106464394,-12.5660524899087
-61.5172106464394,-12.5660524899087
-61.0177106464394,-13.4779768149087
-61.0042106464394,-13.4545941399087
-60.9907106464394,-13.4312114649087
-60.9772106464394,-13.4078287899087
-60.9637106464394,-13.3844461149087
-60.9502106464394,-13.3610634399087
-60.9367106464394,-13.3376807649087
-61.3687106464394,-12.5426698149087
-61.3957106464394,-12.5426698149087
-61.4227106464394,-12.5426698149087
-61.4497106464394,-12.5426698149087
-61.4767106464394,-12.5426698149087
-61.5037106464394,-12.5426698149087
-60.9907106464394,-13.4779768149087
-60.9772106464394,-13.4545941399087
-60.9637106464394,-13.4312114649087
-60.9502106464394,-13.4078287899087
-60.9367106464394,-13.3844461149087
-60.9232106464394,-13.3610634399087
-60.9097106464394,-13.3376807649087
-61.3822106464394,-12.5192871399087
-61.4092106464394,-12.5192871399087
-61.4362106464394,-12.5192871399087
-61.4632106464394,-12.5192871399087
-61.4902106464394,-12.5192871399087
-61.5172106464394,-12.5192871399087
-61.0042106464394,-13.5481248399087
-60.9907106464394,-13.5247421649087
-60.9772106464394,-13.5013594899087
-60.9637106464394,-13.4779768149087
-60.9502106464394,-13.4545941399087
-60.9367106464394,-13.4312114649087
-60.9232106464394,-13.4078287899087
-60.9097106464394,-13.3844461149087
-60.8962106464394,-13.3610634399087
-60.8827106464394,-13.3376807649087
-61.3957106464394,-12.4959044649087
-61.4497106464394,-12.4959044649087
-61.4767106464394,-12.4959044649087
-61.5037106464394,-12.4959044649087
-61.5307106464394,-12.4959044649087
-60.9637106464394,-13.5247421649087
-60.9502106464394,-13.5013594899087
-60.9367106464394,-13.4779768149087
-60.9232106464394,-13.4545941399087
-60.9097106464394,-13.4312114649087
-60.8962106464394,-13.4078287899087
-60.8827106464394,-13.3844461149087
-60.8692106464394,-13.3610634399087
-60.8557106464394,-13.3376807649087
-61.4902106464394,-12.4725217899087
-61.5172106464394,-12.4725217899087
-61.5442106464394,-12.4725217899087
-60.9502106464394,-13.5481248399087
-60.9367106464394,-13.5247421649087
-60.9232106464394,-13.5013594899087
-60.9097106464394,-13.4779768149087
-60.8962106464394,-13.4545941399087
-60.8827106464394,-13.4312114649087
-60.8692106464394,-13.4078287899087
-60.8557106464394,-13.3844461149087
-60.8422106464394,-13.3610634399087
-60.8287106464394,-13.3376807649087
-60.9097106464394,-13.5247421649087
-60.8962106464394,-13.5013594899087
-60.8827106464394,-13.4779768149087
-60.8692106464394,-13.4545941399087
-60.8557106464394,-13.4312114649087
-60.8422106464394,-13.4078287899087
-60.8287106464394,-13.3844461149087
-60.8152106464394,-13.3610634399087
-60.8017106464394,-13.3376807649087
-60.8962106464394,-13.5481248399087
-60.8827106464394,-13.5247421649087
-60.8692106464394,-13.5013594899087
-60.8557106464394,-13.4779768149087
-60.8422106464394,-13.4545941399087
-60.8287106464394,-13.4312114649087
-60.8152106464394,-13.4078287899087
-60.8017106464394,-13.3844461149087
-60.7882106464394,-13.3610634399087
-60.7747106464394,-13.3376807649087
-60.8557106464394,-13.5247421649087
-60.8422106464394,-13.5013594899087
-60.8152106464394,-13.4545941399087
-60.8017106464394,-13.4312114649087
-60.7882106464394,-13.4078287899087
-60.7747106464394,-13.3844461149087
-60.7612106464394,-13.3610634399087
-60.7477106464394,-13.3376807649087
-60.7477106464394,-13.3844461149087
-60.7342106464394,-13.3610634399087
-60.7207106464394,-13.3376807649087
-60.7207106464394,-13.3844461149087
