-62.2796926797887,-11.6425116343590
-62.2526926797887,-11.6425116343590
-62.2661926797887,-11.6191289593590
-62.2931926797887,-11.6191289593590
-62.3066926797887,-11.6425116343590
-62.2931926797887,-11.6658943093590
-62.2661926797887,-11.6658943093590
-62.2256926797887,-11.6425116343590
-62.2526926797887,-11.5957462843590
-62.3066926797887,-11.5957462843590
-62.3336926797887,-11.6425116343590
-62.3066926797887,-11.6892769843590
-62.2526926797887,-11.6892769843590
-62.2391926797887,-11.6191289593590
-62.2796926797887,-11.5957462843590
-62.3201926797887,-11.6191289593590
-62.3201926797887,-11.6658943093590
-62.2796926797887,-11.6892769843590
-62.2391926797887,-11.6658943093590
-62.1986926797887,-11.6425116343590
-62.2391926797887,-11.5723636093590
-62.3201926797887,-11.5723636093590
-62.3606926797887,-11.6425116343590
-62.3201926797887,-11.7126596593590
-62.2391926797887,-11.7126596593590
-62.2121926797887,-11.6191289593590
-62.2256926797887,-11.5957462843590
-62.2661926797887,-11.5723636093590
-62.2931926797887,-11.5723636093590
-62.3336926797887,-11.5957462843590
-62.3471926797887,-11.6191289593590
-62.3471926797887,-11.6658943093590
-62.3336926797887,-11.6892769843590
-62.2931926797887,-11.7126596593590
-62.2661926797887,-11.7126596593590
-62.2256926797887,-11.6892769843590
-62.2121926797887,-11.6658943093590
-62.2256926797887,-11.5489809343590
-62.3336926797887,-11.5489809343590
-62.3876926797887,-11.6425116343590
-62.3336926797887,-11.7360423343590
-62.2256926797887,-11.7360423343590
-62.1851926797887,-11.6191289593590
-62.1986926797887,-11.5957462843590
-62.2121926797887,-11.5723636093590
-62.2526926797887,-11.5489809343590
-62.2796926797887,-11.5489809343590
-62.3066926797887,-11.5489809343590
-62.3471926797887,-11.5723636093590
-62.3606926797887,-11.5957462843590
-62.3741926797887,-11.6191289593590
-62.3741926797887,-11.6658943093590
-62.3606926797887,-11.6892769843590
-62.3471926797887,-11.7126596593590
-62.3066926797887,-11.7360423343590
-62.2796926797887,-11.7360423343590
-62.2526926797887,-11.7360423343590
-62.2121926797887,-11.7126596593590
-62.1986926797887,-11.6892769843590
-62.2121926797887,-11.5255982593590
-62.4146926797887,-11.6425116343590
-62.3471926797887,-11.7594250093590
-62.2121926797887,-11.7594250093590
-62.1851926797887,-11.5723636093590
-62.1986926797887,-11.5489809343590
-62.2391926797887,-11.5255982593590
-62.2661926797887,-11.5255982593590
-62.2931926797887,-11.5255982593590
-62.3201926797887,-11.5255982593590
-62.3606926797887,-11.5489809343590
-62.3741926797887,-11.5723636093590
-62.3876926797887,-11.5957462843590
-62.4011926797887,-11.6191289593590
-62.4011926797887,-11.6658943093590
-62.3876926797887,-11.6892769843590
-62.3741926797887,-11.7126596593590
-62.3606926797887,-11.7360423343590
-62.3201926797887,-11.7594250093590
-62.2931926797887,-11.7594250093590
-62.2661926797887,-11.7594250093590
-62.2391926797887,-11.7594250093590
-62.1986926797887,-11.5022155843590
-62.4416926797887,-11.6425116343590
-62.3606926797887,-11.7828076843590
-62.1986926797887,-11.7828076843590
-62.1851926797887,-11.5255982593590
-62.2256926797887,-11.5022155843590
-62.2526926797887,-11.5022155843590
-62.2796926797887,-11.5022155843590
-62.3066926797887,-11.5022155843590
-62.4011926797887,-11.5723636093590
-62.4146926797887,-11.5957462843590
-62.4281926797887,-11.6191289593590
-62.4281926797887,-11.6658943093590
-62.4146926797887,-11.6892769843590
-62.4011926797887,-11.7126596593590
-62.3876926797887,-11.7360423343590
-62.3741926797887,-11.7594250093590
-62.3336926797887,-11.7828076843590
-62.3066926797887,-11.7828076843590
-62.2796926797887,-11.7828076843590
-62.2526926797887,-11.7828076843590
-62.2256926797887,-11.7828076843590
-62.1851926797887,-11.4788329093589
-62.4686926797887,-11.6425116343590
-62.3741926797887,-11.8061903593590
-62.1581926797887,-11.5255982593590
-62.1716926797887,-11.5022155843590
-62.2121926797887,-11.4788329093589
-62.2391926797887,-11.4788329093589
-62.2661926797887,-11.4788329093589
-62.2931926797887,-11.4788329093589
-62.4551926797887,-11.6191289593590
-62.4551926797887,-11.6658943093590
-62.4416926797887,-11.6892769843590
-62.4281926797887,-11.7126596593590
-62.4146926797887,-11.7360423343590
-62.4011926797887,-11.7594250093590
-62.3876926797887,-11.7828076843590
-62.3471926797887,-11.8061903593590
-62.3201926797887,-11.8061903593590
-62.2931926797887,-11.8061903593590
-62.2661926797887,-11.8061903593590
-62.2391926797887,-11.8061903593590
-62.2121926797887,-11.8061903593590
-62.1716926797887,-11.4554502343589
-62.3876926797887,-11.8295730343590
-62.1311926797887,-11.5255982593590
-62.1446926797887,-11.5022155843590
-62.1581926797887,-11.4788329093589
-62.1986926797887,-11.4554502343589
-62.2256926797887,-11.4554502343589
-62.2526926797887,-11.4554502343589
-62.2796926797887,-11.4554502343589
-62.4686926797887,-11.5957462843590
-62.4686926797887,-11.6892769843590
-62.4551926797887,-11.7126596593590
-62.4416926797887,-11.7360423343590
-62.4281926797887,-11.7594250093590
-62.4146926797887,-11.7828076843590
-62.4011926797887,-11.8061903593590
-62.3606926797887,-11.8295730343590
-62.3336926797887,-11.8295730343590
-62.3066926797887,-11.8295730343590
-62.2796926797887,-11.8295730343590
-62.2526926797887,-11.8295730343590
-62.2256926797887,-11.8295730343590
-62.1581926797887,-11.4320675593589
-62.4011926797887,-11.8529557093590
-62.1176926797887,-11.5022155843590
-62.1311926797887,-11.4788329093589
-62.1446926797887,-11.4554502343589
-62.1851926797887,-11.4320675593589
-62.2391926797887,-11.4320675593589
-62.4686926797887,-11.7360423343590
-62.4551926797887,-11.7594250093590
-62.4416926797887,-11.7828076843590
-62.4281926797887,-11.8061903593590
-62.4146926797887,-11.8295730343590
-62.3741926797887,-11.8529557093590
-62.3471926797887,-11.8529557093590
-62.3201926797887,-11.8529557093590
-62.2931926797887,-11.8529557093590
-62.2661926797887,-11.8529557093590
-62.2391926797887,-11.8529557093590
-62.1446926797887,-11.4086848843589
-62.4146926797887,-11.8763383843590
-62.0906926797887,-11.5022155843590
-62.1041926797887,-11.4788329093589
-62.1176926797887,-11.4554502343589
-62.1311926797887,-11.4320675593589
-62.4686926797887,-11.7828076843590
-62.4551926797887,-11.8061903593590
-62.4416926797887,-11.8295730343590
-62.4281926797887,-11.8529557093590
-62.3876926797887,-11.8763383843590
-62.3606926797887,-11.8763383843590
-62.3336926797887,-11.8763383843590
-62.3066926797887,-11.8763383843590
-62.2796926797887,-11.8763383843590
-62.2526926797887,-11.8763383843590
-62.2256926797887,-11.8763383843590
-62.1311926797887,-11.3853022093589
-62.4281926797887,-11.8997210593590
-62.0906926797887,-11.4554502343589
-62.1041926797887,-11.4320675593589
-62.1176926797887,-11.4086848843589
-62.4686926797887,-11.8295730343590
-62.4551926797887,-11.8529557093590
-62.4416926797887,-11.8763383843590
-62.4011926797887,-11.8997210593590
-62.3741926797887,-11.8997210593590
-62.3471926797887,-11.8997210593590
-62.3201926797887,-11.8997210593590
-62.2661926797887,-11.8997210593590
-62.2391926797887,-11.8997210593590
-62.1176926797887,-11.3619195343589
-62.4416926797887,-11.9231037343590
-62.0771926797887,-11.4320675593589
-62.0906926797887,-11.4086848843589
-62.1041926797887,-11.3853022093589
-62.4551926797887,-11.8997210593590
-62.4146926797887,-11.9231037343590
-62.1041926797887,-11.3385368593589
-62.4551926797887,-11.9464864093590
-62.0501926797887,-11.4320675593589
-62.0636926797887,-11.4086848843589
-62.0771926797887,-11.3853022093589
-62.0906926797887,-11.3619195343589
-62.0906926797887,-11.3151541843589
-62.0366926797887,-11.4086848843589
-62.0501926797887,-11.3853022093589
-62.0636926797887,-11.3619195343589
-62.0771926797887,-11.3385368593589
-62.0366926797887,-11.3619195343589
-62.0501926797887,-11.3385368593589
-62.0636926797887,-11.3151541843589
-62.0231926797887,-11.3385368593589
-62.0366926797887,-11.3151541843589
-61.9961926797887,-11.3385368593589
-62.0096926797887,-11.3151541843589
-61.9826926797887,-11.3151541843589
-61.9961926797887,-11.2917715093589
