-61.7568421178797,-10.4630027555736
-61.7298421178797,-10.4630027555736
-61.7433421178797,-10.4396200805736
-61.7703421178797,-10.4396200805736
-61.7838421178797,-10.4630027555736
-61.7703421178797,-10.4863854305736
-61.7433421178797,-10.4863854305736
-61.7028421178797,-10.4630027555736
-61.7298421178797,-10.4162374055736
-61.7838421178797,-10.4162374055736
-61.8108421178797,-10.4630027555736
-61.7838421178797,-10.5097681055736
-61.7298421178797,-10.5097681055736
-61.7163421178797,-10.4396200805736
-61.7568421178797,-10.4162374055736
-61.7973421178797,-10.4396200805736
-61.7973421178797,-10.4863854305736
-61.7568421178797,-10.5097681055736
-61.7163421178797,-10.4863854305736
-61.6758421178797,-10.4630027555736
-61.7163421178797,-10.3928547305736
-61.7973421178797,-10.3928547305736
-61.8378421178797,-10.4630027555736
-61.7973421178797,-10.5331507805736
-61.7163421178797,-10.5331507805736
-61.6893421178797,-10.4396200805736
-61.7028421178797,-10.4162374055736
-61.7433421178797,-10.3928547305736
-61.7703421178797,-10.3928547305736
-61.8108421178797,-10.4162374055736
-61.8243421178797,-10.4396200805736
-61.8243421178797,-10.4863854305736
-61.8108421178797,-10.5097681055736
-61.7703421178797,-10.5331507805736
-61.7433421178797,-10.5331507805736
-61.7028421178797,-10.5097681055736
-61.6893421178797,-10.4863854305736
-61.6488421178797,-10.4630027555736
-61.7028421178797,-10.3694720555736
-61.8108421178797,-10.3694720555736
-61.8648421178797,-10.4630027555736
-61.8108421178797,-10.5565334555736
-61.7028421178797,-10.5565334555736
-61.6623421178797,-10.4396200805736
-61.6758421178797,-10.4162374055736
-61.6893421178797,-10.3928547305736
-61.7298421178797,-10.3694720555736
-61.7568421178797,-10.3694720555736
-61.7838421178797,-10.3694720555736
-61.8243421178797,-10.3928547305736
-61.8378421178797,-10.4162374055736
-61.8513421178797,-10.4396200805736
-61.8513421178797,-10.4863854305736
-61.8378421178797,-10.5097681055736
-61.8243421178797,-10.5331507805736
-61.7838421178797,-10.5565334555736
-61.7568421178797,-10.5565334555736
-61.7298421178797,-10.5565334555736
-61.6893421178797,-10.5331507805736
-61.6758421178797,-10.5097681055736
-61.6623421178797,-10.4863854305736
-61.6218421178797,-10.4630027555736
-61.6893421178797,-10.3460893805736
-61.8243421178797,-10.3460893805736
-61.8918421178797,-10.4630027555736
-61.8243421178797,-10.5799161305736
-61.6893421178797,-10.5799161305736
-61.6353421178797,-10.4396200805736
-61.6488421178797,-10.4162374055736
-61.6623421178797,-10.3928547305736
-61.6758421178797,-10.3694720555736
-61.7163421178797,-10.3460893805736
-61.7433421178797,-10.3460893805736
-61.7703421178797,-10.3460893805736
-61.7973421178797,-10.3460893805736
-61.8378421178797,-10.3694720555736
-61.8513421178797,-10.3928547305736
-61.8648421178797,-10.4162374055736
-61.8783421178797,-10.4396200805736
-61.8783421178797,-10.4863854305736
-61.8648421178797,-10.5097681055736
-61.8513421178797,-10.5331507805736
-61.8378421178797,-10.5565334555736
-61.7973421178797,-10.5799161305736
-61.7703421178797,-10.5799161305736
-61.7433421178797,-10.5799161305736
-61.7163421178797,-10.5799161305736
-61.6758421178797,-10.5565334555736
-61.6623421178797,-10.5331507805736
-61.6488421178797,-10.5097681055736
-61.6353421178797,-10.4863854305736
-61.5948421178797,-10.4630027555736
-61.6758421178797,-10.3227067055736
-61.8378421178797,-10.3227067055736
-61.8378421178797,-10.6032988055736
-61.6758421178797,-10.6032988055736
-61.6083421178797,-10.4396200805736
-61.6218421178797,-10.4162374055736
-61.6353421178797,-10.3928547305736
-61.6488421178797,-10.3694720555736
-61.6623421178797,-10.3460893805736
-61.7028421178797,-10.3227067055736
-61.7298421178797,-10.3227067055736
-61.7568421178797,-10.3227067055736
-61.7838421178797,-10.3227067055736
-61.8108421178797,-10.3227067055736
-61.8513421178797,-10.3460893805736
-61.8648421178797,-10.3694720555736
-61.8783421178797,-10.3928547305736
-61.8918421178797,-10.4162374055736
-61.9053421178797,-10.4396200805736
-61.9053421178797,-10.4863854305736
-61.8918421178797,-10.5097681055736
-61.8783421178797,-10.5331507805736
-61.8648421178797,-10.5565334555736
-61.8513421178797,-10.5799161305736
-61.8108421178797,-10.6032988055736
-61.7838421178797,-10.6032988055736
-61.7568421178797,-10.6032988055736
-61.7298421178797,-10.6032988055736
-61.7028421178797,-10.6032988055736
-61.6623421178797,-10.5799161305736
-61.6488421178797,-10.5565334555736
-61.6353421178797,-10.5331507805736
-61.6218421178797,-10.5097681055736
-61.6083421178797,-10.4863854305736
-61.5678421178797,-10.4630027555736
-61.6623421178797,-10.2993240305736
-61.8513421178797,-10.6266814805736
-61.6623421178797,-10.6266814805736
-61.5813421178797,-10.4396200805736
-61.5948421178797,-10.4162374055736
-61.6083421178797,-10.3928547305736
-61.6218421178797,-10.3694720555736
-61.6353421178797,-10.3460893805736
-61.6488421178797,-10.3227067055736
-61.6893421178797,-10.2993240305736
-61.7163421178797,-10.2993240305736
-61.7433421178797,-10.2993240305736
-61.7703421178797,-10.2993240305736
-61.7973421178797,-10.2993240305736
-61.8243421178797,-10.2993240305736
-61.8648421178797,-10.3227067055736
-61.8783421178797,-10.3460893805736
-61.8918421178797,-10.3694720555736
-61.9188421178797,-10.5097681055736
-61.9053421178797,-10.5331507805736
-61.8918421178797,-10.5565334555736
-61.8783421178797,-10.5799161305736
-61.8648421178797,-10.6032988055736
-61.8243421178797,-10.6266814805736
-61.7973421178797,-10.6266814805736
-61.7703421178797,-10.6266814805736
-61.7433421178797,-10.6266814805736
-61.7163421178797,-10.6266814805736
-61.6893421178797,-10.6266814805736
-61.6488421178797,-10.6032988055736
-61.6353421178797,-10.5799161305736
-61.6218421178797,-10.5565334555736
-61.6083421178797,-10.5331507805736
-61.5948421178797,-10.5097681055736
-61.5813421178797,-10.4863854305736
-61.5408421178797,-10.4630027555736
-61.6488421178797,-10.2759413555736
-61.8648421178797,-10.6500641555736
-61.6488421178797,-10.6500641555736
-61.5543421178797,-10.4396200805736
-61.5678421178797,-10.4162374055736
-61.5813421178797,-10.3928547305736
-61.5948421178797,-10.3694720555736
-61.6083421178797,-10.3460893805736
-61.6218421178797,-10.3227067055736
-61.6353421178797,-10.2993240305736
-61.6758421178797,-10.2759413555736
-61.7028421178797,-10.2759413555736
-61.7298421178797,-10.2759413555736
-61.7568421178797,-10.2759413555736
-61.7838421178797,-10.2759413555736
-61.8108421178797,-10.2759413555736
-61.8918421178797,-10.3227067055736
-61.9458421178797,-10.5097681055736
-61.9323421178797,-10.5331507805736
-61.9188421178797,-10.5565334555736
-61.9053421178797,-10.5799161305736
-61.8918421178797,-10.6032988055736
-61.8783421178797,-10.6266814805736
-61.8378421178797,-10.6500641555736
-61.8108421178797,-10.6500641555736
-61.7838421178797,-10.6500641555736
-61.7568421178797,-10.6500641555736
-61.7298421178797,-10.6500641555736
-61.7028421178797,-10.6500641555736
-61.6758421178797,-10.6500641555736
-61.6353421178797,-10.6266814805736
-61.6218421178797,-10.6032988055736
-61.6083421178797,-10.5799161305736
-61.5948421178797,-10.5565334555736
-61.5813421178797,-10.5331507805736
-61.5678421178797,-10.5097681055736
-61.5543421178797,-10.4863854305736
-61.5138421178797,-10.4630027555736
-61.6353421178797,-10.2525586805736
-61.8783421178797,-10.6734468305736
-61.6353421178797,-10.6734468305736
-61.5273421178797,-10.4396200805736
-61.5408421178797,-10.4162374055736
-61.5543421178797,-10.3928547305736
-61.5678421178797,-10.3694720555736
-61.5813421178797,-10.3460893805736
-61.5948421178797,-10.3227067055736
-61.6083421178797,-10.2993240305736
-61.6218421178797,-10.2759413555736
-61.6623421178797,-10.2525586805736
-61.6893421178797,-10.2525586805736
-61.7163421178797,-10.2525586805736
-61.7433421178797,-10.2525586805736
-61.7703421178797,-10.2525586805736
-61.7973421178797,-10.2525586805736
-61.8243421178797,-10.2525586805736
-61.9593421178797,-10.5331507805736
-61.9458421178797,-10.5565334555736
-61.9323421178797,-10.5799161305736
-61.9188421178797,-10.6032988055736
-61.9053421178797,-10.6266814805736
-61.8918421178797,-10.6500641555736
-61.8513421178797,-10.6734468305736
-61.8243421178797,-10.6734468305736
-61.7973421178797,-10.6734468305736
-61.7703421178797,-10.6734468305736
-61.7433421178797,-10.6734468305736
-61.7163421178797,-10.6734468305736
-61.6893421178797,-10.6734468305736
-61.6623421178797,-10.6734468305736
-61.6218421178797,-10.6500641555736
-61.6083421178797,-10.6266814805736
-61.5948421178797,-10.6032988055736
-61.5813421178797,-10.5799161305736
-61.5678421178797,-10.5565334555736
-61.5543421178797,-10.5331507805736
-61.5408421178797,-10.5097681055736
-61.5273421178797,-10.4863854305736
-61.4868421178797,-10.4630027555736
-61.6218421178797,-10.2291760055736
-61.8918421178797,-10.6968295055736
-61.6218421178797,-10.6968295055736
-61.5003421178797,-10.4396200805736
-61.5138421178797,-10.4162374055736
-61.5273421178797,-10.3928547305736
-61.5408421178797,-10.3694720555736
-61.5543421178797,-10.3460893805736
-61.5678421178797,-10.3227067055736
-61.5813421178797,-10.2993240305736
-61.5948421178797,-10.2759413555736
-61.6083421178797,-10.2525586805736
-61.6488421178797,-10.2291760055736
-61.6758421178797,-10.2291760055736
-61.7028421178797,-10.2291760055736
-61.7298421178797,-10.2291760055736
-61.7568421178797,-10.2291760055736
-61.7838421178797,-10.2291760055736
-61.8108421178797,-10.2291760055736
-61.8378421178797,-10.2291760055736
-61.9728421178797,-10.5565334555736
-61.9593421178797,-10.5799161305736
-61.9458421178797,-10.6032988055736
-61.9323421178797,-10.6266814805736
-61.9188421178797,-10.6500641555736
-61.9053421178797,-10.6734468305736
-61.8648421178797,-10.6968295055736
-61.8378421178797,-10.6968295055736
-61.8108421178797,-10.6968295055736
-61.7838421178797,-10.6968295055736
-61.7568421178797,-10.6968295055736
-61.7298421178797,-10.6968295055736
-61.7028421178797,-10.6968295055736
-61.6758421178797,-10.6968295055736
-61.6488421178797,-10.6968295055736
-61.6083421178797,-10.6734468305736
-61.5948421178797,-10.6500641555736
-61.5813421178797,-10.6266814805736
-61.5678421178797,-10.6032988055736
-61.5543421178797,-10.5799161305736
-61.5408421178797,-10.5565334555736
-61.5273421178797,-10.5331507805736
-61.5138421178797,-10.5097681055736
-61.5003421178797,-10.4863854305736
-61.6083421178797,-10.2057933305736
-61.9053421178797,-10.7202121805736
-61.6083421178797,-10.7202121805736
-61.4733421178797,-10.4396200805736
-61.4868421178797,-10.4162374055736
-61.5003421178797,-10.3928547305736
-61.5138421178797,-10.3694720555736
-61.5273421178797,-10.3460893805736
-61.5408421178797,-10.3227067055736
-61.5543421178797,-10.2993240305736
-61.5678421178797,-10.2759413555736
-61.5813421178797,-10.2525586805736
-61.5948421178797,-10.2291760055736
-61.6353421178797,-10.2057933305736
-61.6623421178797,-10.2057933305736
-61.6893421178797,-10.2057933305736
-61.7163421178797,-10.2057933305736
-61.7433421178797,-10.2057933305736
-61.7703421178797,-10.2057933305736
-61.7973421178797,-10.2057933305736
-61.8243421178797,-10.2057933305736
-61.8513421178797,-10.2057933305736
-61.9863421178797,-10.5799161305736
-61.9728421178797,-10.6032988055736
-61.9593421178797,-10.6266814805736
-61.9458421178797,-10.6500641555736
-61.9323421178797,-10.6734468305736
-61.9188421178797,-10.6968295055736
-61.8783421178797,-10.7202121805736
-61.8513421178797,-10.7202121805736
-61.8243421178797,-10.7202121805736
-61.7973421178797,-10.7202121805736
-61.7703421178797,-10.7202121805736
-61.7433421178797,-10.7202121805736
-61.7163421178797,-10.7202121805736
-61.6893421178797,-10.7202121805736
-61.6623421178797,-10.7202121805736
-61.6353421178797,-10.7202121805736
-61.5948421178797,-10.6968295055736
-61.5813421178797,-10.6734468305736
-61.5678421178797,-10.6500641555736
-61.5543421178797,-10.6266814805736
-61.5408421178797,-10.6032988055736
-61.5273421178797,-10.5799161305736
-61.5138421178797,-10.5565334555736
-61.5003421178797,-10.5331507805736
-61.4868421178797,-10.5097681055736
-61.5948421178797,-10.1824106555736
-61.9188421178797,-10.7435948555736
-61.5948421178797,-10.7435948555736
-61.5813421178797,-10.2057933305736
-61.6218421178797,-10.1824106555736
-61.6488421178797,-10.1824106555736
-61.6758421178797,-10.1824106555736
-61.7028421178797,-10.1824106555736
-61.7298421178797,-10.1824106555736
-61.7568421178797,-10.1824106555736
-61.7838421178797,-10.1824106555736
-61.8108421178797,-10.1824106555736
-61.8378421178797,-10.1824106555736
-61.8648421178797,-10.1824106555736
-61.8918421178797,-10.1824106555736
-61.9998421178797,-10.6032988055736
-61.9863421178797,-10.6266814805736
-61.9728421178797,-10.6500641555736
-61.9593421178797,-10.6734468305736
-61.9458421178797,-10.6968295055736
-61.9323421178797,-10.7202121805736
-61.8918421178797,-10.7435948555736
-61.8648421178797,-10.7435948555736
-61.8378421178797,-10.7435948555736
-61.8108421178797,-10.7435948555736
-61.7838421178797,-10.7435948555736
-61.7568421178797,-10.7435948555736
-61.7298421178797,-10.7435948555736
-61.7028421178797,-10.7435948555736
-61.6758421178797,-10.7435948555736
-61.6488421178797,-10.7435948555736
-61.6218421178797,-10.7435948555736
-61.5813421178797,-10.7202121805736
-61.5678421178797,-10.6968295055736
-61.5543421178797,-10.6734468305736
-61.5408421178797,-10.6500641555736
-61.5273421178797,-10.6266814805736
-61.5138421178797,-10.6032988055736
-61.5003421178797,-10.5799161305736
-61.4868421178797,-10.5565334555736
-61.9323421178797,-10.7669775305736
-61.5813421178797,-10.7669775305736
-61.5678421178797,-10.1824106555736
-61.6083421178797,-10.1590279805736
-61.6353421178797,-10.1590279805736
-61.6623421178797,-10.1590279805736
-61.6893421178797,-10.1590279805736
-61.7163421178797,-10.1590279805736
-61.7433421178797,-10.1590279805736
-61.7703421178797,-10.1590279805736
-61.7973421178797,-10.1590279805736
-61.8243421178797,-10.1590279805736
-61.8513421178797,-10.1590279805736
-61.8783421178797,-10.1590279805736
-61.9053421178797,-10.1590279805736
-61.9998421178797,-10.6500641555736
-61.9863421178797,-10.6734468305736
-61.9728421178797,-10.6968295055736
-61.9593421178797,-10.7202121805736
-61.9458421178797,-10.7435948555736
-61.9053421178797,-10.7669775305736
-61.8783421178797,-10.7669775305736
-61.8513421178797,-10.7669775305736
-61.8243421178797,-10.7669775305736
-61.7973421178797,-10.7669775305736
-61.7703421178797,-10.7669775305736
-61.7433421178797,-10.7669775305736
-61.7163421178797,-10.7669775305736
-61.6893421178797,-10.7669775305736
-61.6623421178797,-10.7669775305736
-61.6353421178797,-10.7669775305736
-61.6083421178797,-10.7669775305736
-61.5678421178797,-10.7435948555736
-61.5543421178797,-10.7202121805736
-61.5408421178797,-10.6968295055736
-61.5273421178797,-10.6734468305736
-61.5138421178797,-10.6500641555736
-61.5003421178797,-10.6266814805736
-61.4868421178797,-10.6032988055736
-61.9458421178797,-10.7903602055736
-61.5678421178797,-10.7903602055736
-61.6218421178797,-10.1356453055736
-61.6488421178797,-10.1356453055736
-61.6758421178797,-10.1356453055736
-61.7028421178797,-10.1356453055736
-61.7298421178797,-10.1356453055736
-61.7568421178797,-10.1356453055736
-61.7838421178797,-10.1356453055736
-61.8108421178797,-10.1356453055736
-61.8378421178797,-10.1356453055736
-61.8648421178797,-10.1356453055736
-61.8918421178797,-10.1356453055736
-62.0133421178797,-10.6734468305736
-61.9998421178797,-10.6968295055736
-61.9863421178797,-10.7202121805736
-61.9728421178797,-10.7435948555736
-61.9593421178797,-10.7669775305736
-61.9188421178797,-10.7903602055736
-61.8918421178797,-10.7903602055736
-61.8648421178797,-10.7903602055736
-61.8378421178797,-10.7903602055736
-61.8108421178797,-10.7903602055736
-61.7838421178797,-10.7903602055736
-61.7568421178797,-10.7903602055736
-61.7298421178797,-10.7903602055736
-61.7028421178797,-10.7903602055736
-61.6758421178797,-10.7903602055736
-61.6488421178797,-10.7903602055736
-61.6218421178797,-10.7903602055736
-61.5948421178797,-10.7903602055736
-61.5543421178797,-10.7669775305736
-61.5408421178797,-10.7435948555736
-61.5273421178797,-10.7202121805736
-61.5138421178797,-10.6968295055736
-61.5003421178797,-10.6734468305736
-61.4868421178797,-10.6500641555736
-61.9593421178797,-10.8137428805736
-61.5543421178797,-10.8137428805736
-61.6083421178797,-10.1122626305736
-61.6353421178797,-10.1122626305736
-61.6623421178797,-10.1122626305736
-61.6893421178797,-10.1122626305736
-61.7163421178797,-10.1122626305736
-61.7433421178797,-10.1122626305736
-61.7703421178797,-10.1122626305736
-61.7973421178797,-10.1122626305736
-61.8243421178797,-10.1122626305736
-61.8513421178797,-10.1122626305736
-61.8783421178797,-10.1122626305736
-61.9053421178797,-10.1122626305736
-62.0268421178797,-10.6968295055736
-62.0133421178797,-10.7202121805736
-61.9998421178797,-10.7435948555736
-61.9863421178797,-10.7669775305736
-61.9728421178797,-10.7903602055736
-61.9323421178797,-10.8137428805736
-61.9053421178797,-10.8137428805736
-61.8783421178797,-10.8137428805736
-61.8513421178797,-10.8137428805736
-61.8243421178797,-10.8137428805736
-61.7973421178797,-10.8137428805736
-61.7703421178797,-10.8137428805736
-61.7433421178797,-10.8137428805736
-61.7163421178797,-10.8137428805736
-61.6893421178797,-10.8137428805736
-61.6623421178797,-10.8137428805736
-61.6353421178797,-10.8137428805736
-61.6083421178797,-10.8137428805736
-61.5813421178797,-10.8137428805736
-61.5408421178797,-10.7903602055736
-61.5273421178797,-10.7669775305736
-61.5138421178797,-10.7435948555736
-61.5003421178797,-10.7202121805736
-61.9728421178797,-10.8371255555736
-61.5408421178797,-10.8371255555736
-61.5948421178797,-10.0888799555736
-61.6218421178797,-10.0888799555736
-61.6488421178797,-10.0888799555736
-61.6758421178797,-10.0888799555736
-61.7028421178797,-10.0888799555736
-61.7298421178797,-10.0888799555736
-61.7568421178797,-10.0888799555736
-61.7838421178797,-10.0888799555736
-61.8108421178797,-10.0888799555736
-61.8378421178797,-10.0888799555736
-61.8648421178797,-10.0888799555736
-61.8918421178797,-10.0888799555736
-61.9188421178797,-10.0888799555736
-62.0403421178797,-10.7202121805736
-62.0268421178797,-10.7435948555736
-62.0133421178797,-10.7669775305736
-61.9998421178797,-10.7903602055736
-61.9863421178797,-10.8137428805736
-61.9458421178797,-10.8371255555736
-61.9188421178797,-10.8371255555736
-61.8918421178797,-10.8371255555736
-61.8648421178797,-10.8371255555736
-61.8378421178797,-10.8371255555736
-61.8108421178797,-10.8371255555736
-61.7838421178797,-10.8371255555736
-61.7568421178797,-10.8371255555736
-61.7298421178797,-10.8371255555736
-61.7028421178797,-10.8371255555736
-61.6758421178797,-10.8371255555736
-61.6488421178797,-10.8371255555736
-61.6218421178797,-10.8371255555736
-61.5948421178797,-10.8371255555736
-61.5678421178797,-10.8371255555736
-61.5273421178797,-10.8137428805736
-61.5138421178797,-10.7903602055736
-61.5003421178797,-10.7669775305736
-61.4868421178797,-10.7435948555736
-61.9863421178797,-10.8605082305736
-61.5273421178797,-10.8605082305736
-61.6083421178797,-10.0654972805736
-61.6353421178797,-10.0654972805736
-61.6623421178797,-10.0654972805736
-61.6893421178797,-10.0654972805736
-61.7163421178797,-10.0654972805736
-61.7433421178797,-10.0654972805736
-61.7703421178797,-10.0654972805736
-61.7973421178797,-10.0654972805736
-61.8243421178797,-10.0654972805736
-61.8513421178797,-10.0654972805736
-61.8783421178797,-10.0654972805736
-61.9053421178797,-10.0654972805736
-61.9323421178797,-10.0654972805736
-61.9593421178797,-10.0654972805736
-62.0538421178797,-10.7435948555736
-62.0403421178797,-10.7669775305736
-62.0268421178797,-10.7903602055736
-62.0133421178797,-10.8137428805736
-61.9998421178797,-10.8371255555736
-61.9593421178797,-10.8605082305736
-61.9323421178797,-10.8605082305736
-61.9053421178797,-10.8605082305736
-61.8783421178797,-10.8605082305736
-61.8513421178797,-10.8605082305736
-61.8243421178797,-10.8605082305736
-61.7973421178797,-10.8605082305736
-61.7703421178797,-10.8605082305736
-61.7433421178797,-10.8605082305736
-61.7163421178797,-10.8605082305736
-61.6893421178797,-10.8605082305736
-61.6623421178797,-10.8605082305736
-61.6353421178797,-10.8605082305736
-61.6083421178797,-10.8605082305736
-61.5813421178797,-10.8605082305736
-61.5543421178797,-10.8605082305736
-61.5138421178797,-10.8371255555736
-61.4868421178797,-10.7903602055736
-61.9998421178797,-10.8838909055736
-61.5678421178797,-10.0421146055736
-61.5948421178797,-10.0421146055736
-61.6218421178797,-10.0421146055736
-61.6488421178797,-10.0421146055736
-61.6758421178797,-10.0421146055736
-61.7028421178797,-10.0421146055736
-61.7298421178797,-10.0421146055736
-61.7568421178797,-10.0421146055736
-61.7838421178797,-10.0421146055736
-61.8108421178797,-10.0421146055736
-61.8378421178797,-10.0421146055736
-61.8648421178797,-10.0421146055736
-61.8918421178797,-10.0421146055736
-61.9188421178797,-10.0421146055736
-61.9458421178797,-10.0421146055736
-61.9728421178797,-10.0421146055736
-62.0673421178797,-10.7669775305736
-62.0538421178797,-10.7903602055736
-62.0403421178797,-10.8137428805736
-62.0268421178797,-10.8371255555736
-62.0133421178797,-10.8605082305736
-61.9728421178797,-10.8838909055736
-61.9458421178797,-10.8838909055736
-61.9188421178797,-10.8838909055736
-61.8918421178797,-10.8838909055736
-61.8648421178797,-10.8838909055736
-61.8378421178797,-10.8838909055736
-61.8108421178797,-10.8838909055736
-61.7838421178797,-10.8838909055736
-61.7568421178797,-10.8838909055736
-61.7298421178797,-10.8838909055736
-61.7028421178797,-10.8838909055736
-61.6758421178797,-10.8838909055736
-61.6488421178797,-10.8838909055736
-61.6218421178797,-10.8838909055736
-61.5948421178797,-10.8838909055736
-61.5678421178797,-10.8838909055736
-61.5408421178797,-10.8838909055736
-62.0133421178797,-10.9072735805736
-61.5543421178797,-10.0187319305736
-61.5813421178797,-10.0187319305736
-61.6083421178797,-10.0187319305736
-61.6353421178797,-10.0187319305736
-61.6623421178797,-10.0187319305736
-61.6893421178797,-10.0187319305736
-61.7163421178797,-10.0187319305736
-61.7433421178797,-10.0187319305736
-61.7703421178797,-10.0187319305736
-61.7973421178797,-10.0187319305736
-61.8243421178797,-10.0187319305736
-61.8513421178797,-10.0187319305736
-61.8783421178797,-10.0187319305736
-61.9053421178797,-10.0187319305736
-61.9323421178797,-10.0187319305736
-61.9593421178797,-10.0187319305736
-61.9863421178797,-10.0187319305736
-62.0673421178797,-10.8137428805736
-62.0538421178797,-10.8371255555736
-62.0403421178797,-10.8605082305736
-62.0268421178797,-10.8838909055736
-61.9863421178797,-10.9072735805736
-61.9593421178797,-10.9072735805736
-61.9323421178797,-10.9072735805736
-61.9053421178797,-10.9072735805736
-61.8783421178797,-10.9072735805736
-61.8513421178797,-10.9072735805736
-61.8243421178797,-10.9072735805736
-61.7973421178797,-10.9072735805736
-61.7703421178797,-10.9072735805736
-61.7433421178797,-10.9072735805736
-61.7163421178797,-10.9072735805736
-61.6893421178797,-10.9072735805736
-61.6623421178797,-10.9072735805736
-61.6353421178797,-10.9072735805736
-61.6083421178797,-10.9072735805736
-61.5813421178797,-10.9072735805736
-61.5543421178797,-10.9072735805736
-61.5273421178797,-10.9072735805736
-62.0268421178797,-10.9306562555736
-61.5408421178797,-9.9953492555736
-61.5678421178797,-9.9953492555736
-61.5948421178797,-9.9953492555736
-61.6218421178797,-9.9953492555736
-61.6488421178797,-9.9953492555736
-61.6758421178797,-9.9953492555736
-61.7028421178797,-9.9953492555736
-61.7298421178797,-9.9953492555736
-61.7568421178797,-9.9953492555736
-61.7838421178797,-9.9953492555736
-61.8108421178797,-9.9953492555736
-61.8378421178797,-9.9953492555736
-61.8648421178797,-9.9953492555736
-61.8918421178797,-9.9953492555736
-61.9188421178797,-9.9953492555736
-61.9458421178797,-9.9953492555736
-62.0808421178797,-10.8371255555736
-62.0673421178797,-10.8605082305736
-62.0538421178797,-10.8838909055736
-62.0403421178797,-10.9072735805736
-61.9998421178797,-10.9306562555736
-61.9728421178797,-10.9306562555736
-61.9458421178797,-10.9306562555736
-61.9188421178797,-10.9306562555736
-61.8918421178797,-10.9306562555736
-61.8648421178797,-10.9306562555736
-61.8378421178797,-10.9306562555736
-61.8108421178797,-10.9306562555736
-61.7838421178797,-10.9306562555736
-61.7568421178797,-10.9306562555736
-61.7298421178797,-10.9306562555736
-61.7028421178797,-10.9306562555736
-61.6758421178797,-10.9306562555736
-61.6488421178797,-10.9306562555736
-61.6218421178797,-10.9306562555736
-61.5948421178797,-10.9306562555736
-61.5678421178797,-10.9306562555736
-61.5408421178797,-10.9306562555736
-62.0403421178797,-10.9540389305736
-61.5543421178797,-9.9719665805736
-61.5813421178797,-9.9719665805736
-61.6083421178797,-9.9719665805736
-61.6353421178797,-9.9719665805736
-61.6623421178797,-9.9719665805736
-61.6893421178797,-9.9719665805736
-61.7163421178797,-9.9719665805736
-61.7433421178797,-9.9719665805736
-61.7703421178797,-9.9719665805736
-61.7973421178797,-9.9719665805736
-61.8243421178797,-9.9719665805736
-61.8513421178797,-9.9719665805736
-61.9323421178797,-9.9719665805736
-61.9593421178797,-9.9719665805736
-62.0943421178797,-10.8605082305736
-62.0808421178797,-10.8838909055736
-62.0673421178797,-10.9072735805736
-62.0538421178797,-10.9306562555736
-62.0133421178797,-10.9540389305736
-61.9863421178797,-10.9540389305736
-61.9593421178797,-10.9540389305736
-61.9323421178797,-10.9540389305736
-61.9053421178797,-10.9540389305736
-61.8783421178797,-10.9540389305736
-61.8513421178797,-10.9540389305736
-61.8243421178797,-10.9540389305736
-61.7973421178797,-10.9540389305736
-61.7703421178797,-10.9540389305736
-61.7433421178797,-10.9540389305736
-61.7163421178797,-10.9540389305736
-61.6893421178797,-10.9540389305736
-61.6623421178797,-10.9540389305736
-61.6353421178797,-10.9540389305736
-61.6083421178797,-10.9540389305736
-61.5813421178797,-10.9540389305736
-61.5543421178797,-10.9540389305736
-61.5273421178797,-10.9540389305736
-62.0538421178797,-10.9774216055736
-61.5408421178797,-9.9485839055736
-61.5678421178797,-9.9485839055736
-61.5948421178797,-9.9485839055736
-61.6218421178797,-9.9485839055736
-61.6488421178797,-9.9485839055736
-61.6758421178797,-9.9485839055736
-61.7028421178797,-9.9485839055736
-61.7298421178797,-9.9485839055736
-61.7568421178797,-9.9485839055736
-61.7838421178797,-9.9485839055736
-61.8108421178797,-9.9485839055736
-61.8378421178797,-9.9485839055736
-62.1078421178797,-10.8838909055736
-62.0943421178797,-10.9072735805736
-62.0808421178797,-10.9306562555736
-62.0673421178797,-10.9540389305736
-62.0268421178797,-10.9774216055736
-61.9998421178797,-10.9774216055736
-61.9728421178797,-10.9774216055736
-61.9458421178797,-10.9774216055736
-61.9188421178797,-10.9774216055736
-61.8918421178797,-10.9774216055736
-61.8648421178797,-10.9774216055736
-61.8378421178797,-10.9774216055736
-61.8108421178797,-10.9774216055736
-61.7838421178797,-10.9774216055736
-61.7568421178797,-10.9774216055736
-61.7298421178797,-10.9774216055736
-61.7028421178797,-10.9774216055736
-61.6758421178797,-10.9774216055736
-61.6488421178797,-10.9774216055736
-61.6218421178797,-10.9774216055736
-61.5948421178797,-10.9774216055736
-61.5678421178797,-10.9774216055736
-62.0673421178797,-11.0008042805736
-61.5273421178797,-9.9252012305736
-61.5543421178797,-9.9252012305736
-61.5813421178797,-9.9252012305736
-61.6083421178797,-9.9252012305736
-61.6353421178797,-9.9252012305736
-61.6623421178797,-9.9252012305736
-61.6893421178797,-9.9252012305736
-61.7163421178797,-9.9252012305736
-61.7433421178797,-9.9252012305736
-61.7703421178797,-9.9252012305736
-61.7973421178797,-9.9252012305736
-61.8243421178797,-9.9252012305736
-61.8513421178797,-9.9252012305736
-62.1213421178797,-10.9072735805736
-62.1078421178797,-10.9306562555736
-62.0943421178797,-10.9540389305736
-62.0808421178797,-10.9774216055736
-62.0403421178797,-11.0008042805736
-62.0133421178797,-11.0008042805736
-61.9863421178797,-11.0008042805736
-61.9593421178797,-11.0008042805736
-62.0808421178797,-11.0241869555736
-61.5408421178797,-9.9018185555736
-61.5678421178797,-9.9018185555736
-61.5948421178797,-9.9018185555736
-61.6218421178797,-9.9018185555736
-61.6488421178797,-9.9018185555736
-61.6758421178797,-9.9018185555736
-61.7028421178797,-9.9018185555736
-61.7298421178797,-9.9018185555736
-61.7568421178797,-9.9018185555736
-61.7838421178797,-9.9018185555736
-61.8108421178797,-9.9018185555736
-61.8378421178797,-9.9018185555736
-61.8648421178797,-9.9018185555736
-62.1348421178797,-10.9306562555736
-62.1213421178797,-10.9540389305736
-62.1078421178797,-10.9774216055736
-62.0943421178797,-11.0008042805736
-62.0538421178797,-11.0241869555736
-62.0268421178797,-11.0241869555736
-61.9998421178797,-11.0241869555736
-61.9728421178797,-11.0241869555736
-61.5273421178797,-9.8784358805736
-61.5543421178797,-9.8784358805736
-61.5813421178797,-9.8784358805736
-61.6083421178797,-9.8784358805736
-61.6353421178797,-9.8784358805736
-61.6623421178797,-9.8784358805736
-61.6893421178797,-9.8784358805736
-61.7163421178797,-9.8784358805736
-61.7433421178797,-9.8784358805736
-61.7703421178797,-9.8784358805736
-61.7973421178797,-9.8784358805736
-61.8243421178797,-9.8784358805736
-61.8513421178797,-9.8784358805736
-62.1348421178797,-10.9774216055736
-62.1213421178797,-11.0008042805736
-62.0673421178797,-11.0475696305736
-62.0403421178797,-11.0475696305736
-62.0133421178797,-11.0475696305736
-61.9863421178797,-11.0475696305736
-61.9593421178797,-11.0475696305736
-61.5138421178797,-9.8550532055736
-61.5408421178797,-9.8550532055736
-61.5678421178797,-9.8550532055736
-61.5948421178797,-9.8550532055736
-61.6218421178797,-9.8550532055736
-61.6488421178797,-9.8550532055736
-61.6758421178797,-9.8550532055736
-61.7028421178797,-9.8550532055736
-61.7298421178797,-9.8550532055736
-61.7568421178797,-9.8550532055736
-61.7838421178797,-9.8550532055736
-61.8108421178797,-9.8550532055736
-61.8378421178797,-9.8550532055736
-62.1483421178797,-11.0008042805736
-62.1348421178797,-11.0241869555736
-62.0538421178797,-11.0709523055736
-62.0268421178797,-11.0709523055736
-61.9998421178797,-11.0709523055736
-61.9728421178797,-11.0709523055736
-61.5273421178797,-9.8316705305736
-61.5543421178797,-9.8316705305736
-61.5813421178797,-9.8316705305736
-61.6083421178797,-9.8316705305736
-61.6353421178797,-9.8316705305736
-61.6623421178797,-9.8316705305736
-61.6893421178797,-9.8316705305736
-61.7163421178797,-9.8316705305736
-61.7433421178797,-9.8316705305736
-61.7703421178797,-9.8316705305736
-61.7973421178797,-9.8316705305736
-61.8243421178797,-9.8316705305736
-62.0403421178797,-11.0943349805736
-62.0133421178797,-11.0943349805736
-61.9863421178797,-11.0943349805736
-61.5408421178797,-9.8082878555736
-61.5678421178797,-9.8082878555736
-61.5948421178797,-9.8082878555736
-61.6218421178797,-9.8082878555736
-61.6488421178797,-9.8082878555736
-61.6758421178797,-9.8082878555736
-61.7028421178797,-9.8082878555736
-61.7298421178797,-9.8082878555736
-61.7568421178797,-9.8082878555736
-61.7838421178797,-9.8082878555736
-61.8108421178797,-9.8082878555736
-62.0538421178797,-11.1177176555736
-62.0268421178797,-11.1177176555736
-61.9998421178797,-11.1177176555736
-61.5543421178797,-9.7849051805736
-61.5813421178797,-9.7849051805736
-61.6083421178797,-9.7849051805736
-61.6353421178797,-9.7849051805736
-61.6623421178797,-9.7849051805736
-61.6893421178797,-9.7849051805736
-61.7163421178797,-9.7849051805736
-61.7433421178797,-9.7849051805736
-61.7703421178797,-9.7849051805736
-61.7973421178797,-9.7849051805736
-62.0403421178797,-11.1411003305736
-61.5408421178797,-9.7615225055736
-61.5678421178797,-9.7615225055736
-61.5948421178797,-9.7615225055736
-61.6218421178797,-9.7615225055736
-61.6488421178797,-9.7615225055736
-61.6758421178797,-9.7615225055736
-61.7028421178797,-9.7615225055736
-61.7298421178797,-9.7615225055736
-61.7568421178797,-9.7615225055736
-61.7838421178797,-9.7615225055736
-62.0268421178797,-11.1644830055736
-61.5543421178797,-9.7381398305736
-61.5813421178797,-9.7381398305736
-61.6083421178797,-9.7381398305736
-61.6353421178797,-9.7381398305736
-61.6623421178797,-9.7381398305736
-61.6893421178797,-9.7381398305736
-61.7163421178797,-9.7381398305736
-61.7433421178797,-9.7381398305736
-61.7703421178797,-9.7381398305736
-61.7973421178797,-9.7381398305736
-62.0403421178797,-11.1878656805736
-61.5948421178797,-9.7147571555736
-61.6218421178797,-9.7147571555736
-61.6488421178797,-9.7147571555736
-61.6083421178797,-9.6913744805736
