-63.1843052204176,-10.7481836440279
-63.1573052204176,-10.7481836440279
-63.1708052204176,-10.7248009690279
-63.1978052204176,-10.7248009690279
-63.2113052204176,-10.7481836440279
-63.1978052204176,-10.7715663190279
-63.1708052204176,-10.7715663190279
-63.1303052204176,-10.7481836440279
-63.1573052204176,-10.7014182940279
-63.2113052204176,-10.7014182940279
-63.2383052204176,-10.7481836440279
-63.2113052204176,-10.7949489940279
-63.1573052204176,-10.7949489940279
-63.1438052204176,-10.7248009690279
-63.1843052204176,-10.7014182940279
-63.2248052204176,-10.7248009690279
-63.2248052204176,-10.7715663190279
-63.1843052204176,-10.7949489940279
-63.1438052204176,-10.7715663190279
-63.1033052204176,-10.7481836440279
-63.1438052204176,-10.6780356190279
-63.2248052204176,-10.6780356190279
-63.2653052204176,-10.7481836440279
-63.2248052204176,-10.8183316690279
-63.1438052204176,-10.8183316690279
-63.1168052204176,-10.7248009690279
-63.1303052204176,-10.7014182940279
-63.1708052204176,-10.6780356190279
-63.1978052204176,-10.6780356190279
-63.2383052204176,-10.7014182940279
-63.2518052204176,-10.7248009690279
-63.2518052204176,-10.7715663190279
-63.2383052204176,-10.7949489940279
-63.1978052204176,-10.8183316690279
-63.1708052204176,-10.8183316690279
-63.1303052204176,-10.7949489940279
-63.1168052204176,-10.7715663190279
-63.0763052204176,-10.7481836440279
-63.1303052204176,-10.6546529440279
-63.2383052204176,-10.6546529440279
-63.2923052204176,-10.7481836440279
-63.2383052204176,-10.8417143440279
-63.1303052204176,-10.8417143440279
-63.0898052204176,-10.7248009690279
-63.1033052204176,-10.7014182940279
-63.1168052204176,-10.6780356190279
-63.1573052204176,-10.6546529440279
-63.1843052204176,-10.6546529440279
-63.2113052204176,-10.6546529440279
-63.2518052204176,-10.6780356190279
-63.2653052204176,-10.7014182940279
-63.2788052204176,-10.7248009690279
-63.2788052204176,-10.7715663190279
-63.2653052204176,-10.7949489940279
-63.2518052204176,-10.8183316690279
-63.2113052204176,-10.8417143440279
-63.1843052204176,-10.8417143440279
-63.1573052204176,-10.8417143440279
-63.1168052204176,-10.8183316690279
-63.1033052204176,-10.7949489940279
-63.0898052204176,-10.7715663190279
-63.0493052204176,-10.7481836440279
-63.1168052204176,-10.6312702690279
-63.2518052204176,-10.6312702690279
-63.3193052204176,-10.7481836440279
-63.2518052204176,-10.8650970190279
-63.1168052204176,-10.8650970190279
-63.0628052204176,-10.7248009690279
-63.0763052204176,-10.7014182940279
-63.0898052204176,-10.6780356190279
-63.1033052204176,-10.6546529440279
-63.1438052204176,-10.6312702690279
-63.1708052204176,-10.6312702690279
-63.1978052204176,-10.6312702690279
-63.2248052204176,-10.6312702690279
-63.2653052204176,-10.6546529440279
-63.2788052204176,-10.6780356190279
-63.2923052204176,-10.7014182940279
-63.3058052204176,-10.7248009690279
-63.3058052204176,-10.7715663190279
-63.2923052204176,-10.7949489940279
-63.2788052204176,-10.8183316690279
-63.2653052204176,-10.8417143440279
-63.2248052204176,-10.8650970190279
-63.1978052204176,-10.8650970190279
-63.1708052204176,-10.8650970190279
-63.1438052204176,-10.8650970190279
-63.1033052204176,-10.8417143440279
-63.0898052204176,-10.8183316690279
-63.0763052204176,-10.7949489940279
-63.0628052204176,-10.7715663190279
-63.0223052204176,-10.7481836440279
-63.1033052204176,-10.6078875940279
-63.2653052204176,-10.6078875940279
-63.3463052204176,-10.7481836440279
-63.2653052204176,-10.8884796940280
-63.1033052204176,-10.8884796940280
-63.0358052204176,-10.7248009690279
-63.0493052204176,-10.7014182940279
-63.0628052204176,-10.6780356190279
-63.0763052204176,-10.6546529440279
-63.0898052204176,-10.6312702690279
-63.1303052204176,-10.6078875940279
-63.1573052204176,-10.6078875940279
-63.1843052204176,-10.6078875940279
-63.2113052204176,-10.6078875940279
-63.2383052204176,-10.6078875940279
-63.2788052204176,-10.6312702690279
-63.2923052204176,-10.6546529440279
-63.3058052204176,-10.6780356190279
-63.3193052204176,-10.7014182940279
-63.3328052204176,-10.7248009690279
-63.3328052204176,-10.7715663190279
-63.3193052204176,-10.7949489940279
-63.3058052204176,-10.8183316690279
-63.2923052204176,-10.8417143440279
-63.2788052204176,-10.8650970190279
-63.2383052204176,-10.8884796940280
-63.2113052204176,-10.8884796940280
-63.1843052204176,-10.8884796940280
-63.1573052204176,-10.8884796940280
-63.1303052204176,-10.8884796940280
-63.0898052204176,-10.8650970190279
-63.0763052204176,-10.8417143440279
-63.0628052204176,-10.8183316690279
-63.0493052204176,-10.7949489940279
-63.0358052204176,-10.7715663190279
-62.9953052204176,-10.7481836440279
-63.0898052204176,-10.5845049190279
-63.2788052204176,-10.5845049190279
-63.3733052204176,-10.7481836440279
-63.2788052204176,-10.9118623690280
-63.0898052204176,-10.9118623690280
-63.0088052204176,-10.7248009690279
-63.0223052204176,-10.7014182940279
-63.0358052204176,-10.6780356190279
-63.0493052204176,-10.6546529440279
-63.0628052204176,-10.6312702690279
-63.0763052204176,-10.6078875940279
-63.1168052204176,-10.5845049190279
-63.1438052204176,-10.5845049190279
-63.1708052204176,-10.5845049190279
-63.1978052204176,-10.5845049190279
-63.2248052204176,-10.5845049190279
-63.2518052204176,-10.5845049190279
-63.2923052204176,-10.6078875940279
-63.3058052204176,-10.6312702690279
-63.3193052204176,-10.6546529440279
-63.3328052204176,-10.6780356190279
-63.3463052204176,-10.7014182940279
-63.3598052204176,-10.7248009690279
-63.3598052204176,-10.7715663190279
-63.3463052204176,-10.7949489940279
-63.3328052204176,-10.8183316690279
-63.3193052204176,-10.8417143440279
-63.3058052204176,-10.8650970190279
-63.2923052204176,-10.8884796940280
-63.2518052204176,-10.9118623690280
-63.2248052204176,-10.9118623690280
-63.1978052204176,-10.9118623690280
-63.1708052204176,-10.9118623690280
-63.1438052204176,-10.9118623690280
-63.1168052204176,-10.9118623690280
-63.0763052204176,-10.8884796940280
-63.0628052204176,-10.8650970190279
-63.0493052204176,-10.8417143440279
-63.0358052204176,-10.8183316690279
-63.0223052204176,-10.7949489940279
-63.0088052204176,-10.7715663190279
-62.9683052204176,-10.7481836440279
-63.0763052204176,-10.5611222440279
-63.2923052204176,-10.5611222440279
-63.4003052204176,-10.7481836440279
-63.2923052204176,-10.9352450440280
-63.0763052204176,-10.9352450440280
-62.9818052204176,-10.7248009690279
-62.9953052204176,-10.7014182940279
-63.0088052204176,-10.6780356190279
-63.0223052204176,-10.6546529440279
-63.0358052204176,-10.6312702690279
-63.0493052204176,-10.6078875940279
-63.0628052204176,-10.5845049190279
-63.1033052204176,-10.5611222440279
-63.1303052204176,-10.5611222440279
-63.1573052204176,-10.5611222440279
-63.1843052204176,-10.5611222440279
-63.2113052204176,-10.5611222440279
-63.2383052204176,-10.5611222440279
-63.2653052204176,-10.5611222440279
-63.3058052204176,-10.5845049190279
-63.3193052204176,-10.6078875940279
-63.3328052204176,-10.6312702690279
-63.3463052204176,-10.6546529440279
-63.3598052204176,-10.6780356190279
-63.3733052204176,-10.7014182940279
-63.3868052204176,-10.7248009690279
-63.3868052204176,-10.7715663190279
-63.3733052204176,-10.7949489940279
-63.3598052204176,-10.8183316690279
-63.3463052204176,-10.8417143440279
-63.3328052204176,-10.8650970190279
-63.3193052204176,-10.8884796940280
-63.3058052204176,-10.9118623690280
-63.2653052204176,-10.9352450440280
-63.2383052204176,-10.9352450440280
-63.2113052204176,-10.9352450440280
-63.1843052204176,-10.9352450440280
-63.1573052204176,-10.9352450440280
-63.1303052204176,-10.9352450440280
-63.1033052204176,-10.9352450440280
-63.0628052204176,-10.9118623690280
-63.0493052204176,-10.8884796940280
-63.0358052204176,-10.8650970190279
-63.0223052204176,-10.8417143440279
-63.0088052204176,-10.8183316690279
-62.9953052204176,-10.7949489940279
-62.9818052204176,-10.7715663190279
-62.9413052204176,-10.7481836440279
-63.0628052204176,-10.5377395690279
-63.3058052204176,-10.5377395690279
-63.4273052204176,-10.7481836440279
-63.3058052204176,-10.9586277190280
-63.0628052204176,-10.9586277190280
-62.9548052204176,-10.7248009690279
-62.9683052204176,-10.7014182940279
-62.9818052204176,-10.6780356190279
-62.9953052204176,-10.6546529440279
-63.0088052204176,-10.6312702690279
-63.0223052204176,-10.6078875940279
-63.0358052204176,-10.5845049190279
-63.0493052204176,-10.5611222440279
-63.0898052204176,-10.5377395690279
-63.1168052204176,-10.5377395690279
-63.1438052204176,-10.5377395690279
-63.1708052204176,-10.5377395690279
-63.1978052204176,-10.5377395690279
-63.2248052204176,-10.5377395690279
-63.2518052204176,-10.5377395690279
-63.2788052204176,-10.5377395690279
-63.3193052204176,-10.5611222440279
-63.3328052204176,-10.5845049190279
-63.3463052204176,-10.6078875940279
-63.3598052204176,-10.6312702690279
-63.3733052204176,-10.6546529440279
-63.3868052204176,-10.6780356190279
-63.4003052204176,-10.7014182940279
-63.4138052204176,-10.7248009690279
-63.4138052204176,-10.7715663190279
-63.4003052204176,-10.7949489940279
-63.3868052204176,-10.8183316690279
-63.3733052204176,-10.8417143440279
-63.3598052204176,-10.8650970190279
-63.3463052204176,-10.8884796940280
-63.3328052204176,-10.9118623690280
-63.3193052204176,-10.9352450440280
-63.2788052204176,-10.9586277190280
-63.2518052204176,-10.9586277190280
-63.2248052204176,-10.9586277190280
-63.1978052204176,-10.9586277190280
-63.1708052204176,-10.9586277190280
-63.1438052204176,-10.9586277190280
-63.1168052204176,-10.9586277190280
-63.0898052204176,-10.9586277190280
-63.0493052204176,-10.9352450440280
-63.0358052204176,-10.9118623690280
-63.0223052204176,-10.8884796940280
-63.0088052204176,-10.8650970190279
-62.9953052204176,-10.8417143440279
-62.9818052204176,-10.8183316690279
-62.9683052204176,-10.7949489940279
-62.9548052204176,-10.7715663190279
-62.9143052204176,-10.7481836440279
-63.0493052204176,-10.5143568940279
-63.3193052204176,-10.5143568940279
-63.4543052204176,-10.7481836440279
-63.3193052204176,-10.9820103940280
-62.9278052204176,-10.7248009690279
-62.9413052204176,-10.7014182940279
-62.9548052204176,-10.6780356190279
-62.9683052204176,-10.6546529440279
-62.9818052204176,-10.6312702690279
-62.9953052204176,-10.6078875940279
-63.0088052204176,-10.5845049190279
-63.0223052204176,-10.5611222440279
-63.0358052204176,-10.5377395690279
-63.0763052204176,-10.5143568940279
-63.1033052204176,-10.5143568940279
-63.1303052204176,-10.5143568940279
-63.1573052204176,-10.5143568940279
-63.1843052204176,-10.5143568940279
-63.2113052204176,-10.5143568940279
-63.2383052204176,-10.5143568940279
-63.2653052204176,-10.5143568940279
-63.2923052204176,-10.5143568940279
-63.3328052204176,-10.5377395690279
-63.3463052204176,-10.5611222440279
-63.3598052204176,-10.5845049190279
-63.3733052204176,-10.6078875940279
-63.3868052204176,-10.6312702690279
-63.4003052204176,-10.6546529440279
-63.4138052204176,-10.6780356190279
-63.4273052204176,-10.7014182940279
-63.4408052204176,-10.7248009690279
-63.4408052204176,-10.7715663190279
-63.4273052204176,-10.7949489940279
-63.4138052204176,-10.8183316690279
-63.4003052204176,-10.8417143440279
-63.3868052204176,-10.8650970190279
-63.3733052204176,-10.8884796940280
-63.3598052204176,-10.9118623690280
-63.3463052204176,-10.9352450440280
-63.3328052204176,-10.9586277190280
-63.2923052204176,-10.9820103940280
-63.2653052204176,-10.9820103940280
-63.2383052204176,-10.9820103940280
-63.2113052204176,-10.9820103940280
-63.1843052204176,-10.9820103940280
-63.1573052204176,-10.9820103940280
-63.1303052204176,-10.9820103940280
-63.1033052204176,-10.9820103940280
-63.0223052204176,-10.9352450440280
-63.0088052204176,-10.9118623690280
-62.9953052204176,-10.8884796940280
-62.9818052204176,-10.8650970190279
-62.9683052204176,-10.8417143440279
-62.9548052204176,-10.8183316690279
-62.9413052204176,-10.7949489940279
-62.9278052204176,-10.7715663190279
-62.8873052204176,-10.7481836440279
-63.4813052204176,-10.7481836440279
-63.3328052204176,-11.0053930690280
-62.9008052204176,-10.7248009690279
-62.9143052204176,-10.7014182940279
-62.9278052204176,-10.6780356190279
-62.9413052204176,-10.6546529440279
-62.9548052204176,-10.6312702690279
-62.9683052204176,-10.6078875940279
-62.9818052204176,-10.5845049190279
-62.9953052204176,-10.5611222440279
-63.0088052204176,-10.5377395690279
-63.0223052204176,-10.5143568940279
-63.3463052204176,-10.5143568940279
-63.3598052204176,-10.5377395690279
-63.3733052204176,-10.5611222440279
-63.3868052204176,-10.5845049190279
-63.4003052204176,-10.6078875940279
-63.4138052204176,-10.6312702690279
-63.4273052204176,-10.6546529440279
-63.4408052204176,-10.6780356190279
-63.4543052204176,-10.7014182940279
-63.4678052204176,-10.7248009690279
-63.4678052204176,-10.7715663190279
-63.4543052204176,-10.7949489940279
-63.4408052204176,-10.8183316690279
-63.4273052204176,-10.8417143440279
-63.4138052204176,-10.8650970190279
-63.4003052204176,-10.8884796940280
-63.3868052204176,-10.9118623690280
-63.3733052204176,-10.9352450440280
-63.3598052204176,-10.9586277190280
-63.3463052204176,-10.9820103940280
-63.3058052204176,-11.0053930690280
-63.2788052204176,-11.0053930690280
-63.2518052204176,-11.0053930690280
-63.2248052204176,-11.0053930690280
-63.1978052204176,-11.0053930690280
-63.1708052204176,-11.0053930690280
-63.1438052204176,-11.0053930690280
-62.9548052204176,-10.8650970190279
-62.9413052204176,-10.8417143440279
-62.9278052204176,-10.8183316690279
-62.9143052204176,-10.7949489940279
-62.9008052204176,-10.7715663190279
-62.8603052204176,-10.7481836440279
-63.5083052204176,-10.7481836440279
-63.3463052204176,-11.0287757440280
-62.8738052204176,-10.7248009690279
-62.8873052204176,-10.7014182940279
-62.9008052204176,-10.6780356190279
-62.9143052204176,-10.6546529440279
-62.9278052204176,-10.6312702690279
-62.9413052204176,-10.6078875940279
-62.9548052204176,-10.5845049190279
-62.9683052204176,-10.5611222440279
-62.9818052204176,-10.5377395690279
-62.9953052204176,-10.5143568940279
-63.3733052204176,-10.5143568940279
-63.3868052204176,-10.5377395690279
-63.4003052204176,-10.5611222440279
-63.4138052204176,-10.5845049190279
-63.4273052204176,-10.6078875940279
-63.4408052204176,-10.6312702690279
-63.4543052204176,-10.6546529440279
-63.4678052204176,-10.6780356190279
-63.4813052204176,-10.7014182940279
-63.4948052204176,-10.7248009690279
-63.4948052204176,-10.7715663190279
-63.4813052204176,-10.7949489940279
-63.4678052204176,-10.8183316690279
-63.4543052204176,-10.8417143440279
-63.4408052204176,-10.8650970190279
-63.4273052204176,-10.8884796940280
-63.4138052204176,-10.9118623690280
-63.4003052204176,-10.9352450440280
-63.3868052204176,-10.9586277190280
-63.3733052204176,-10.9820103940280
-63.3598052204176,-11.0053930690280
-63.3193052204176,-11.0287757440280
-63.2923052204176,-11.0287757440280
-63.2653052204176,-11.0287757440280
-63.2383052204176,-11.0287757440280
-63.2113052204176,-11.0287757440280
-63.1843052204176,-11.0287757440280
-63.1573052204176,-11.0287757440280
-62.9008052204176,-10.8183316690279
-62.8873052204176,-10.7949489940279
-62.8738052204176,-10.7715663190279
-62.8333052204176,-10.7481836440279
-63.5353052204176,-10.7481836440279
-63.3598052204176,-11.0521584190280
-62.8468052204176,-10.7248009690279
-62.8603052204176,-10.7014182940279
-62.8738052204176,-10.6780356190279
-62.8873052204176,-10.6546529440279
-62.9008052204176,-10.6312702690279
-62.9143052204176,-10.6078875940279
-62.9278052204176,-10.5845049190279
-62.9413052204176,-10.5611222440279
-62.9548052204176,-10.5377395690279
-62.9683052204176,-10.5143568940279
-63.4003052204176,-10.5143568940279
-63.4138052204176,-10.5377395690279
-63.4273052204176,-10.5611222440279
-63.4408052204176,-10.5845049190279
-63.4543052204176,-10.6078875940279
-63.4678052204176,-10.6312702690279
-63.4813052204176,-10.6546529440279
-63.4948052204176,-10.6780356190279
-63.5083052204176,-10.7014182940279
-63.5218052204176,-10.7248009690279
-63.5218052204176,-10.7715663190279
-63.5083052204176,-10.7949489940279
-63.4948052204176,-10.8183316690279
-63.4813052204176,-10.8417143440279
-63.4678052204176,-10.8650970190279
-63.4543052204176,-10.8884796940280
-63.4408052204176,-10.9118623690280
-63.4273052204176,-10.9352450440280
-63.4138052204176,-10.9586277190280
-63.4003052204176,-10.9820103940280
-63.3868052204176,-11.0053930690280
-63.3733052204176,-11.0287757440280
-63.3328052204176,-11.0521584190280
-63.3058052204176,-11.0521584190280
-63.2788052204176,-11.0521584190280
-63.2518052204176,-11.0521584190280
-63.2248052204176,-11.0521584190280
-63.1978052204176,-11.0521584190280
-63.1708052204176,-11.0521584190280
-63.1438052204176,-11.0521584190280
-62.8738052204176,-10.8183316690279
-62.8603052204176,-10.7949489940279
-62.8468052204176,-10.7715663190279
-62.8063052204176,-10.7481836440279
-63.5623052204176,-10.7481836440279
-62.8198052204176,-10.7248009690279
-62.8333052204176,-10.7014182940279
-62.8468052204176,-10.6780356190279
-62.8603052204176,-10.6546529440279
-62.8738052204176,-10.6312702690279
-62.8873052204176,-10.6078875940279
-62.9008052204176,-10.5845049190279
-62.9143052204176,-10.5611222440279
-62.9278052204176,-10.5377395690279
-62.9413052204176,-10.5143568940279
-63.4273052204176,-10.5143568940279
-63.4408052204176,-10.5377395690279
-63.4543052204176,-10.5611222440279
-63.4678052204176,-10.5845049190279
-63.4813052204176,-10.6078875940279
-63.4948052204176,-10.6312702690279
-63.5083052204176,-10.6546529440279
-63.5218052204176,-10.6780356190279
-63.5353052204176,-10.7014182940279
-63.5488052204176,-10.7248009690279
-63.5488052204176,-10.7715663190279
-63.5353052204176,-10.7949489940279
-63.5218052204176,-10.8183316690279
-63.5083052204176,-10.8417143440279
-63.4948052204176,-10.8650970190279
-63.4813052204176,-10.8884796940280
-63.4678052204176,-10.9118623690280
-63.4543052204176,-10.9352450440280
-63.4408052204176,-10.9586277190280
-63.4273052204176,-10.9820103940280
-63.4138052204176,-11.0053930690280
-63.4003052204176,-11.0287757440280
-63.3868052204176,-11.0521584190280
-63.3193052204176,-11.0755410940280
-63.2923052204176,-11.0755410940280
-63.2653052204176,-11.0755410940280
-63.2383052204176,-11.0755410940280
-63.2113052204176,-11.0755410940280
-62.8468052204176,-10.8183316690279
-62.8333052204176,-10.7949489940279
-62.8198052204176,-10.7715663190279
-62.7928052204176,-10.7248009690279
-62.8063052204176,-10.7014182940279
-62.8198052204176,-10.6780356190279
-62.8333052204176,-10.6546529440279
-62.8468052204176,-10.6312702690279
-62.8603052204176,-10.6078875940279
-62.8738052204176,-10.5845049190279
-62.8873052204176,-10.5611222440279
-62.9008052204176,-10.5377395690279
-62.9143052204176,-10.5143568940279
-63.4543052204176,-10.5143568940279
-63.4678052204176,-10.5377395690279
-63.4813052204176,-10.5611222440279
-63.4948052204176,-10.5845049190279
-63.5083052204176,-10.6078875940279
-63.5218052204176,-10.6312702690279
-63.5353052204176,-10.6546529440279
-63.5488052204176,-10.6780356190279
-63.5758052204176,-10.7715663190279
-63.5623052204176,-10.7949489940279
-63.5488052204176,-10.8183316690279
-63.5353052204176,-10.8417143440279
-63.5218052204176,-10.8650970190279
-63.5083052204176,-10.8884796940280
-63.4948052204176,-10.9118623690280
-63.4813052204176,-10.9352450440280
-63.4678052204176,-10.9586277190280
-63.4543052204176,-10.9820103940280
-63.4408052204176,-11.0053930690280
-63.4273052204176,-11.0287757440280
-63.3058052204176,-11.0989237690280
-63.2788052204176,-11.0989237690280
-63.2518052204176,-11.0989237690280
-63.2248052204176,-11.0989237690280
-63.1978052204176,-11.0989237690280
-62.7928052204176,-10.7715663190279
-62.7793052204176,-10.7014182940279
-62.7928052204176,-10.6780356190279
-62.8063052204176,-10.6546529440279
-62.8198052204176,-10.6312702690279
-62.8333052204176,-10.6078875940279
-62.8468052204176,-10.5845049190279
-62.8603052204176,-10.5611222440279
-62.8738052204176,-10.5377395690279
-62.8873052204176,-10.5143568940279
-63.4813052204176,-10.5143568940279
-63.4948052204176,-10.5377395690279
-63.5083052204176,-10.5611222440279
-63.5218052204176,-10.5845049190279
-63.5353052204176,-10.6078875940279
-63.5758052204176,-10.8183316690279
-63.5623052204176,-10.8417143440279
-63.5488052204176,-10.8650970190279
-63.5353052204176,-10.8884796940280
-63.5218052204176,-10.9118623690280
-63.5083052204176,-10.9352450440280
-63.4948052204176,-10.9586277190280
-63.4813052204176,-10.9820103940280
-63.4678052204176,-11.0053930690280
-63.4543052204176,-11.0287757440280
-63.2923052204176,-11.1223064440280
-63.2653052204176,-11.1223064440280
-63.2383052204176,-11.1223064440280
-62.7523052204176,-10.7014182940279
-62.7658052204176,-10.6780356190279
-62.7793052204176,-10.6546529440279
-62.7928052204176,-10.6312702690279
-62.8063052204176,-10.6078875940279
-62.8198052204176,-10.5845049190279
-62.8333052204176,-10.5611222440279
-62.8468052204176,-10.5377395690279
-62.8603052204176,-10.5143568940279
-63.5083052204176,-10.5143568940279
-63.5218052204176,-10.5377395690279
-63.5353052204176,-10.5611222440279
-63.5623052204176,-10.8884796940280
-63.5488052204176,-10.9118623690280
-63.5353052204176,-10.9352450440280
-63.5218052204176,-10.9586277190280
-63.5083052204176,-10.9820103940280
-63.4948052204176,-11.0053930690280
-63.2788052204176,-11.1456891190280
-63.2518052204176,-11.1456891190280
-62.7388052204176,-10.6780356190279
-62.7523052204176,-10.6546529440279
-62.7658052204176,-10.6312702690279
-62.7793052204176,-10.6078875940279
-62.7928052204176,-10.5845049190279
-62.8063052204176,-10.5611222440279
-62.8198052204176,-10.5377395690279
-62.8333052204176,-10.5143568940279
-63.5353052204176,-10.5143568940279
-63.5488052204176,-10.5377395690279
-63.5893052204176,-10.8884796940280
-63.5758052204176,-10.9118623690280
-63.5623052204176,-10.9352450440280
-63.5488052204176,-10.9586277190280
-63.5353052204176,-10.9820103940280
-63.5218052204176,-11.0053930690280
-63.5083052204176,-11.0287757440280
-62.7253052204176,-10.6546529440279
-62.7388052204176,-10.6312702690279
-62.7523052204176,-10.6078875940279
-62.7658052204176,-10.5845049190279
-62.7793052204176,-10.5611222440279
-62.7928052204176,-10.5377395690279
-62.8063052204176,-10.5143568940279
-63.6028052204176,-10.9118623690280
-63.5893052204176,-10.9352450440280
-63.5758052204176,-10.9586277190280
-63.5623052204176,-10.9820103940280
-63.5488052204176,-11.0053930690280
-63.5353052204176,-11.0287757440280
-62.6983052204176,-10.6546529440279
-62.7118052204176,-10.6312702690279
-62.7253052204176,-10.6078875940279
-62.7388052204176,-10.5845049190279
-62.7523052204176,-10.5611222440279
-62.7658052204176,-10.5377395690279
-62.7793052204176,-10.5143568940279
-63.5758052204176,-11.0053930690280
-63.5623052204176,-11.0287757440280
-62.6713052204176,-10.6546529440279
-62.6848052204176,-10.6312702690279
-62.6983052204176,-10.6078875940279
-62.7118052204176,-10.5845049190279
-62.7253052204176,-10.5611222440279
-62.7388052204176,-10.5377395690279
-62.7523052204176,-10.5143568940279
-63.6028052204176,-11.0053930690280
-62.6578052204176,-10.6312702690279
-62.6713052204176,-10.6078875940279
-62.6848052204176,-10.5845049190279
-62.6983052204176,-10.5611222440279
-62.7118052204176,-10.5377395690279
-62.6578052204176,-10.5845049190279
-62.6713052204176,-10.5611222440279
-62.6848052204176,-10.5377395690279
-62.6308052204176,-10.5845049190279
-62.6443052204176,-10.5611222440279
-62.6578052204176,-10.5377395690279
-62.6308052204176,-10.5377395690279
-62.6038052204176,-10.5377395690279
-62.5903052204176,-10.5143568940279
