-54.9021119779646,-10.9203515708557
-54.8751119779646,-10.9203515708557
-54.8886119779646,-10.8969688958557
-54.9156119779646,-10.8969688958557
-54.9291119779646,-10.9203515708557
-54.9156119779646,-10.9437342458557
-54.8886119779646,-10.9437342458557
-54.8751119779646,-10.8735862208557
-54.9291119779646,-10.8735862208557
-54.9561119779646,-10.9203515708557
-54.9291119779646,-10.9671169208557
-54.8616119779646,-10.8969688958557
-54.9021119779646,-10.8735862208557
-54.9426119779646,-10.8969688958557
-54.9426119779646,-10.9437342458557
-54.9021119779646,-10.9671169208557
-54.8616119779646,-10.9437342458557
-54.8616119779646,-10.8502035458557
-54.9426119779646,-10.8502035458557
-54.9831119779646,-10.9203515708557
-54.9426119779646,-10.9904995958557
-54.8346119779646,-10.8969688958557
-54.8481119779646,-10.8735862208557
-54.8886119779646,-10.8502035458557
-54.9156119779646,-10.8502035458557
-54.9561119779646,-10.8735862208557
-54.9696119779646,-10.8969688958557
-54.9696119779646,-10.9437342458557
-54.9561119779646,-10.9671169208557
-54.9156119779646,-10.9904995958557
-54.8886119779646,-10.9904995958557
-54.8481119779646,-10.8268208708557
-54.9561119779646,-10.8268208708557
-55.0101119779646,-10.9203515708557
-54.9561119779646,-11.0138822708557
-54.8481119779646,-11.0138822708557
-54.8211119779646,-10.8735862208557
-54.8346119779646,-10.8502035458557
-54.8751119779646,-10.8268208708557
-54.9021119779646,-10.8268208708557
-54.9291119779646,-10.8268208708557
-54.9696119779646,-10.8502035458557
-54.9831119779646,-10.8735862208557
-54.9966119779646,-10.8969688958557
-54.9966119779646,-10.9437342458557
-54.9831119779646,-10.9671169208557
-54.9696119779646,-10.9904995958557
-54.9291119779646,-11.0138822708557
-54.9021119779646,-11.0138822708557
-54.8751119779646,-11.0138822708557
-54.8346119779646,-10.8034381958557
-54.9696119779646,-10.8034381958557
-55.0371119779646,-10.9203515708557
-54.8346119779646,-11.0372649458557
-54.7941119779646,-10.8735862208557
-54.8076119779646,-10.8502035458557
-54.8211119779646,-10.8268208708557
-54.8616119779646,-10.8034381958557
-54.8886119779646,-10.8034381958557
-54.9156119779646,-10.8034381958557
-54.9426119779646,-10.8034381958557
-54.9831119779646,-10.8268208708557
-54.9966119779646,-10.8502035458557
-55.0101119779646,-10.8735862208557
-55.0236119779646,-10.8969688958557
-55.0236119779646,-10.9437342458557
-55.0101119779646,-10.9671169208557
-54.9966119779646,-10.9904995958557
-54.9831119779646,-11.0138822708557
-54.9426119779646,-11.0372649458557
-54.9156119779646,-11.0372649458557
-54.8886119779646,-11.0372649458557
-54.8616119779646,-11.0372649458557
-54.8211119779646,-10.7800555208557
-54.9831119779646,-10.7800555208557
-55.0641119779646,-10.9203515708557
-54.8211119779646,-11.0606476208557
-54.7806119779646,-10.8502035458557
-54.7941119779646,-10.8268208708557
-54.8076119779646,-10.8034381958557
-54.8481119779646,-10.7800555208557
-54.8751119779646,-10.7800555208557
-54.9021119779646,-10.7800555208557
-54.9291119779646,-10.7800555208557
-54.9561119779646,-10.7800555208557
-54.9966119779646,-10.8034381958557
-55.0101119779646,-10.8268208708557
-55.0236119779646,-10.8502035458557
-55.0371119779646,-10.8735862208557
-55.0506119779646,-10.8969688958557
-55.0506119779646,-10.9437342458557
-55.0371119779646,-10.9671169208557
-55.0236119779646,-10.9904995958557
-55.0101119779646,-11.0138822708557
-54.9291119779646,-11.0606476208557
-54.9021119779646,-11.0606476208557
-54.8751119779646,-11.0606476208557
-54.8481119779646,-11.0606476208557
-54.8076119779646,-11.0372649458557
-54.8076119779646,-10.7566728458557
-54.9966119779646,-10.7566728458557
-55.0911119779646,-10.9203515708557
-54.8076119779646,-11.0840302958557
-54.7806119779646,-10.8034381958557
-54.7941119779646,-10.7800555208557
-54.8346119779646,-10.7566728458557
-54.8616119779646,-10.7566728458557
-54.8886119779646,-10.7566728458557
-54.9156119779646,-10.7566728458557
-54.9426119779646,-10.7566728458557
-54.9696119779646,-10.7566728458557
-55.0101119779646,-10.7800555208557
-55.0236119779646,-10.8034381958557
-55.0371119779646,-10.8268208708557
-55.0506119779646,-10.8502035458557
-55.0641119779646,-10.8735862208557
-55.0776119779646,-10.8969688958557
-55.0776119779646,-10.9437342458557
-55.0641119779646,-10.9671169208557
-55.0506119779646,-10.9904995958557
-54.9156119779646,-11.0840302958557
-54.8886119779646,-11.0840302958557
-54.8616119779646,-11.0840302958557
-54.8346119779646,-11.0840302958557
-54.7941119779646,-11.0606476208557
-54.7941119779646,-10.7332901708557
-55.0101119779646,-10.7332901708557
-55.1181119779646,-10.9203515708557
-54.7941119779646,-11.1074129708557
-54.7536119779646,-10.8034381958557
-54.7671119779646,-10.7800555208557
-54.7806119779646,-10.7566728458557
-54.8211119779646,-10.7332901708557
-54.8481119779646,-10.7332901708557
-54.8751119779646,-10.7332901708557
-54.9021119779646,-10.7332901708557
-54.9291119779646,-10.7332901708557
-54.9561119779646,-10.7332901708557
-54.9831119779646,-10.7332901708557
-55.0236119779646,-10.7566728458557
-55.0371119779646,-10.7800555208557
-55.0506119779646,-10.8034381958557
-55.0641119779646,-10.8268208708557
-55.0776119779646,-10.8502035458557
-55.0911119779646,-10.8735862208557
-55.1046119779646,-10.8969688958557
-55.1046119779646,-10.9437342458557
-55.0911119779646,-10.9671169208557
-55.0776119779646,-10.9904995958557
-54.9021119779646,-11.1074129708557
-54.8751119779646,-11.1074129708557
-54.8481119779646,-11.1074129708557
-54.8211119779646,-11.1074129708557
-54.7806119779646,-11.0840302958557
-54.7671119779646,-11.0606476208557
-54.7806119779646,-10.7099074958557
-55.1451119779646,-10.9203515708557
-54.7806119779646,-11.1307956458557
-54.7536119779646,-10.7566728458557
-54.7671119779646,-10.7332901708557
-54.8076119779646,-10.7099074958557
-54.8346119779646,-10.7099074958557
-55.0371119779646,-10.7332901708557
-55.0506119779646,-10.7566728458557
-55.0641119779646,-10.7800555208557
-55.0776119779646,-10.8034381958557
-55.0911119779646,-10.8268208708557
-55.1046119779646,-10.8502035458557
-55.1181119779646,-10.8735862208557
-55.1316119779646,-10.8969688958557
-55.1316119779646,-10.9437342458557
-54.9156119779646,-11.1307956458557
-54.8886119779646,-11.1307956458557
-54.8616119779646,-11.1307956458557
-54.8346119779646,-11.1307956458557
-54.8076119779646,-11.1307956458557
-54.7671119779646,-11.1074129708557
-54.7536119779646,-11.0840302958557
-54.7671119779646,-10.6865248208557
-55.1721119779646,-10.9203515708557
-54.7671119779646,-11.1541783208557
-54.7401119779646,-10.7332901708557
-54.7536119779646,-10.7099074958557
-54.7941119779646,-10.6865248208557
-54.8211119779646,-10.6865248208557
-55.0641119779646,-10.7332901708557
-55.0776119779646,-10.7566728458557
-55.0911119779646,-10.7800555208557
-55.1046119779646,-10.8034381958557
-55.1181119779646,-10.8268208708557
-55.1316119779646,-10.8502035458557
-55.1451119779646,-10.8735862208557
-55.1586119779646,-10.8969688958557
-55.1586119779646,-10.9437342458557
-54.9021119779646,-11.1541783208557
-54.8751119779646,-11.1541783208557
-54.8481119779646,-11.1541783208557
-54.8211119779646,-11.1541783208557
-54.7941119779646,-11.1541783208557
-54.7536119779646,-11.1307956458557
-54.7401119779646,-11.1074129708557
-54.7266119779646,-11.0840302958557
-54.7536119779646,-10.6631421458557
-55.1991119779646,-10.9203515708557
-54.7536119779646,-11.1775609958557
-54.7266119779646,-10.7099074958557
-54.7401119779646,-10.6865248208557
-54.7806119779646,-10.6631421458557
-54.8076119779646,-10.6631421458557
-55.1046119779646,-10.7566728458557
-55.1181119779646,-10.7800555208557
-55.1316119779646,-10.8034381958557
-55.1451119779646,-10.8268208708557
-55.1586119779646,-10.8502035458557
-55.1721119779646,-10.8735862208557
-55.1856119779646,-10.8969688958557
-54.9156119779646,-11.1775609958557
-54.8886119779646,-11.1775609958557
-54.8616119779646,-11.1775609958557
-54.8346119779646,-11.1775609958557
-54.8076119779646,-11.1775609958557
-54.7806119779646,-11.1775609958557
-54.7401119779646,-11.1541783208557
-54.7266119779646,-11.1307956458557
-54.7131119779646,-11.1074129708557
-54.7401119779646,-10.6397594708557
-54.7401119779646,-11.2009436708557
-54.7131119779646,-10.6865248208557
-54.7266119779646,-10.6631421458557
-54.7671119779646,-10.6397594708557
-54.7941119779646,-10.6397594708557
-55.1316119779646,-10.7566728458557
-55.1451119779646,-10.7800555208557
-55.1586119779646,-10.8034381958557
-55.1721119779646,-10.8268208708557
-55.1856119779646,-10.8502035458557
-55.1991119779646,-10.8735862208557
-55.2126119779646,-10.8969688958557
-54.9021119779646,-11.2009436708557
-54.8751119779646,-11.2009436708557
-54.8481119779646,-11.2009436708557
-54.8211119779646,-11.2009436708557
-54.7941119779646,-11.2009436708557
-54.7671119779646,-11.2009436708557
-54.7266119779646,-11.1775609958557
-54.7131119779646,-11.1541783208557
-54.6996119779646,-11.1307956458557
-54.7266119779646,-10.6163767958557
-54.7266119779646,-11.2243263458557
-54.6861119779646,-10.6865248208557
-54.6996119779646,-10.6631421458557
-54.7131119779646,-10.6397594708557
-54.7536119779646,-10.6163767958557
-55.1451119779646,-10.7332901708557
-55.1586119779646,-10.7566728458557
-55.1721119779646,-10.7800555208557
-55.1856119779646,-10.8034381958557
-55.1991119779646,-10.8268208708557
-55.2126119779646,-10.8502035458557
-55.2261119779646,-10.8735862208557
-54.8886119779646,-11.2243263458557
-54.8616119779646,-11.2243263458557
-54.8346119779646,-11.2243263458557
-54.8076119779646,-11.2243263458557
-54.7806119779646,-11.2243263458557
-54.7536119779646,-11.2243263458557
-54.7131119779646,-11.2009436708557
-54.6996119779646,-11.1775609958557
-54.6861119779646,-11.1541783208557
-54.6726119779646,-11.1307956458557
-54.7131119779646,-11.2477090208557
-54.6726119779646,-10.6631421458557
-54.6861119779646,-10.6397594708557
-54.6996119779646,-10.6163767958557
-55.2261119779646,-10.8268208708557
-55.2396119779646,-10.8502035458557
-55.2531119779646,-10.8735862208557
-54.8751119779646,-11.2477090208557
-54.8481119779646,-11.2477090208557
-54.8211119779646,-11.2477090208557
-54.7941119779646,-11.2477090208557
-54.7671119779646,-11.2477090208557
-54.7401119779646,-11.2477090208557
-54.6996119779646,-11.2243263458557
-54.6861119779646,-11.2009436708557
-54.6726119779646,-11.1775609958557
-54.6591119779645,-11.1541783208557
-54.6456119779645,-10.6631421458557
-54.6591119779645,-10.6397594708557
-54.6726119779646,-10.6163767958557
-55.2936119779646,-10.8969688958557
-54.8616119779646,-11.2710916958557
-54.8346119779646,-11.2710916958557
-54.6861119779646,-11.2477090208557
-54.6726119779646,-11.2243263458557
-54.6591119779645,-11.2009436708557
-54.6456119779645,-11.1775609958557
-54.6456119779645,-10.6163767958557
-54.6591119779645,-10.5929941208557
-54.6726119779646,-10.5696114458557
-54.6321119779645,-11.2009436708557
-54.6186119779645,-10.6163767958557
-54.6321119779645,-10.5929941208557
-54.6456119779645,-10.5696114458557
-54.6186119779645,-10.5696114458557
