-51.7132964859382,-10.8254916759322
-51.6862964859382,-10.8254916759322
-51.6997964859382,-10.8021090009322
-51.7267964859382,-10.8021090009322
-51.7402964859382,-10.8254916759322
-51.7267964859382,-10.8488743509322
-51.6997964859382,-10.8488743509322
-51.6592964859381,-10.8254916759322
-51.6862964859382,-10.7787263259322
-51.7402964859382,-10.7787263259322
-51.7672964859382,-10.8254916759322
-51.7402964859382,-10.8722570259322
-51.6862964859382,-10.8722570259322
-51.6727964859382,-10.8021090009322
-51.7132964859382,-10.7787263259322
-51.7537964859382,-10.8021090009322
-51.7537964859382,-10.8488743509322
-51.7132964859382,-10.8722570259322
-51.6727964859382,-10.8488743509322
-51.6322964859381,-10.8254916759322
-51.6727964859382,-10.7553436509322
-51.7537964859382,-10.7553436509322
-51.7942964859382,-10.8254916759322
-51.7537964859382,-10.8956397009322
-51.6727964859382,-10.8956397009322
-51.6457964859381,-10.8021090009322
-51.6592964859381,-10.7787263259322
-51.6997964859382,-10.7553436509322
-51.7267964859382,-10.7553436509322
-51.7672964859382,-10.7787263259322
-51.7807964859382,-10.8021090009322
-51.7807964859382,-10.8488743509322
-51.7672964859382,-10.8722570259322
-51.7267964859382,-10.8956397009322
-51.6997964859382,-10.8956397009322
-51.6592964859381,-10.8722570259322
-51.6457964859381,-10.8488743509322
-51.6052964859381,-10.8254916759322
-51.7672964859382,-10.7319609759322
-51.8212964859382,-10.8254916759322
-51.7672964859382,-10.9190223759322
-51.6592964859381,-10.9190223759322
-51.6187964859381,-10.8021090009322
-51.6322964859381,-10.7787263259322
-51.6457964859381,-10.7553436509322
-51.7132964859382,-10.7319609759322
-51.7402964859382,-10.7319609759322
-51.7807964859382,-10.7553436509322
-51.7942964859382,-10.7787263259322
-51.8077964859382,-10.8021090009322
-51.8077964859382,-10.8488743509322
-51.7942964859382,-10.8722570259322
-51.7807964859382,-10.8956397009322
-51.7402964859382,-10.9190223759322
-51.7132964859382,-10.9190223759322
-51.6862964859382,-10.9190223759322
-51.6457964859381,-10.8956397009322
-51.6322964859381,-10.8722570259322
-51.6187964859381,-10.8488743509322
-51.5782964859381,-10.8254916759322
-51.8482964859382,-10.8254916759322
-51.7807964859382,-10.9424050509322
-51.6457964859381,-10.9424050509322
-51.5917964859381,-10.8021090009322
-51.6052964859381,-10.7787263259322
-51.6187964859381,-10.7553436509322
-51.7942964859382,-10.7319609759322
-51.8077964859382,-10.7553436509322
-51.8212964859382,-10.7787263259322
-51.8347964859382,-10.8021090009322
-51.8347964859382,-10.8488743509322
-51.8212964859382,-10.8722570259322
-51.8077964859382,-10.8956397009322
-51.7942964859382,-10.9190223759322
-51.7267964859382,-10.9424050509322
-51.6997964859382,-10.9424050509322
-51.6727964859382,-10.9424050509322
-51.6322964859381,-10.9190223759322
-51.6187964859381,-10.8956397009322
-51.6052964859381,-10.8722570259322
-51.5917964859381,-10.8488743509322
-51.5512964859381,-10.8254916759322
-51.8752964859382,-10.8254916759322
-51.6322964859381,-10.9657877259322
-51.5647964859381,-10.8021090009322
-51.5782964859381,-10.7787263259322
-51.5917964859381,-10.7553436509322
-51.8212964859382,-10.7319609759322
-51.8347964859382,-10.7553436509322
-51.8482964859382,-10.7787263259322
-51.8617964859382,-10.8021090009322
-51.8617964859382,-10.8488743509322
-51.8482964859382,-10.8722570259322
-51.8347964859382,-10.8956397009322
-51.8212964859382,-10.9190223759322
-51.8077964859382,-10.9424050509322
-51.7132964859382,-10.9657877259322
-51.6862964859382,-10.9657877259322
-51.6592964859381,-10.9657877259322
-51.6187964859381,-10.9424050509322
-51.6052964859381,-10.9190223759322
-51.5917964859381,-10.8956397009322
-51.5782964859381,-10.8722570259322
-51.5647964859381,-10.8488743509322
-51.5242964859381,-10.8254916759322
-51.9022964859382,-10.8254916759322
-51.6187964859381,-10.9891704009322
-51.5377964859381,-10.8021090009322
-51.5512964859381,-10.7787263259322
-51.5647964859381,-10.7553436509322
-51.8347964859382,-10.7085783009322
-51.8482964859382,-10.7319609759322
-51.8617964859382,-10.7553436509322
-51.8752964859382,-10.7787263259322
-51.8887964859382,-10.8021090009322
-51.8887964859382,-10.8488743509322
-51.8752964859382,-10.8722570259322
-51.8617964859382,-10.8956397009322
-51.8482964859382,-10.9190223759322
-51.8347964859382,-10.9424050509322
-51.6727964859382,-10.9891704009322
-51.6457964859381,-10.9891704009322
-51.6052964859381,-10.9657877259322
-51.5917964859381,-10.9424050509322
-51.5782964859381,-10.9190223759322
-51.5647964859381,-10.8956397009322
-51.5512964859381,-10.8722570259322
-51.5377964859381,-10.8488743509322
-51.4972964859381,-10.8254916759322
-51.9292964859382,-10.8254916759322
-51.5107964859381,-10.8021090009322
-51.5242964859381,-10.7787263259322
-51.5377964859381,-10.7553436509322
-51.8482964859382,-10.6851956259322
-51.8617964859382,-10.7085783009322
-51.8752964859382,-10.7319609759322
-51.8887964859382,-10.7553436509322
-51.9022964859382,-10.7787263259322
-51.9157964859382,-10.8021090009322
-51.9157964859382,-10.8488743509322
-51.9022964859382,-10.8722570259322
-51.8887964859382,-10.8956397009322
-51.8752964859382,-10.9190223759322
-51.8617964859382,-10.9424050509322
-51.5917964859381,-10.9891704009322
-51.5782964859381,-10.9657877259322
-51.5647964859381,-10.9424050509322
-51.5512964859381,-10.9190223759322
-51.5377964859381,-10.8956397009322
-51.5242964859381,-10.8722570259322
-51.5107964859381,-10.8488743509322
-51.4702964859381,-10.8254916759322
-51.9562964859382,-10.8254916759322
-51.4837964859381,-10.8021090009322
-51.4972964859381,-10.7787263259322
-51.5107964859381,-10.7553436509322
-51.8752964859382,-10.6851956259322
-51.8887964859382,-10.7085783009322
-51.9022964859382,-10.7319609759322
-51.9157964859382,-10.7553436509322
-51.9292964859382,-10.7787263259322
-51.9427964859382,-10.8021090009322
-51.9427964859382,-10.8488743509322
-51.9292964859382,-10.8722570259322
-51.9157964859382,-10.8956397009322
-51.9022964859382,-10.9190223759322
-51.8887964859382,-10.9424050509322
-51.5647964859381,-10.9891704009322
-51.5512964859381,-10.9657877259322
-51.5377964859381,-10.9424050509322
-51.5242964859381,-10.9190223759322
-51.5107964859381,-10.8956397009322
-51.4972964859381,-10.8722570259322
-51.4837964859381,-10.8488743509322
-51.4432964859381,-10.8254916759322
-51.9832964859382,-10.8254916759322
-51.4567964859381,-10.8021090009322
-51.4702964859381,-10.7787263259322
-51.4837964859381,-10.7553436509322
-51.8887964859382,-10.6618129509322
-51.9022964859382,-10.6851956259322
-51.9157964859382,-10.7085783009322
-51.9292964859382,-10.7319609759322
-51.9427964859382,-10.7553436509322
-51.9562964859382,-10.7787263259322
-51.9697964859382,-10.8021090009322
-51.9697964859382,-10.8488743509322
-51.9562964859382,-10.8722570259322
-51.9427964859382,-10.8956397009322
-51.9292964859382,-10.9190223759322
-51.9157964859382,-10.9424050509322
-51.9022964859382,-10.9657877259322
-51.5647964859381,-11.0359357509322
-51.5512964859381,-11.0125530759322
-51.5377964859381,-10.9891704009322
-51.5242964859381,-10.9657877259322
-51.5107964859381,-10.9424050509322
-51.4972964859381,-10.9190223759322
-51.4837964859381,-10.8956397009322
-51.4702964859381,-10.8722570259322
-51.4567964859381,-10.8488743509322
-51.4162964859381,-10.8254916759322
-52.0102964859382,-10.8254916759322
-51.4297964859381,-10.8021090009322
-51.4432964859381,-10.7787263259322
-51.4567964859381,-10.7553436509322
-51.9157964859382,-10.6618129509322
-51.9292964859382,-10.6851956259322
-51.9427964859382,-10.7085783009322
-51.9562964859382,-10.7319609759322
-51.9697964859382,-10.7553436509322
-51.9832964859382,-10.7787263259322
-51.9967964859382,-10.8021090009322
-51.9967964859382,-10.8488743509322
-51.9832964859382,-10.8722570259322
-51.9697964859382,-10.8956397009322
-51.9562964859382,-10.9190223759322
-51.9427964859382,-10.9424050509322
-51.9292964859382,-10.9657877259322
-51.5242964859381,-11.0125530759322
-51.5107964859381,-10.9891704009322
-51.4972964859381,-10.9657877259322
-51.4837964859381,-10.9424050509322
-51.4702964859381,-10.9190223759322
-51.4567964859381,-10.8956397009322
-51.4432964859381,-10.8722570259322
-51.4297964859381,-10.8488743509322
-51.3892964859381,-10.8254916759322
-52.0372964859382,-10.8254916759322
-51.4027964859381,-10.8021090009322
-51.4162964859381,-10.7787263259322
-51.4297964859381,-10.7553436509322
-51.9427964859382,-10.6618129509322
-51.9562964859382,-10.6851956259322
-51.9697964859382,-10.7085783009322
-51.9832964859382,-10.7319609759322
-51.9967964859382,-10.7553436509322
-52.0102964859382,-10.7787263259322
-52.0237964859382,-10.8021090009322
-52.0237964859382,-10.8488743509322
-52.0102964859382,-10.8722570259322
-51.9967964859382,-10.8956397009322
-51.9832964859382,-10.9190223759322
-51.9697964859382,-10.9424050509322
-51.9562964859382,-10.9657877259322
-51.9427964859382,-10.9891704009322
-51.4972964859381,-11.0125530759322
-51.4837964859381,-10.9891704009322
-51.4702964859381,-10.9657877259322
-51.4567964859381,-10.9424050509322
-51.4432964859381,-10.9190223759322
-51.4297964859381,-10.8956397009322
-51.4162964859381,-10.8722570259322
-51.4027964859381,-10.8488743509322
-51.3622964859381,-10.8254916759322
-52.0642964859382,-10.8254916759322
-51.3757964859381,-10.8021090009322
-51.3892964859381,-10.7787263259322
-51.4027964859381,-10.7553436509322
-51.9562964859382,-10.6384302759322
-51.9697964859382,-10.6618129509322
-51.9832964859382,-10.6851956259322
-51.9967964859382,-10.7085783009322
-52.0102964859382,-10.7319609759322
-52.0237964859382,-10.7553436509322
-52.0372964859382,-10.7787263259322
-52.0507964859382,-10.8021090009322
-52.0507964859382,-10.8488743509322
-52.0372964859382,-10.8722570259322
-52.0237964859382,-10.8956397009322
-52.0102964859382,-10.9190223759322
-51.9967964859382,-10.9424050509322
-51.9832964859382,-10.9657877259322
-51.9697964859382,-10.9891704009322
-51.4702964859381,-11.0125530759322
-51.4567964859381,-10.9891704009322
-51.4432964859381,-10.9657877259322
-51.4297964859381,-10.9424050509322
-51.4162964859381,-10.9190223759322
-51.4027964859381,-10.8956397009322
-51.3892964859381,-10.8722570259322
-51.3757964859381,-10.8488743509322
-51.3352964859381,-10.8254916759322
-52.0912964859382,-10.8254916759322
-51.3487964859381,-10.8021090009322
-51.3622964859381,-10.7787263259322
-51.3757964859381,-10.7553436509322
-51.9697964859382,-10.6150476009322
-51.9832964859382,-10.6384302759322
-51.9967964859382,-10.6618129509322
-52.0102964859382,-10.6851956259322
-52.0237964859382,-10.7085783009322
-52.0372964859382,-10.7319609759322
-52.0507964859382,-10.7553436509322
-52.0642964859382,-10.7787263259322
-52.0777964859382,-10.8021090009322
-52.0777964859382,-10.8488743509322
-52.0642964859382,-10.8722570259322
-52.0507964859382,-10.8956397009322
-52.0372964859382,-10.9190223759322
-52.0237964859382,-10.9424050509322
-52.0102964859382,-10.9657877259322
-51.9967964859382,-10.9891704009322
-51.9832964859382,-11.0125530759322
-51.4432964859381,-11.0125530759322
-51.4297964859381,-10.9891704009322
-51.4162964859381,-10.9657877259322
-51.4027964859381,-10.9424050509322
-51.3892964859381,-10.9190223759322
-51.3757964859381,-10.8956397009322
-51.3622964859381,-10.8722570259322
-51.3487964859381,-10.8488743509322
-51.3082964859381,-10.8254916759322
-52.1182964859382,-10.8254916759322
-51.3217964859381,-10.8021090009322
-51.3352964859381,-10.7787263259322
-51.3487964859381,-10.7553436509322
-51.9697964859382,-10.5682822509322
-51.9832964859382,-10.5916649259322
-51.9967964859382,-10.6150476009322
-52.0102964859382,-10.6384302759322
-52.0237964859382,-10.6618129509322
-52.0372964859382,-10.6851956259322
-52.0507964859382,-10.7085783009322
-52.0642964859382,-10.7319609759322
-52.0777964859382,-10.7553436509322
-52.0912964859382,-10.7787263259322
-52.1047964859382,-10.8021090009322
-52.1047964859382,-10.8488743509322
-52.0912964859382,-10.8722570259322
-52.0777964859382,-10.8956397009322
-52.0642964859382,-10.9190223759322
-52.0507964859382,-10.9424050509322
-52.0372964859382,-10.9657877259322
-52.0237964859382,-10.9891704009322
-52.0102964859382,-11.0125530759322
-51.4162964859381,-11.0125530759322
-51.4027964859381,-10.9891704009322
-51.3892964859381,-10.9657877259322
-51.3757964859381,-10.9424050509322
-51.3622964859381,-10.9190223759322
-51.3487964859381,-10.8956397009322
-51.3352964859381,-10.8722570259322
-51.3217964859381,-10.8488743509322
-51.2812964859381,-10.8254916759322
-52.1452964859382,-10.8254916759322
-51.2947964859381,-10.8021090009322
-51.3082964859381,-10.7787263259322
-51.3217964859381,-10.7553436509322
-51.9967964859382,-10.5682822509322
-52.0102964859382,-10.5916649259322
-52.0237964859382,-10.6150476009322
-52.0372964859382,-10.6384302759322
-52.0507964859382,-10.6618129509322
-52.0642964859382,-10.6851956259322
-52.0777964859382,-10.7085783009322
-52.0912964859382,-10.7319609759322
-52.1047964859382,-10.7553436509322
-52.1182964859382,-10.7787263259322
-52.1317964859382,-10.8021090009322
-52.1317964859382,-10.8488743509322
-52.1182964859382,-10.8722570259322
-52.1047964859382,-10.8956397009322
-52.0912964859382,-10.9190223759322
-52.0777964859382,-10.9424050509322
-52.0642964859382,-10.9657877259322
-52.0507964859382,-10.9891704009322
-51.3757964859381,-10.9891704009322
-51.3622964859381,-10.9657877259322
-51.3487964859381,-10.9424050509322
-51.3352964859381,-10.9190223759322
-51.3217964859381,-10.8956397009322
-51.3082964859381,-10.8722570259322
-51.2947964859381,-10.8488743509322
-51.2542964859381,-10.8254916759322
-52.1722964859382,-10.8254916759322
-51.2677964859381,-10.8021090009322
-51.2812964859381,-10.7787263259322
-51.2947964859381,-10.7553436509322
-52.0102964859382,-10.5448995759322
-52.0237964859382,-10.5682822509322
-52.0372964859382,-10.5916649259322
-52.0507964859382,-10.6150476009322
-52.0642964859382,-10.6384302759322
-52.0777964859382,-10.6618129509322
-52.0912964859382,-10.6851956259322
-52.1047964859382,-10.7085783009322
-52.1182964859382,-10.7319609759322
-52.1317964859382,-10.7553436509322
-52.1452964859382,-10.7787263259322
-52.1587964859382,-10.8021090009322
-52.1587964859382,-10.8488743509322
-52.1452964859382,-10.8722570259322
-52.1317964859382,-10.8956397009322
-52.1182964859382,-10.9190223759322
-52.1047964859382,-10.9424050509322
-52.0912964859382,-10.9657877259322
-52.0777964859382,-10.9891704009322
-51.3487964859381,-10.9891704009322
-51.3352964859381,-10.9657877259322
-51.3217964859381,-10.9424050509322
-51.3082964859381,-10.9190223759322
-51.2947964859381,-10.8956397009322
-51.2812964859381,-10.8722570259322
-51.2677964859381,-10.8488743509322
-51.2272964859381,-10.8254916759322
-51.2407964859381,-10.8021090009322
-51.2542964859381,-10.7787263259322
-51.2677964859381,-10.7553436509322
-52.0372964859382,-10.5448995759322
-52.0507964859382,-10.5682822509322
-52.0642964859382,-10.5916649259322
-52.0777964859382,-10.6150476009322
-52.0912964859382,-10.6384302759322
-52.1047964859382,-10.6618129509322
-52.1182964859382,-10.6851956259322
-52.1317964859382,-10.7085783009322
-52.1452964859382,-10.7319609759322
-52.1587964859382,-10.7553436509322
-52.1722964859382,-10.7787263259322
-52.1857964859382,-10.8488743509322
-52.1722964859382,-10.8722570259322
-52.1587964859382,-10.8956397009322
-52.1452964859382,-10.9190223759322
-52.1317964859382,-10.9424050509322
-52.1182964859382,-10.9657877259322
-52.1047964859382,-10.9891704009322
-51.3217964859381,-10.9891704009322
-51.3082964859381,-10.9657877259322
-51.2947964859381,-10.9424050509322
-51.2812964859381,-10.9190223759322
-51.2677964859381,-10.8956397009322
-51.2542964859381,-10.8722570259322
-51.2407964859381,-10.8488743509322
-51.2002964859381,-10.8254916759322
-51.2137964859381,-10.8021090009322
-51.2272964859381,-10.7787263259322
-51.2407964859381,-10.7553436509322
-52.0642964859382,-10.5448995759322
-52.0777964859382,-10.5682822509322
-52.0912964859382,-10.5916649259322
-52.1047964859382,-10.6150476009322
-52.1182964859382,-10.6384302759322
-52.1317964859382,-10.6618129509322
-52.1452964859382,-10.6851956259322
-52.1587964859382,-10.7085783009322
-52.1857964859382,-10.7553436509322
-52.1857964859382,-10.8956397009322
-52.1722964859382,-10.9190223759322
-52.1587964859382,-10.9424050509322
-52.1452964859382,-10.9657877259322
-51.2947964859381,-10.9891704009322
-51.2812964859381,-10.9657877259322
-51.2677964859381,-10.9424050509322
-51.2542964859381,-10.9190223759322
-51.2407964859381,-10.8956397009322
-51.2272964859381,-10.8722570259322
-51.2137964859381,-10.8488743509322
-51.1732964859381,-10.8254916759322
-51.1867964859381,-10.8021090009322
-51.2002964859381,-10.7787263259322
-51.2137964859381,-10.7553436509322
-52.0912964859382,-10.5448995759322
-52.1047964859382,-10.5682822509322
-52.1182964859382,-10.5916649259322
-52.1317964859382,-10.6150476009322
-52.1452964859382,-10.6384302759322
-52.1587964859382,-10.6618129509322
-52.1722964859382,-10.6851956259322
-52.1857964859382,-10.7085783009322
-52.1857964859382,-10.9424050509322
-51.2677964859381,-10.9891704009322
-51.2542964859381,-10.9657877259322
-51.2407964859381,-10.9424050509322
-51.2272964859381,-10.9190223759322
-51.2137964859381,-10.8956397009322
-51.2002964859381,-10.8722570259322
-51.1867964859381,-10.8488743509322
-51.1462964859381,-10.8254916759322
-51.1597964859381,-10.8021090009322
-51.1732964859381,-10.7787263259322
-51.1867964859381,-10.7553436509322
-52.1317964859382,-10.5682822509322
-52.1452964859382,-10.5916649259322
-52.1587964859382,-10.6150476009322
-52.1722964859382,-10.6384302759322
-52.1857964859382,-10.6618129509322
-51.2137964859381,-10.9424050509322
-51.2002964859381,-10.9190223759322
-51.1867964859381,-10.8956397009322
-51.1732964859381,-10.8722570259322
-51.1597964859381,-10.8488743509322
-51.1192964859381,-10.8254916759322
-51.1327964859381,-10.8021090009322
-51.1462964859381,-10.7787263259322
-52.1317964859382,-10.5215169009322
-52.1452964859382,-10.5448995759322
-52.1587964859382,-10.5682822509322
-52.1722964859382,-10.5916649259322
-52.1857964859382,-10.6150476009322
-51.1732964859381,-10.9190223759322
-51.1597964859381,-10.8956397009322
-51.1462964859381,-10.8722570259322
-51.1327964859381,-10.8488743509322
-51.0922964859381,-10.8254916759322
-51.1057964859381,-10.8021090009322
-51.1192964859381,-10.7787263259322
-52.1587964859382,-10.5215169009322
-52.1722964859382,-10.5448995759322
-51.1327964859381,-10.8956397009322
-51.1192964859381,-10.8722570259322
-51.1057964859381,-10.8488743509322
-51.0652964859381,-10.8254916759322
-51.0787964859381,-10.8021090009322
-51.0922964859381,-10.7787263259322
-52.1722964859382,-10.4981342259322
-51.0922964859381,-10.8722570259322
-51.0787964859381,-10.8488743509322
-51.0382964859381,-10.8254916759322
-51.0517964859381,-10.8021090009322
-51.0652964859381,-10.7787263259322
-52.1992964859382,-10.4981342259322
-51.0382964859381,-10.7787263259322
-51.0112964859381,-10.7787263259322
