-51.1482317938496,-13.8698845621804
-51.1212317938496,-13.8698845621804
-51.1347317938496,-13.8465018871804
-51.1617317938496,-13.8465018871804
-51.1752317938496,-13.8698845621804
-51.1617317938496,-13.8932672371804
-51.1347317938496,-13.8932672371804
-51.0942317938496,-13.8698845621804
-51.1212317938496,-13.8231192121804
-51.1752317938496,-13.8231192121804
-51.2022317938496,-13.8698845621804
-51.1752317938496,-13.9166499121804
-51.1212317938496,-13.9166499121804
-51.1077317938496,-13.8465018871804
-51.1482317938496,-13.8231192121804
-51.1887317938496,-13.8465018871804
-51.1887317938496,-13.8932672371804
-51.1482317938496,-13.9166499121804
-51.1077317938496,-13.8932672371804
-51.0672317938496,-13.8698845621804
-51.1077317938496,-13.7997365371804
-51.1887317938496,-13.7997365371804
-51.2292317938496,-13.8698845621804
-51.1887317938496,-13.9400325871804
-51.1077317938496,-13.9400325871804
-51.0807317938496,-13.8465018871804
-51.0942317938496,-13.8231192121804
-51.1347317938496,-13.7997365371804
-51.1617317938496,-13.7997365371804
-51.2022317938496,-13.8231192121804
-51.2157317938496,-13.8465018871804
-51.2157317938496,-13.8932672371804
-51.2022317938496,-13.9166499121804
-51.1617317938496,-13.9400325871804
-51.1347317938496,-13.9400325871804
-51.0942317938496,-13.9166499121804
-51.0807317938496,-13.8932672371804
-51.0402317938496,-13.8698845621804
-51.0942317938496,-13.7763538621804
-51.2022317938496,-13.7763538621804
-51.2562317938497,-13.8698845621804
-51.2022317938496,-13.9634152621804
-51.0942317938496,-13.9634152621804
-51.0537317938496,-13.8465018871804
-51.0672317938496,-13.8231192121804
-51.0807317938496,-13.7997365371804
-51.1212317938496,-13.7763538621804
-51.1482317938496,-13.7763538621804
-51.1752317938496,-13.7763538621804
-51.2157317938496,-13.7997365371804
-51.2292317938496,-13.8231192121804
-51.2427317938497,-13.8465018871804
-51.2427317938497,-13.8932672371804
-51.2292317938496,-13.9166499121804
-51.2157317938496,-13.9400325871804
-51.1752317938496,-13.9634152621804
-51.1482317938496,-13.9634152621804
-51.1212317938496,-13.9634152621804
-51.0807317938496,-13.9400325871804
-51.0672317938496,-13.9166499121804
-51.0537317938496,-13.8932672371804
-51.0132317938496,-13.8698845621804
-51.0807317938496,-13.7529711871804
-51.2157317938496,-13.7529711871804
-51.2832317938497,-13.8698845621804
-51.2157317938496,-13.9867979371804
-51.0807317938496,-13.9867979371804
-51.0267317938496,-13.8465018871804
-51.0402317938496,-13.8231192121804
-51.0537317938496,-13.7997365371804
-51.0672317938496,-13.7763538621804
-51.1077317938496,-13.7529711871804
-51.1347317938496,-13.7529711871804
-51.1617317938496,-13.7529711871804
-51.1887317938496,-13.7529711871804
-51.2292317938496,-13.7763538621804
-51.2427317938497,-13.7997365371804
-51.2562317938497,-13.8231192121804
-51.2697317938497,-13.8465018871804
-51.2697317938497,-13.8932672371804
-51.2562317938497,-13.9166499121804
-51.2427317938497,-13.9400325871804
-51.2292317938496,-13.9634152621804
-51.1887317938496,-13.9867979371804
-51.1617317938496,-13.9867979371804
-51.1347317938496,-13.9867979371804
-51.1077317938496,-13.9867979371804
-51.0672317938496,-13.9634152621804
-51.0537317938496,-13.9400325871804
-51.0402317938496,-13.9166499121804
-51.0267317938496,-13.8932672371804
-50.9862317938496,-13.8698845621804
-51.0672317938496,-13.7295885121804
-51.2292317938496,-13.7295885121804
-51.3102317938497,-13.8698845621804
-51.2292317938496,-14.0101806121804
-51.0672317938496,-14.0101806121804
-50.9997317938496,-13.8465018871804
-51.0132317938496,-13.8231192121804
-51.0267317938496,-13.7997365371804
-51.0402317938496,-13.7763538621804
-51.0537317938496,-13.7529711871804
-51.0942317938496,-13.7295885121804
-51.1212317938496,-13.7295885121804
-51.1482317938496,-13.7295885121804
-51.1752317938496,-13.7295885121804
-51.2022317938496,-13.7295885121804
-51.2427317938497,-13.7529711871804
-51.2562317938497,-13.7763538621804
-51.2697317938497,-13.7997365371804
-51.2832317938497,-13.8231192121804
-51.2967317938497,-13.8465018871804
-51.2967317938497,-13.8932672371804
-51.2832317938497,-13.9166499121804
-51.2697317938497,-13.9400325871804
-51.2562317938497,-13.9634152621804
-51.2427317938497,-13.9867979371804
-51.2022317938496,-14.0101806121804
-51.1752317938496,-14.0101806121804
-51.1482317938496,-14.0101806121804
-51.1212317938496,-14.0101806121804
-51.0942317938496,-14.0101806121804
-51.0537317938496,-13.9867979371804
-51.0402317938496,-13.9634152621804
-51.0267317938496,-13.9400325871804
-51.0132317938496,-13.9166499121804
-50.9997317938496,-13.8932672371804
-50.9592317938496,-13.8698845621804
-51.0537317938496,-13.7062058371804
-51.2427317938497,-13.7062058371804
-51.3372317938497,-13.8698845621804
-51.2427317938497,-14.0335632871804
-51.0537317938496,-14.0335632871804
-50.9727317938496,-13.8465018871804
-50.9862317938496,-13.8231192121804
-50.9997317938496,-13.7997365371804
-51.0132317938496,-13.7763538621804
-51.0267317938496,-13.7529711871804
-51.0402317938496,-13.7295885121804
-51.0807317938496,-13.7062058371804
-51.1077317938496,-13.7062058371804
-51.1347317938496,-13.7062058371804
-51.1617317938496,-13.7062058371804
-51.1887317938496,-13.7062058371804
-51.2157317938496,-13.7062058371804
-51.2562317938497,-13.7295885121804
-51.2697317938497,-13.7529711871804
-51.2832317938497,-13.7763538621804
-51.2967317938497,-13.7997365371804
-51.3102317938497,-13.8231192121804
-51.3237317938497,-13.8465018871804
-51.3237317938497,-13.8932672371804
-51.3102317938497,-13.9166499121804
-51.2967317938497,-13.9400325871804
-51.2832317938497,-13.9634152621804
-51.2697317938497,-13.9867979371804
-51.2562317938497,-14.0101806121804
-51.2157317938496,-14.0335632871804
-51.1887317938496,-14.0335632871804
-51.1617317938496,-14.0335632871804
-51.1347317938496,-14.0335632871804
-51.1077317938496,-14.0335632871804
-51.0807317938496,-14.0335632871804
-51.0402317938496,-14.0101806121804
-51.0267317938496,-13.9867979371804
-51.0132317938496,-13.9634152621804
-50.9997317938496,-13.9400325871804
-50.9862317938496,-13.9166499121804
-50.9727317938496,-13.8932672371804
-50.9322317938496,-13.8698845621804
-51.0402317938496,-13.6828231621804
-51.2562317938497,-13.6828231621804
-51.3642317938497,-13.8698845621804
-51.2562317938497,-14.0569459621804
-51.0402317938496,-14.0569459621804
-50.9457317938496,-13.8465018871804
-50.9592317938496,-13.8231192121804
-50.9727317938496,-13.7997365371804
-50.9862317938496,-13.7763538621804
-50.9997317938496,-13.7529711871804
-51.0132317938496,-13.7295885121804
-51.0267317938496,-13.7062058371804
-51.0672317938496,-13.6828231621804
-51.0942317938496,-13.6828231621804
-51.1212317938496,-13.6828231621804
-51.1482317938496,-13.6828231621804
-51.1752317938496,-13.6828231621804
-51.2022317938496,-13.6828231621804
-51.2292317938496,-13.6828231621804
-51.2697317938497,-13.7062058371804
-51.2832317938497,-13.7295885121804
-51.2967317938497,-13.7529711871804
-51.3102317938497,-13.7763538621804
-51.3237317938497,-13.7997365371804
-51.3372317938497,-13.8231192121804
-51.3507317938497,-13.8465018871804
-51.3507317938497,-13.8932672371804
-51.3372317938497,-13.9166499121804
-51.3237317938497,-13.9400325871804
-51.3102317938497,-13.9634152621804
-51.2967317938497,-13.9867979371804
-51.2832317938497,-14.0101806121804
-51.2697317938497,-14.0335632871804
-51.2292317938496,-14.0569459621804
-51.2022317938496,-14.0569459621804
-51.1752317938496,-14.0569459621804
-51.1482317938496,-14.0569459621804
-51.1212317938496,-14.0569459621804
-51.0942317938496,-14.0569459621804
-51.0672317938496,-14.0569459621804
-51.0267317938496,-14.0335632871804
-51.0132317938496,-14.0101806121804
-50.9997317938496,-13.9867979371804
-50.9862317938496,-13.9634152621804
-50.9727317938496,-13.9400325871804
-50.9592317938496,-13.9166499121804
-50.9457317938496,-13.8932672371804
-50.9052317938496,-13.8698845621804
-51.0267317938496,-13.6594404871804
-51.2697317938497,-13.6594404871804
-51.3912317938497,-13.8698845621804
-51.2697317938497,-14.0803286371804
-51.0267317938496,-14.0803286371804
-50.9187317938496,-13.8465018871804
-50.9322317938496,-13.8231192121804
-50.9457317938496,-13.7997365371804
-50.9592317938496,-13.7763538621804
-50.9727317938496,-13.7529711871804
-50.9862317938496,-13.7295885121804
-50.9997317938496,-13.7062058371804
-51.0132317938496,-13.6828231621804
-51.0537317938496,-13.6594404871804
-51.0807317938496,-13.6594404871804
-51.1077317938496,-13.6594404871804
-51.1347317938496,-13.6594404871804
-51.1617317938496,-13.6594404871804
-51.1887317938496,-13.6594404871804
-51.2157317938496,-13.6594404871804
-51.2427317938497,-13.6594404871804
-51.2832317938497,-13.6828231621804
-51.2967317938497,-13.7062058371804
-51.3102317938497,-13.7295885121804
-51.3237317938497,-13.7529711871804
-51.3372317938497,-13.7763538621804
-51.3507317938497,-13.7997365371804
-51.3642317938497,-13.8231192121804
-51.3777317938497,-13.8465018871804
-51.3777317938497,-13.8932672371804
-51.3642317938497,-13.9166499121804
-51.3507317938497,-13.9400325871804
-51.3372317938497,-13.9634152621804
-51.3237317938497,-13.9867979371804
-51.3102317938497,-14.0101806121804
-51.2967317938497,-14.0335632871804
-51.2832317938497,-14.0569459621804
-51.2427317938497,-14.0803286371804
-51.2157317938496,-14.0803286371804
-51.1887317938496,-14.0803286371804
-51.1617317938496,-14.0803286371804
-51.1347317938496,-14.0803286371804
-51.1077317938496,-14.0803286371804
-51.0807317938496,-14.0803286371804
-51.0537317938496,-14.0803286371804
-51.0132317938496,-14.0569459621804
-50.9997317938496,-14.0335632871804
-50.9862317938496,-14.0101806121804
-50.9727317938496,-13.9867979371804
-50.9592317938496,-13.9634152621804
-50.9457317938496,-13.9400325871804
-50.9322317938496,-13.9166499121804
-50.9187317938496,-13.8932672371804
-50.8782317938496,-13.8698845621804
-51.0132317938496,-13.6360578121804
-51.2832317938497,-13.6360578121804
-51.4182317938497,-13.8698845621804
-51.2832317938497,-14.1037113121804
-51.0132317938496,-14.1037113121804
-50.8917317938496,-13.8465018871804
-50.9052317938496,-13.8231192121804
-50.9187317938496,-13.7997365371804
-50.9322317938496,-13.7763538621804
-50.9457317938496,-13.7529711871804
-50.9592317938496,-13.7295885121804
-50.9727317938496,-13.7062058371804
-50.9862317938496,-13.6828231621804
-50.9997317938496,-13.6594404871804
-51.0402317938496,-13.6360578121804
-51.0672317938496,-13.6360578121804
-51.0942317938496,-13.6360578121804
-51.1212317938496,-13.6360578121804
-51.1482317938496,-13.6360578121804
-51.1752317938496,-13.6360578121804
-51.2022317938496,-13.6360578121804
-51.2292317938496,-13.6360578121804
-51.2562317938497,-13.6360578121804
-51.2967317938497,-13.6594404871804
-51.3102317938497,-13.6828231621804
-51.3237317938497,-13.7062058371804
-51.3372317938497,-13.7295885121804
-51.3507317938497,-13.7529711871804
-51.3642317938497,-13.7763538621804
-51.3777317938497,-13.7997365371804
-51.3912317938497,-13.8231192121804
-51.4047317938497,-13.8465018871804
-51.4047317938497,-13.8932672371804
-51.3912317938497,-13.9166499121804
-51.3777317938497,-13.9400325871804
-51.3642317938497,-13.9634152621804
-51.3507317938497,-13.9867979371804
-51.3372317938497,-14.0101806121804
-51.3237317938497,-14.0335632871804
-51.3102317938497,-14.0569459621804
-51.2967317938497,-14.0803286371804
-51.2562317938497,-14.1037113121804
-51.2292317938496,-14.1037113121804
-51.2022317938496,-14.1037113121804
-51.1752317938496,-14.1037113121804
-51.1482317938496,-14.1037113121804
-51.1212317938496,-14.1037113121804
-51.0942317938496,-14.1037113121804
-51.0672317938496,-14.1037113121804
-51.0402317938496,-14.1037113121804
-50.9997317938496,-14.0803286371804
-50.9862317938496,-14.0569459621804
-50.9727317938496,-14.0335632871804
-50.9592317938496,-14.0101806121804
-50.9457317938496,-13.9867979371804
-50.9322317938496,-13.9634152621804
-50.9187317938496,-13.9400325871804
-50.9052317938496,-13.9166499121804
-50.8917317938496,-13.8932672371804
-50.8512317938496,-13.8698845621804
-50.9997317938496,-13.6126751371804
-51.2967317938497,-13.6126751371804
-51.4452317938497,-13.8698845621804
-51.2967317938497,-14.1270939871804
-50.9997317938496,-14.1270939871804
-50.8647317938496,-13.8465018871804
-50.8782317938496,-13.8231192121804
-50.8917317938496,-13.7997365371804
-50.9052317938496,-13.7763538621804
-50.9187317938496,-13.7529711871804
-50.9322317938496,-13.7295885121804
-50.9457317938496,-13.7062058371804
-50.9592317938496,-13.6828231621804
-50.9727317938496,-13.6594404871804
-50.9862317938496,-13.6360578121804
-51.0267317938496,-13.6126751371804
-51.0537317938496,-13.6126751371804
-51.0807317938496,-13.6126751371804
-51.1077317938496,-13.6126751371804
-51.1347317938496,-13.6126751371804
-51.1617317938496,-13.6126751371804
-51.1887317938496,-13.6126751371804
-51.2157317938496,-13.6126751371804
-51.2427317938497,-13.6126751371804
-51.2697317938497,-13.6126751371804
-51.3102317938497,-13.6360578121804
-51.3237317938497,-13.6594404871804
-51.3372317938497,-13.6828231621804
-51.3507317938497,-13.7062058371804
-51.3642317938497,-13.7295885121804
-51.3777317938497,-13.7529711871804
-51.3912317938497,-13.7763538621804
-51.4047317938497,-13.7997365371804
-51.4182317938497,-13.8231192121804
-51.4317317938497,-13.8465018871804
-51.4317317938497,-13.8932672371804
-51.4182317938497,-13.9166499121804
-51.4047317938497,-13.9400325871804
-51.3912317938497,-13.9634152621804
-51.3777317938497,-13.9867979371804
-51.3642317938497,-14.0101806121804
-51.3507317938497,-14.0335632871804
-51.3372317938497,-14.0569459621804
-51.3237317938497,-14.0803286371804
-51.3102317938497,-14.1037113121804
-51.2697317938497,-14.1270939871804
-51.2427317938497,-14.1270939871804
-51.2157317938496,-14.1270939871804
-51.1887317938496,-14.1270939871804
-51.1617317938496,-14.1270939871804
-51.1347317938496,-14.1270939871804
-51.1077317938496,-14.1270939871804
-51.0807317938496,-14.1270939871804
-51.0537317938496,-14.1270939871804
-51.0267317938496,-14.1270939871804
-50.9862317938496,-14.1037113121804
-50.9727317938496,-14.0803286371804
-50.9592317938496,-14.0569459621804
-50.9457317938496,-14.0335632871804
-50.9322317938496,-14.0101806121804
-50.9187317938496,-13.9867979371804
-50.9052317938496,-13.9634152621804
-50.8917317938496,-13.9400325871804
-50.8782317938496,-13.9166499121804
-50.8647317938496,-13.8932672371804
-50.9862317938496,-13.5892924621804
-51.3102317938497,-13.5892924621804
-51.4722317938497,-13.8698845621804
-51.3102317938497,-14.1504766621804
-50.9862317938496,-14.1504766621804
-50.8647317938496,-13.7997365371804
-50.8782317938496,-13.7763538621804
-50.8917317938496,-13.7529711871804
-50.9052317938496,-13.7295885121804
-50.9187317938496,-13.7062058371804
-50.9322317938496,-13.6828231621804
-50.9457317938496,-13.6594404871804
-50.9592317938496,-13.6360578121804
-50.9727317938496,-13.6126751371804
-51.0132317938496,-13.5892924621804
-51.0402317938496,-13.5892924621804
-51.0672317938496,-13.5892924621804
-51.0942317938496,-13.5892924621804
-51.1212317938496,-13.5892924621804
-51.1482317938496,-13.5892924621804
-51.1752317938496,-13.5892924621804
-51.2022317938496,-13.5892924621804
-51.2292317938496,-13.5892924621804
-51.2562317938497,-13.5892924621804
-51.2832317938497,-13.5892924621804
-51.3237317938497,-13.6126751371804
-51.3372317938497,-13.6360578121804
-51.3507317938497,-13.6594404871804
-51.3642317938497,-13.6828231621804
-51.3777317938497,-13.7062058371804
-51.3912317938497,-13.7295885121804
-51.4047317938497,-13.7529711871804
-51.4182317938497,-13.7763538621804
-51.4317317938497,-13.7997365371804
-51.4452317938497,-13.8231192121804
-51.4587317938497,-13.8465018871804
-51.4587317938497,-13.8932672371804
-51.4452317938497,-13.9166499121804
-51.4317317938497,-13.9400325871804
-51.4182317938497,-13.9634152621804
-51.4047317938497,-13.9867979371804
-51.3912317938497,-14.0101806121804
-51.3777317938497,-14.0335632871804
-51.3642317938497,-14.0569459621804
-51.3507317938497,-14.0803286371804
-51.3372317938497,-14.1037113121804
-51.3237317938497,-14.1270939871804
-51.2832317938497,-14.1504766621804
-51.2562317938497,-14.1504766621804
-51.2292317938496,-14.1504766621804
-51.2022317938496,-14.1504766621804
-51.1752317938496,-14.1504766621804
-51.1482317938496,-14.1504766621804
-51.1212317938496,-14.1504766621804
-51.0942317938496,-14.1504766621804
-51.0672317938496,-14.1504766621804
-51.0402317938496,-14.1504766621804
-51.0132317938496,-14.1504766621804
-50.9727317938496,-14.1270939871804
-50.9592317938496,-14.1037113121804
-50.9457317938496,-14.0803286371804
-50.9322317938496,-14.0569459621804
-50.9187317938496,-14.0335632871804
-50.9052317938496,-14.0101806121804
-50.8917317938496,-13.9867979371804
-50.8782317938496,-13.9634152621804
-50.8647317938496,-13.9400325871804
-50.8512317938496,-13.9166499121804
-50.9727317938496,-13.5659097871804
-51.3237317938497,-13.5659097871804
-51.4992317938497,-13.8698845621804
-51.3237317938497,-14.1738593371804
-50.9727317938496,-14.1738593371804
-50.8647317938496,-13.7529711871804
-50.8782317938496,-13.7295885121804
-50.8917317938496,-13.7062058371804
-50.9052317938496,-13.6828231621804
-50.9187317938496,-13.6594404871804
-50.9322317938496,-13.6360578121804
-50.9457317938496,-13.6126751371804
-50.9592317938496,-13.5892924621804
-50.9997317938496,-13.5659097871804
-51.0267317938496,-13.5659097871804
-51.0537317938496,-13.5659097871804
-51.0807317938496,-13.5659097871804
-51.1077317938496,-13.5659097871804
-51.1347317938496,-13.5659097871804
-51.1617317938496,-13.5659097871804
-51.1887317938496,-13.5659097871804
-51.2157317938496,-13.5659097871804
-51.2427317938497,-13.5659097871804
-51.2697317938497,-13.5659097871804
-51.2967317938497,-13.5659097871804
-51.3372317938497,-13.5892924621804
-51.3507317938497,-13.6126751371804
-51.3642317938497,-13.6360578121804
-51.3777317938497,-13.6594404871804
-51.3912317938497,-13.6828231621804
-51.4047317938497,-13.7062058371804
-51.4182317938497,-13.7295885121804
-51.4317317938497,-13.7529711871804
-51.4452317938497,-13.7763538621804
-51.4587317938497,-13.7997365371804
-51.4722317938497,-13.8231192121804
-51.4857317938497,-13.8465018871804
-51.4857317938497,-13.8932672371804
-51.4722317938497,-13.9166499121804
-51.4587317938497,-13.9400325871804
-51.4452317938497,-13.9634152621804
-51.4317317938497,-13.9867979371804
-51.4182317938497,-14.0101806121804
-51.4047317938497,-14.0335632871804
-51.3912317938497,-14.0569459621804
-51.3777317938497,-14.0803286371804
-51.3642317938497,-14.1037113121804
-51.3507317938497,-14.1270939871804
-51.3372317938497,-14.1504766621804
-51.2967317938497,-14.1738593371804
-51.2697317938497,-14.1738593371804
-51.2427317938497,-14.1738593371804
-51.2157317938496,-14.1738593371804
-51.1887317938496,-14.1738593371804
-51.1617317938496,-14.1738593371804
-51.1347317938496,-14.1738593371804
-51.1077317938496,-14.1738593371804
-51.0807317938496,-14.1738593371804
-51.0537317938496,-14.1738593371804
-51.0267317938496,-14.1738593371804
-50.9997317938496,-14.1738593371804
-50.9592317938496,-14.1504766621804
-50.9457317938496,-14.1270939871804
-50.9322317938496,-14.1037113121804
-50.9187317938496,-14.0803286371804
-50.9052317938496,-14.0569459621804
-50.8917317938496,-14.0335632871804
-50.8782317938496,-14.0101806121804
-50.8647317938496,-13.9867979371804
-50.9592317938496,-13.5425271121804
-51.3372317938497,-13.5425271121804
-51.5262317938497,-13.8698845621804
-51.3372317938497,-14.1972420121804
-50.9592317938496,-14.1972420121804
-50.8647317938496,-13.7062058371804
-50.8782317938496,-13.6828231621804
-50.8917317938496,-13.6594404871804
-50.9052317938496,-13.6360578121804
-50.9187317938496,-13.6126751371804
-50.9322317938496,-13.5892924621804
-50.9457317938496,-13.5659097871804
-50.9862317938496,-13.5425271121804
-51.0132317938496,-13.5425271121804
-51.0402317938496,-13.5425271121804
-51.0672317938496,-13.5425271121804
-51.0942317938496,-13.5425271121804
-51.1212317938496,-13.5425271121804
-51.1482317938496,-13.5425271121804
-51.1752317938496,-13.5425271121804
-51.2022317938496,-13.5425271121804
-51.2292317938496,-13.5425271121804
-51.2562317938497,-13.5425271121804
-51.2832317938497,-13.5425271121804
-51.3102317938497,-13.5425271121804
-51.3507317938497,-13.5659097871804
-51.3642317938497,-13.5892924621804
-51.3777317938497,-13.6126751371804
-51.3912317938497,-13.6360578121804
-51.4047317938497,-13.6594404871804
-51.4182317938497,-13.6828231621804
-51.4317317938497,-13.7062058371804
-51.4452317938497,-13.7295885121804
-51.4587317938497,-13.7529711871804
-51.4722317938497,-13.7763538621804
-51.4857317938497,-13.7997365371804
-51.4992317938497,-13.8231192121804
-51.5127317938497,-13.8465018871804
-51.5127317938497,-13.8932672371804
-51.4992317938497,-13.9166499121804
-51.4857317938497,-13.9400325871804
-51.4722317938497,-13.9634152621804
-51.4587317938497,-13.9867979371804
-51.4452317938497,-14.0101806121804
-51.4317317938497,-14.0335632871804
-51.4182317938497,-14.0569459621804
-51.4047317938497,-14.0803286371804
-51.3912317938497,-14.1037113121804
-51.3777317938497,-14.1270939871804
-51.3642317938497,-14.1504766621804
-51.3507317938497,-14.1738593371804
-51.3102317938497,-14.1972420121804
-51.2832317938497,-14.1972420121804
-51.2562317938497,-14.1972420121804
-51.2292317938496,-14.1972420121804
-51.2022317938496,-14.1972420121804
-51.1752317938496,-14.1972420121804
-51.1482317938496,-14.1972420121804
-51.1212317938496,-14.1972420121804
-51.0942317938496,-14.1972420121804
-51.0672317938496,-14.1972420121804
-51.0402317938496,-14.1972420121804
-51.0132317938496,-14.1972420121804
-50.9862317938496,-14.1972420121804
-50.9457317938496,-14.1738593371804
-50.9322317938496,-14.1504766621804
-50.9052317938496,-14.1037113121804
-50.8917317938496,-14.0803286371804
-50.8782317938496,-14.0569459621804
-50.8647317938496,-14.0335632871804
-50.8512317938496,-14.0101806121804
-50.9457317938496,-13.5191444371804
-51.3507317938497,-13.5191444371804
-51.5532317938497,-13.8698845621804
-51.3507317938497,-14.2206246871804
-50.9457317938496,-14.2206246871804
-50.8377317938496,-13.7062058371804
-50.8512317938496,-13.6828231621804
-50.8647317938496,-13.6594404871804
-50.8782317938496,-13.6360578121804
-50.8917317938496,-13.6126751371804
-50.9052317938496,-13.5892924621804
-50.9187317938496,-13.5659097871804
-50.9322317938496,-13.5425271121804
-50.9727317938496,-13.5191444371804
-50.9997317938496,-13.5191444371804
-51.0267317938496,-13.5191444371804
-51.0537317938496,-13.5191444371804
-51.0807317938496,-13.5191444371804
-51.1077317938496,-13.5191444371804
-51.1347317938496,-13.5191444371804
-51.1617317938496,-13.5191444371804
-51.1887317938496,-13.5191444371804
-51.2157317938496,-13.5191444371804
-51.2427317938497,-13.5191444371804
-51.2697317938497,-13.5191444371804
-51.2967317938497,-13.5191444371804
-51.3237317938497,-13.5191444371804
-51.3642317938497,-13.5425271121804
-51.3777317938497,-13.5659097871804
-51.3912317938497,-13.5892924621804
-51.4047317938497,-13.6126751371804
-51.4182317938497,-13.6360578121804
-51.4317317938497,-13.6594404871804
-51.4452317938497,-13.6828231621804
-51.4587317938497,-13.7062058371804
-51.4722317938497,-13.7295885121804
-51.4857317938497,-13.7529711871804
-51.4992317938497,-13.7763538621804
-51.5127317938497,-13.7997365371804
-51.5262317938497,-13.8231192121804
-51.5397317938497,-13.8465018871804
-51.5397317938497,-13.8932672371804
-51.5262317938497,-13.9166499121804
-51.5127317938497,-13.9400325871804
-51.4992317938497,-13.9634152621804
-51.4857317938497,-13.9867979371804
-51.4722317938497,-14.0101806121804
-51.4587317938497,-14.0335632871804
-51.4452317938497,-14.0569459621804
-51.4317317938497,-14.0803286371804
-51.4182317938497,-14.1037113121804
-51.4047317938497,-14.1270939871804
-51.3912317938497,-14.1504766621804
-51.3777317938497,-14.1738593371804
-51.3642317938497,-14.1972420121804
-51.3237317938497,-14.2206246871804
-51.2967317938497,-14.2206246871804
-51.2697317938497,-14.2206246871804
-51.2427317938497,-14.2206246871804
-51.2157317938496,-14.2206246871804
-51.1887317938496,-14.2206246871804
-51.1617317938496,-14.2206246871804
-51.1347317938496,-14.2206246871804
-51.1077317938496,-14.2206246871804
-51.0807317938496,-14.2206246871804
-51.0537317938496,-14.2206246871804
-51.0267317938496,-14.2206246871804
-50.9997317938496,-14.2206246871804
-50.9727317938496,-14.2206246871804
-50.9322317938496,-14.1972420121804
-50.9187317938496,-14.1738593371804
-50.8917317938496,-14.1270939871804
-50.8782317938496,-14.1037113121804
-50.8647317938496,-14.0803286371804
-50.8512317938496,-14.0569459621804
-50.9322317938496,-13.4957617621804
-51.3642317938497,-13.4957617621804
-51.5802317938497,-13.8698845621804
-51.3642317938497,-14.2440073621804
-50.8242317938496,-13.6828231621804
-50.8377317938496,-13.6594404871804
-50.8512317938496,-13.6360578121804
-50.8647317938496,-13.6126751371804
-50.8782317938496,-13.5892924621804
-50.8917317938496,-13.5659097871804
-50.9052317938496,-13.5425271121804
-50.9187317938496,-13.5191444371804
-50.9592317938496,-13.4957617621804
-50.9862317938496,-13.4957617621804
-51.0132317938496,-13.4957617621804
-51.0402317938496,-13.4957617621804
-51.0672317938496,-13.4957617621804
-51.0942317938496,-13.4957617621804
-51.1212317938496,-13.4957617621804
-51.1482317938496,-13.4957617621804
-51.1752317938496,-13.4957617621804
-51.2022317938496,-13.4957617621804
-51.2292317938496,-13.4957617621804
-51.2562317938497,-13.4957617621804
-51.2832317938497,-13.4957617621804
-51.3102317938497,-13.4957617621804
-51.3372317938497,-13.4957617621804
-51.3777317938497,-13.5191444371804
-51.3912317938497,-13.5425271121804
-51.4047317938497,-13.5659097871804
-51.4182317938497,-13.5892924621804
-51.4317317938497,-13.6126751371804
-51.4452317938497,-13.6360578121804
-51.4587317938497,-13.6594404871804
-51.4722317938497,-13.6828231621804
-51.4857317938497,-13.7062058371804
-51.4992317938497,-13.7295885121804
-51.5127317938497,-13.7529711871804
-51.5262317938497,-13.7763538621804
-51.5397317938497,-13.7997365371804
-51.5532317938497,-13.8231192121804
-51.5667317938497,-13.8465018871804
-51.5667317938497,-13.8932672371804
-51.5532317938497,-13.9166499121804
-51.5397317938497,-13.9400325871804
-51.5262317938497,-13.9634152621804
-51.5127317938497,-13.9867979371804
-51.4992317938497,-14.0101806121804
-51.4857317938497,-14.0335632871804
-51.4722317938497,-14.0569459621804
-51.4587317938497,-14.0803286371804
-51.4452317938497,-14.1037113121804
-51.4317317938497,-14.1270939871804
-51.4182317938497,-14.1504766621804
-51.4047317938497,-14.1738593371804
-51.3912317938497,-14.1972420121804
-51.3777317938497,-14.2206246871804
-51.3372317938497,-14.2440073621804
-51.3102317938497,-14.2440073621804
-51.2832317938497,-14.2440073621804
-51.2562317938497,-14.2440073621804
-51.2292317938496,-14.2440073621804
-51.2022317938496,-14.2440073621804
-51.1752317938496,-14.2440073621804
-51.1482317938496,-14.2440073621804
-51.1212317938496,-14.2440073621804
-51.0942317938496,-14.2440073621804
-51.0672317938496,-14.2440073621804
-51.0402317938496,-14.2440073621804
-51.0132317938496,-14.2440073621804
-50.9862317938496,-14.2440073621804
-50.8512317938496,-14.1037113121804
-50.8377317938496,-14.0803286371804
-50.9187317938496,-13.4723790871804
-51.3777317938497,-13.4723790871804
-51.6072317938497,-13.8698845621804
-51.3777317938497,-14.2673900371804
-50.8107317938496,-13.6594404871804
-50.8242317938496,-13.6360578121804
-50.8377317938496,-13.6126751371804
-50.8512317938496,-13.5892924621804
-50.8647317938496,-13.5659097871804
-50.8782317938496,-13.5425271121804
-50.8917317938496,-13.5191444371804
-50.9052317938496,-13.4957617621804
-50.9457317938496,-13.4723790871804
-50.9727317938496,-13.4723790871804
-50.9997317938496,-13.4723790871804
-51.0267317938496,-13.4723790871804
-51.0537317938496,-13.4723790871804
-51.0807317938496,-13.4723790871804
-51.1077317938496,-13.4723790871804
-51.1347317938496,-13.4723790871804
-51.1617317938496,-13.4723790871804
-51.1887317938496,-13.4723790871804
-51.2157317938496,-13.4723790871804
-51.2427317938497,-13.4723790871804
-51.2697317938497,-13.4723790871804
-51.2967317938497,-13.4723790871804
-51.3237317938497,-13.4723790871804
-51.3507317938497,-13.4723790871804
-51.3912317938497,-13.4957617621804
-51.4047317938497,-13.5191444371804
-51.4452317938497,-13.5892924621804
-51.4587317938497,-13.6126751371804
-51.4857317938497,-13.6594404871804
-51.4992317938497,-13.6828231621804
-51.5127317938497,-13.7062058371804
-51.5262317938497,-13.7295885121804
-51.5397317938497,-13.7529711871804
-51.5532317938497,-13.7763538621804
-51.5667317938497,-13.7997365371804
-51.5802317938497,-13.8231192121804
-51.5937317938497,-13.8465018871804
-51.5937317938497,-13.8932672371804
-51.5802317938497,-13.9166499121804
-51.5667317938497,-13.9400325871804
-51.5532317938497,-13.9634152621804
-51.5397317938497,-13.9867979371804
-51.5262317938497,-14.0101806121804
-51.5127317938497,-14.0335632871804
-51.4992317938497,-14.0569459621804
-51.4857317938497,-14.0803286371804
-51.4722317938497,-14.1037113121804
-51.4587317938497,-14.1270939871804
-51.4452317938497,-14.1504766621804
-51.4317317938497,-14.1738593371804
-51.4182317938497,-14.1972420121804
-51.4047317938497,-14.2206246871804
-51.3912317938497,-14.2440073621804
-51.3507317938497,-14.2673900371804
-51.3237317938497,-14.2673900371804
-51.2967317938497,-14.2673900371804
-51.2697317938497,-14.2673900371804
-51.2427317938497,-14.2673900371804
-51.2157317938496,-14.2673900371804
-51.1887317938496,-14.2673900371804
-51.1617317938496,-14.2673900371804
-51.1347317938496,-14.2673900371804
-51.1077317938496,-14.2673900371804
-51.0807317938496,-14.2673900371804
-51.0537317938496,-14.2673900371804
-51.0267317938496,-14.2673900371804
-50.9997317938496,-14.2673900371804
-50.9727317938496,-14.2673900371804
-50.9052317938496,-13.4489964121804
-51.3912317938497,-14.2907727121804
-50.7972317938496,-13.6360578121804
-50.8107317938496,-13.6126751371804
-50.8242317938496,-13.5892924621804
-50.8377317938496,-13.5659097871804
-50.8512317938496,-13.5425271121804
-50.8647317938496,-13.5191444371804
-50.8782317938496,-13.4957617621804
-50.8917317938496,-13.4723790871804
-50.9322317938496,-13.4489964121804
-50.9592317938496,-13.4489964121804
-50.9862317938496,-13.4489964121804
-51.0132317938496,-13.4489964121804
-51.0402317938496,-13.4489964121804
-51.0672317938496,-13.4489964121804
-51.0942317938496,-13.4489964121804
-51.1212317938496,-13.4489964121804
-51.1482317938496,-13.4489964121804
-51.1752317938496,-13.4489964121804
-51.2022317938496,-13.4489964121804
-51.2292317938496,-13.4489964121804
-51.2562317938497,-13.4489964121804
-51.2832317938497,-13.4489964121804
-51.3102317938497,-13.4489964121804
-51.3372317938497,-13.4489964121804
-51.3642317938497,-13.4489964121804
-51.4587317938497,-13.5659097871804
-51.5262317938497,-13.6828231621804
-51.5397317938497,-13.7062058371804
-51.5532317938497,-13.7295885121804
-51.6072317938497,-13.9166499121804
-51.5937317938497,-13.9400325871804
-51.5802317938497,-13.9634152621804
-51.5667317938497,-13.9867979371804
-51.5532317938497,-14.0101806121804
-51.5397317938497,-14.0335632871804
-51.5262317938497,-14.0569459621804
-51.5127317938497,-14.0803286371804
-51.4992317938497,-14.1037113121804
-51.4857317938497,-14.1270939871804
-51.4722317938497,-14.1504766621804
-51.4587317938497,-14.1738593371804
-51.4452317938497,-14.1972420121804
-51.4317317938497,-14.2206246871804
-51.4182317938497,-14.2440073621804
-51.4047317938497,-14.2673900371804
-51.3642317938497,-14.2907727121804
-51.3372317938497,-14.2907727121804
-51.3102317938497,-14.2907727121804
-51.2832317938497,-14.2907727121804
-51.2562317938497,-14.2907727121804
-51.2292317938496,-14.2907727121804
-51.2022317938496,-14.2907727121804
-51.1752317938496,-14.2907727121804
-51.1482317938496,-14.2907727121804
-51.1212317938496,-14.2907727121804
-51.0942317938496,-14.2907727121804
-51.0672317938496,-14.2907727121804
-51.0402317938496,-14.2907727121804
-51.0132317938496,-14.2907727121804
-50.9862317938496,-14.2907727121804
-50.8917317938496,-13.4256137371804
-51.4047317938497,-14.3141553871804
-50.7837317938496,-13.6126751371804
-50.7972317938496,-13.5892924621804
-50.8107317938496,-13.5659097871804
-50.8242317938496,-13.5425271121804
-50.8377317938496,-13.5191444371804
-50.8512317938496,-13.4957617621804
-50.8647317938496,-13.4723790871804
-50.8782317938496,-13.4489964121804
-50.9187317938496,-13.4256137371804
-50.9457317938496,-13.4256137371804
-50.9727317938496,-13.4256137371804
-50.9997317938496,-13.4256137371804
-51.0267317938496,-13.4256137371804
-51.0537317938496,-13.4256137371804
-51.0807317938496,-13.4256137371804
-51.1077317938496,-13.4256137371804
-51.1347317938496,-13.4256137371804
-51.1617317938496,-13.4256137371804
-51.1887317938496,-13.4256137371804
-51.2157317938496,-13.4256137371804
-51.2427317938497,-13.4256137371804
-51.2697317938497,-13.4256137371804
-51.2967317938497,-13.4256137371804
-51.3237317938497,-13.4256137371804
-51.6207317938497,-13.9400325871804
-51.6072317938497,-13.9634152621804
-51.5937317938497,-13.9867979371804
-51.5802317938497,-14.0101806121804
-51.5667317938497,-14.0335632871804
-51.5532317938497,-14.0569459621804
-51.5397317938497,-14.0803286371804
-51.5262317938497,-14.1037113121804
-51.5127317938497,-14.1270939871804
-51.4992317938497,-14.1504766621804
-51.4857317938497,-14.1738593371804
-51.4722317938497,-14.1972420121804
-51.4587317938497,-14.2206246871804
-51.4452317938497,-14.2440073621804
-51.4317317938497,-14.2673900371804
-51.4182317938497,-14.2907727121804
-51.3507317938497,-14.3141553871804
-51.3237317938497,-14.3141553871804
-51.2967317938497,-14.3141553871804
-51.2697317938497,-14.3141553871804
-51.2427317938497,-14.3141553871804
-51.2157317938496,-14.3141553871804
-51.1887317938496,-14.3141553871804
-51.1617317938496,-14.3141553871804
-51.1347317938496,-14.3141553871804
-51.1077317938496,-14.3141553871804
-51.0807317938496,-14.3141553871804
-51.0537317938496,-14.3141553871804
-51.0267317938496,-14.3141553871804
-50.9997317938496,-14.3141553871804
-50.9727317938496,-14.3141553871804
-50.8782317938496,-13.4022310621804
-51.4182317938497,-14.3375380621804
-50.7702317938496,-13.5892924621804
-50.7837317938496,-13.5659097871804
-50.7972317938496,-13.5425271121804
-50.8107317938496,-13.5191444371804
-50.8242317938496,-13.4957617621804
-50.8377317938496,-13.4723790871804
-50.8512317938496,-13.4489964121804
-50.8647317938496,-13.4256137371804
-50.9052317938496,-13.4022310621804
-50.9322317938496,-13.4022310621804
-50.9592317938496,-13.4022310621804
-50.9862317938496,-13.4022310621804
-51.0132317938496,-13.4022310621804
-51.0402317938496,-13.4022310621804
-51.0672317938496,-13.4022310621804
-51.0942317938496,-13.4022310621804
-51.1212317938496,-13.4022310621804
-51.1482317938496,-13.4022310621804
-51.1752317938496,-13.4022310621804
-51.2022317938496,-13.4022310621804
-51.2292317938496,-13.4022310621804
-51.2562317938497,-13.4022310621804
-51.2832317938497,-13.4022310621804
-51.3102317938497,-13.4022310621804
-51.3372317938497,-13.4022310621804
-51.6342317938497,-13.9634152621804
-51.6207317938497,-13.9867979371804
-51.6072317938497,-14.0101806121804
-51.5937317938497,-14.0335632871804
-51.5802317938497,-14.0569459621804
-51.5667317938497,-14.0803286371804
-51.5532317938497,-14.1037113121804
-51.5397317938497,-14.1270939871804
-51.5262317938497,-14.1504766621804
-51.5127317938497,-14.1738593371804
-51.4992317938497,-14.1972420121804
-51.4857317938497,-14.2206246871804
-51.4722317938497,-14.2440073621804
-51.4587317938497,-14.2673900371804
-51.4452317938497,-14.2907727121804
-51.4317317938497,-14.3141553871804
-51.3642317938497,-14.3375380621804
-51.3372317938497,-14.3375380621804
-51.3102317938497,-14.3375380621804
-51.2832317938497,-14.3375380621804
-51.2562317938497,-14.3375380621804
-51.2292317938496,-14.3375380621804
-51.2022317938496,-14.3375380621804
-51.1752317938496,-14.3375380621804
-51.1482317938496,-14.3375380621804
-51.1212317938496,-14.3375380621804
-51.0942317938496,-14.3375380621804
-51.0672317938496,-14.3375380621804
-51.0402317938496,-14.3375380621804
-51.0132317938496,-14.3375380621804
-50.9862317938496,-14.3375380621804
-50.8647317938496,-13.3788483871804
-50.7702317938496,-13.5425271121804
-50.7837317938496,-13.5191444371804
-50.7972317938496,-13.4957617621804
-50.8107317938496,-13.4723790871804
-50.8242317938496,-13.4489964121804
-50.8377317938496,-13.4256137371804
-50.8512317938496,-13.4022310621804
-50.8917317938496,-13.3788483871804
-50.9187317938496,-13.3788483871804
-50.9457317938496,-13.3788483871804
-50.9727317938496,-13.3788483871804
-50.9997317938496,-13.3788483871804
-51.0267317938496,-13.3788483871804
-51.0537317938496,-13.3788483871804
-51.0807317938496,-13.3788483871804
-51.1077317938496,-13.3788483871804
-51.1347317938496,-13.3788483871804
-51.1617317938496,-13.3788483871804
-51.1887317938496,-13.3788483871804
-51.2157317938496,-13.3788483871804
-51.2427317938497,-13.3788483871804
-51.2697317938497,-13.3788483871804
-51.2967317938497,-13.3788483871804
-51.3237317938497,-13.3788483871804
-51.6477317938497,-13.9867979371804
-51.6342317938497,-14.0101806121804
-51.6207317938497,-14.0335632871804
-51.6072317938497,-14.0569459621804
-51.5937317938497,-14.0803286371804
-51.5802317938497,-14.1037113121804
-51.5667317938497,-14.1270939871804
-51.5532317938497,-14.1504766621804
-51.5397317938497,-14.1738593371804
-51.5262317938497,-14.1972420121804
-51.5127317938497,-14.2206246871804
-51.4992317938497,-14.2440073621804
-51.4857317938497,-14.2673900371804
-51.4722317938497,-14.2907727121804
-51.4587317938497,-14.3141553871804
-51.4452317938497,-14.3375380621804
-51.3777317938497,-14.3609207371804
-51.3507317938497,-14.3609207371804
-51.3237317938497,-14.3609207371804
-51.2967317938497,-14.3609207371804
-51.2697317938497,-14.3609207371804
-51.2427317938497,-14.3609207371804
-51.2157317938496,-14.3609207371804
-51.1887317938496,-14.3609207371804
-51.1617317938496,-14.3609207371804
-51.1347317938496,-14.3609207371804
-51.1077317938496,-14.3609207371804
-51.0807317938496,-14.3609207371804
-51.0537317938496,-14.3609207371804
-51.0267317938496,-14.3609207371804
-50.9997317938496,-14.3609207371804
-50.8512317938496,-13.3554657121804
-50.7702317938496,-13.4957617621804
-50.7837317938496,-13.4723790871804
-50.7972317938496,-13.4489964121804
-50.8107317938496,-13.4256137371804
-50.8242317938496,-13.4022310621804
-50.8377317938496,-13.3788483871804
-50.8782317938496,-13.3554657121804
-50.9052317938496,-13.3554657121804
-50.9322317938496,-13.3554657121804
-50.9592317938496,-13.3554657121804
-50.9862317938496,-13.3554657121804
-51.0132317938496,-13.3554657121804
-51.0402317938496,-13.3554657121804
-51.0672317938496,-13.3554657121804
-51.0942317938496,-13.3554657121804
-51.1212317938496,-13.3554657121804
-51.1482317938496,-13.3554657121804
-51.1752317938496,-13.3554657121804
-51.2022317938496,-13.3554657121804
-51.2292317938496,-13.3554657121804
-51.2562317938497,-13.3554657121804
-51.2832317938497,-13.3554657121804
-51.6612317938497,-14.0101806121804
-51.6477317938497,-14.0335632871804
-51.6342317938497,-14.0569459621804
-51.6207317938497,-14.0803286371804
-51.6072317938497,-14.1037113121804
-51.5937317938497,-14.1270939871804
-51.5802317938497,-14.1504766621804
-51.5667317938497,-14.1738593371804
-51.5532317938497,-14.1972420121804
-51.5397317938497,-14.2206246871804
-51.5262317938497,-14.2440073621804
-51.5127317938497,-14.2673900371804
-51.4992317938497,-14.2907727121804
-51.4857317938497,-14.3141553871804
-51.4722317938497,-14.3375380621804
-51.3642317938497,-14.3843034121804
-51.3372317938497,-14.3843034121804
-51.3102317938497,-14.3843034121804
-51.2832317938497,-14.3843034121804
-51.2562317938497,-14.3843034121804
-51.2292317938496,-14.3843034121804
-51.2022317938496,-14.3843034121804
-51.1752317938496,-14.3843034121804
-51.1482317938496,-14.3843034121804
-51.1212317938496,-14.3843034121804
-51.0942317938496,-14.3843034121804
-51.0672317938496,-14.3843034121804
-51.0402317938496,-14.3843034121804
-51.0132317938496,-14.3843034121804
-50.8377317938496,-13.3320830371804
-50.7432317938496,-13.4957617621804
-50.7567317938496,-13.4723790871804
-50.7702317938496,-13.4489964121804
-50.7837317938496,-13.4256137371804
-50.7972317938496,-13.4022310621804
-50.8107317938496,-13.3788483871804
-50.8242317938496,-13.3554657121804
-50.8647317938496,-13.3320830371804
-50.8917317938496,-13.3320830371804
-50.9187317938496,-13.3320830371804
-50.9457317938496,-13.3320830371804
-50.9727317938496,-13.3320830371804
-50.9997317938496,-13.3320830371804
-51.0267317938496,-13.3320830371804
-51.0537317938496,-13.3320830371804
-51.0807317938496,-13.3320830371804
-51.1077317938496,-13.3320830371804
-51.1347317938496,-13.3320830371804
-51.1617317938496,-13.3320830371804
-51.1887317938496,-13.3320830371804
-51.2157317938496,-13.3320830371804
-51.2427317938497,-13.3320830371804
-51.2697317938497,-13.3320830371804
-51.2967317938497,-13.3320830371804
-51.3237317938497,-13.3320830371804
-51.6882317938497,-14.0101806121804
-51.6747317938497,-14.0335632871804
-51.6612317938497,-14.0569459621804
-51.6477317938497,-14.0803286371804
-51.6342317938497,-14.1037113121804
-51.6207317938497,-14.1270939871804
-51.6072317938497,-14.1504766621804
-51.5937317938497,-14.1738593371804
-51.5802317938497,-14.1972420121804
-51.5667317938497,-14.2206246871804
-51.5532317938497,-14.2440073621804
-51.5397317938497,-14.2673900371804
-51.5262317938497,-14.2907727121804
-51.5127317938497,-14.3141553871804
-51.4992317938497,-14.3375380621804
-51.4857317938497,-14.3609207371804
-51.3777317938497,-14.4076860871804
-51.3507317938497,-14.4076860871804
-51.3237317938497,-14.4076860871804
-51.2967317938497,-14.4076860871804
-51.2697317938497,-14.4076860871804
-51.2427317938497,-14.4076860871804
-51.2157317938496,-14.4076860871804
-51.1887317938496,-14.4076860871804
-51.1617317938496,-14.4076860871804
-51.1347317938496,-14.4076860871804
-51.1077317938496,-14.4076860871804
-51.0807317938496,-14.4076860871804
-51.0537317938496,-14.4076860871804
-51.0267317938496,-14.4076860871804
-50.9997317938496,-14.4076860871804
-50.8242317938496,-13.3087003621803
-50.7297317938496,-13.4723790871804
-50.7432317938496,-13.4489964121804
-50.7567317938496,-13.4256137371804
-50.7702317938496,-13.4022310621804
-50.7837317938496,-13.3788483871804
-50.7972317938496,-13.3554657121804
-50.8107317938496,-13.3320830371804
-50.8512317938496,-13.3087003621803
-50.8782317938496,-13.3087003621803
-50.9052317938496,-13.3087003621803
-50.9322317938496,-13.3087003621803
-50.9592317938496,-13.3087003621803
-50.9862317938496,-13.3087003621803
-51.0132317938496,-13.3087003621803
-51.0402317938496,-13.3087003621803
-51.0672317938496,-13.3087003621803
-51.0942317938496,-13.3087003621803
-51.1212317938496,-13.3087003621803
-51.1482317938496,-13.3087003621803
-51.1752317938496,-13.3087003621803
-51.2022317938496,-13.3087003621803
-51.2292317938496,-13.3087003621803
-51.2562317938497,-13.3087003621803
-51.7017317938497,-14.0335632871804
-51.6882317938497,-14.0569459621804
-51.6747317938497,-14.0803286371804
-51.6612317938497,-14.1037113121804
-51.6477317938497,-14.1270939871804
-51.6342317938497,-14.1504766621804
-51.6207317938497,-14.1738593371804
-51.6072317938497,-14.1972420121804
-51.5937317938497,-14.2206246871804
-51.5802317938497,-14.2440073621804
-51.5667317938497,-14.2673900371804
-51.5532317938497,-14.2907727121804
-51.5397317938497,-14.3141553871804
-51.5262317938497,-14.3375380621804
-51.5127317938497,-14.3609207371804
-51.3642317938497,-14.4310687621804
-51.3372317938497,-14.4310687621804
-51.3102317938497,-14.4310687621804
-51.2832317938497,-14.4310687621804
-51.2562317938497,-14.4310687621804
-51.2292317938496,-14.4310687621804
-51.2022317938496,-14.4310687621804
-51.1752317938496,-14.4310687621804
-51.1482317938496,-14.4310687621804
-51.1212317938496,-14.4310687621804
-51.0942317938496,-14.4310687621804
-51.0672317938496,-14.4310687621804
-51.0402317938496,-14.4310687621804
-51.0132317938496,-14.4310687621804
-50.9862317938496,-14.4310687621804
-50.8107317938496,-13.2853176871803
-50.7027317938496,-13.4723790871804
-50.7162317938496,-13.4489964121804
-50.7297317938496,-13.4256137371804
-50.7432317938496,-13.4022310621804
-50.7567317938496,-13.3788483871804
-50.7702317938496,-13.3554657121804
-50.7837317938496,-13.3320830371804
-50.7972317938496,-13.3087003621803
-50.8377317938496,-13.2853176871803
-50.8647317938496,-13.2853176871803
-50.8917317938496,-13.2853176871803
-50.9187317938496,-13.2853176871803
-50.9457317938496,-13.2853176871803
-50.9727317938496,-13.2853176871803
-50.9997317938496,-13.2853176871803
-51.0267317938496,-13.2853176871803
-51.0537317938496,-13.2853176871803
-51.0807317938496,-13.2853176871803
-51.1077317938496,-13.2853176871803
-51.1347317938496,-13.2853176871803
-51.1617317938496,-13.2853176871803
-51.1887317938496,-13.2853176871803
-51.2157317938496,-13.2853176871803
-51.2427317938497,-13.2853176871803
-51.6882317938497,-14.1037113121804
-51.6747317938497,-14.1270939871804
-51.6612317938497,-14.1504766621804
-51.6477317938497,-14.1738593371804
-51.6342317938497,-14.1972420121804
-51.6207317938497,-14.2206246871804
-51.6072317938497,-14.2440073621804
-51.5937317938497,-14.2673900371804
-51.5802317938497,-14.2907727121804
-51.5667317938497,-14.3141553871804
-51.5532317938497,-14.3375380621804
-51.5397317938497,-14.3609207371804
-51.3777317938497,-14.4544514371804
-51.3507317938497,-14.4544514371804
-51.3237317938497,-14.4544514371804
-51.2967317938497,-14.4544514371804
-51.2697317938497,-14.4544514371804
-51.2427317938497,-14.4544514371804
-51.2157317938496,-14.4544514371804
-51.1887317938496,-14.4544514371804
-51.1617317938496,-14.4544514371804
-51.1347317938496,-14.4544514371804
-51.1077317938496,-14.4544514371804
-51.0807317938496,-14.4544514371804
-51.0537317938496,-14.4544514371804
-51.0267317938496,-14.4544514371804
-50.9997317938496,-14.4544514371804
-50.7972317938496,-13.2619350121803
-50.6892317938496,-13.4489964121804
-50.7027317938496,-13.4256137371804
-50.7162317938496,-13.4022310621804
-50.7297317938496,-13.3788483871804
-50.7432317938496,-13.3554657121804
-50.7567317938496,-13.3320830371804
-50.7702317938496,-13.3087003621803
-50.7837317938496,-13.2853176871803
-50.8242317938496,-13.2619350121803
-50.8512317938496,-13.2619350121803
-50.8782317938496,-13.2619350121803
-50.9052317938496,-13.2619350121803
-50.9322317938496,-13.2619350121803
-50.9592317938496,-13.2619350121803
-50.9862317938496,-13.2619350121803
-51.0132317938496,-13.2619350121803
-51.0402317938496,-13.2619350121803
-51.0672317938496,-13.2619350121803
-51.0942317938496,-13.2619350121803
-51.1212317938496,-13.2619350121803
-51.1482317938496,-13.2619350121803
-51.1752317938496,-13.2619350121803
-51.2022317938496,-13.2619350121803
-51.2292317938496,-13.2619350121803
-51.2562317938497,-13.2619350121803
-51.7017317938497,-14.1270939871804
-51.6882317938497,-14.1504766621804
-51.6747317938497,-14.1738593371804
-51.6612317938497,-14.1972420121804
-51.6477317938497,-14.2206246871804
-51.6342317938497,-14.2440073621804
-51.6207317938497,-14.2673900371804
-51.6072317938497,-14.2907727121804
-51.5937317938497,-14.3141553871804
-51.5802317938497,-14.3375380621804
-51.5667317938497,-14.3609207371804
-51.5532317938497,-14.3843034121804
-51.3642317938497,-14.4778341121804
-51.3372317938497,-14.4778341121804
-51.3102317938497,-14.4778341121804
-51.2832317938497,-14.4778341121804
-51.2562317938497,-14.4778341121804
-51.2292317938496,-14.4778341121804
-51.2022317938496,-14.4778341121804
-51.1752317938496,-14.4778341121804
-51.1482317938496,-14.4778341121804
-51.1212317938496,-14.4778341121804
-51.0942317938496,-14.4778341121804
-51.0672317938496,-14.4778341121804
-51.0402317938496,-14.4778341121804
-51.0132317938496,-14.4778341121804
-50.9862317938496,-14.4778341121804
-50.7837317938496,-13.2385523371803
-50.6757317938496,-13.4256137371804
-50.6892317938496,-13.4022310621804
-50.7027317938496,-13.3788483871804
-50.7162317938496,-13.3554657121804
-50.7297317938496,-13.3320830371804
-50.7432317938496,-13.3087003621803
-50.7567317938496,-13.2853176871803
-50.7702317938496,-13.2619350121803
-50.8107317938496,-13.2385523371803
-50.8377317938496,-13.2385523371803
-50.8647317938496,-13.2385523371803
-50.8917317938496,-13.2385523371803
-50.9187317938496,-13.2385523371803
-50.9457317938496,-13.2385523371803
-50.9727317938496,-13.2385523371803
-50.9997317938496,-13.2385523371803
-51.0267317938496,-13.2385523371803
-51.0537317938496,-13.2385523371803
-51.0807317938496,-13.2385523371803
-51.1077317938496,-13.2385523371803
-51.1347317938496,-13.2385523371803
-51.1617317938496,-13.2385523371803
-51.1887317938496,-13.2385523371803
-51.7017317938497,-14.1738593371804
-51.6882317938497,-14.1972420121804
-51.6747317938497,-14.2206246871804
-51.6612317938497,-14.2440073621804
-51.6477317938497,-14.2673900371804
-51.6342317938497,-14.2907727121804
-51.6207317938497,-14.3141553871804
-51.6072317938497,-14.3375380621804
-51.5937317938497,-14.3609207371804
-51.5802317938497,-14.3843034121804
-51.5667317938497,-14.4076860871804
-51.3777317938497,-14.5012167871804
-51.3507317938497,-14.5012167871804
-51.3237317938497,-14.5012167871804
-51.2967317938497,-14.5012167871804
-51.2697317938497,-14.5012167871804
-51.2427317938497,-14.5012167871804
-51.2157317938496,-14.5012167871804
-51.1887317938496,-14.5012167871804
-51.1617317938496,-14.5012167871804
-51.1347317938496,-14.5012167871804
-51.1077317938496,-14.5012167871804
-51.0807317938496,-14.5012167871804
-51.0537317938496,-14.5012167871804
-51.0267317938496,-14.5012167871804
-50.9997317938496,-14.5012167871804
-50.7702317938496,-13.2151696621803
-50.6757317938496,-13.3788483871804
-50.6892317938496,-13.3554657121804
-50.7027317938496,-13.3320830371804
-50.7162317938496,-13.3087003621803
-50.7297317938496,-13.2853176871803
-50.7432317938496,-13.2619350121803
-50.7567317938496,-13.2385523371803
-50.7972317938496,-13.2151696621803
-50.8242317938496,-13.2151696621803
-50.8512317938496,-13.2151696621803
-50.8782317938496,-13.2151696621803
-50.9052317938496,-13.2151696621803
-50.9322317938496,-13.2151696621803
-50.9592317938496,-13.2151696621803
-50.9862317938496,-13.2151696621803
-51.0132317938496,-13.2151696621803
-51.0402317938496,-13.2151696621803
-51.0672317938496,-13.2151696621803
-51.0942317938496,-13.2151696621803
-51.1212317938496,-13.2151696621803
-51.1482317938496,-13.2151696621803
-51.1752317938496,-13.2151696621803
-51.2022317938496,-13.2151696621803
-51.7287317938497,-14.1738593371804
-51.7152317938497,-14.1972420121804
-51.7017317938497,-14.2206246871804
-51.6882317938497,-14.2440073621804
-51.6747317938497,-14.2673900371804
-51.6612317938497,-14.2907727121804
-51.6477317938497,-14.3141553871804
-51.6342317938497,-14.3375380621804
-51.6207317938497,-14.3609207371804
-51.6072317938497,-14.3843034121804
-51.5937317938497,-14.4076860871804
-51.5802317938497,-14.4310687621804
-51.3912317938497,-14.5245994621804
-51.3642317938497,-14.5245994621804
-51.3372317938497,-14.5245994621804
-51.3102317938497,-14.5245994621804
-51.2832317938497,-14.5245994621804
-51.2562317938497,-14.5245994621804
-51.2292317938496,-14.5245994621804
-51.2022317938496,-14.5245994621804
-51.1752317938496,-14.5245994621804
-51.1482317938496,-14.5245994621804
-51.1212317938496,-14.5245994621804
-51.0942317938496,-14.5245994621804
-51.0672317938496,-14.5245994621804
-51.0402317938496,-14.5245994621804
-51.0132317938496,-14.5245994621804
-50.9862317938496,-14.5245994621804
-50.7567317938496,-13.1917869871803
-50.6622317938496,-13.3554657121804
-50.6757317938496,-13.3320830371804
-50.6892317938496,-13.3087003621803
-50.7027317938496,-13.2853176871803
-50.7162317938496,-13.2619350121803
-50.7297317938496,-13.2385523371803
-50.7432317938496,-13.2151696621803
-50.7837317938496,-13.1917869871803
-50.8107317938496,-13.1917869871803
-50.8377317938496,-13.1917869871803
-50.8647317938496,-13.1917869871803
-50.8917317938496,-13.1917869871803
-50.9187317938496,-13.1917869871803
-50.9457317938496,-13.1917869871803
-50.9727317938496,-13.1917869871803
-50.9997317938496,-13.1917869871803
-51.0267317938496,-13.1917869871803
-51.0537317938496,-13.1917869871803
-51.0807317938496,-13.1917869871803
-51.1077317938496,-13.1917869871803
-51.1347317938496,-13.1917869871803
-51.1617317938496,-13.1917869871803
-51.1887317938496,-13.1917869871803
-51.7287317938497,-14.2206246871804
-51.7017317938497,-14.2673900371804
-51.6882317938497,-14.2907727121804
-51.6747317938497,-14.3141553871804
-51.6612317938497,-14.3375380621804
-51.6477317938497,-14.3609207371804
-51.6342317938497,-14.3843034121804
-51.6207317938497,-14.4076860871804
-51.6072317938497,-14.4310687621804
-51.5937317938497,-14.4544514371804
-51.4047317938497,-14.5479821371804
-51.3777317938497,-14.5479821371804
-51.3507317938497,-14.5479821371804
-51.3237317938497,-14.5479821371804
-51.2967317938497,-14.5479821371804
-51.2697317938497,-14.5479821371804
-51.2427317938497,-14.5479821371804
-51.2157317938496,-14.5479821371804
-51.1887317938496,-14.5479821371804
-51.1617317938496,-14.5479821371804
-51.1347317938496,-14.5479821371804
-51.1077317938496,-14.5479821371804
-51.0807317938496,-14.5479821371804
-51.0537317938496,-14.5479821371804
-51.0267317938496,-14.5479821371804
-50.9997317938496,-14.5479821371804
-50.7432317938496,-13.1684043121803
-50.6487317938496,-13.3320830371804
-50.6622317938496,-13.3087003621803
-50.6757317938496,-13.2853176871803
-50.6892317938496,-13.2619350121803
-50.7027317938496,-13.2385523371803
-50.7162317938496,-13.2151696621803
-50.7297317938496,-13.1917869871803
-50.7702317938496,-13.1684043121803
-50.7972317938496,-13.1684043121803
-50.8242317938496,-13.1684043121803
-50.8512317938496,-13.1684043121803
-50.8782317938496,-13.1684043121803
-50.9052317938496,-13.1684043121803
-50.9322317938496,-13.1684043121803
-50.9592317938496,-13.1684043121803
-50.9862317938496,-13.1684043121803
-51.0132317938496,-13.1684043121803
-51.0402317938496,-13.1684043121803
-51.0672317938496,-13.1684043121803
-51.0942317938496,-13.1684043121803
-51.1212317938496,-13.1684043121803
-51.1482317938496,-13.1684043121803
-51.1752317938496,-13.1684043121803
-51.6882317938497,-14.3375380621804
-51.6747317938497,-14.3609207371804
-51.6612317938497,-14.3843034121804
-51.6477317938497,-14.4076860871804
-51.6342317938497,-14.4310687621804
-51.6207317938497,-14.4544514371804
-51.6072317938497,-14.4778341121804
-51.4182317938497,-14.5713648121804
-51.3912317938497,-14.5713648121804
-51.3642317938497,-14.5713648121804
-51.3372317938497,-14.5713648121804
-51.3102317938497,-14.5713648121804
-51.2832317938497,-14.5713648121804
-51.2562317938497,-14.5713648121804
-51.2292317938496,-14.5713648121804
-51.2022317938496,-14.5713648121804
-51.1752317938496,-14.5713648121804
-51.1482317938496,-14.5713648121804
-51.1212317938496,-14.5713648121804
-51.0942317938496,-14.5713648121804
-51.0672317938496,-14.5713648121804
-51.0402317938496,-14.5713648121804
-51.0132317938496,-14.5713648121804
-50.7297317938496,-13.1450216371803
-50.6352317938496,-13.3087003621803
-50.6487317938496,-13.2853176871803
-50.6622317938496,-13.2619350121803
-50.6757317938496,-13.2385523371803
-50.6892317938496,-13.2151696621803
-50.7027317938496,-13.1917869871803
-50.7162317938496,-13.1684043121803
-50.7567317938496,-13.1450216371803
-50.7837317938496,-13.1450216371803
-50.8107317938496,-13.1450216371803
-50.8377317938496,-13.1450216371803
-50.8647317938496,-13.1450216371803
-50.8917317938496,-13.1450216371803
-50.9187317938496,-13.1450216371803
-50.9457317938496,-13.1450216371803
-50.9727317938496,-13.1450216371803
-50.9997317938496,-13.1450216371803
-51.0267317938496,-13.1450216371803
-51.0537317938496,-13.1450216371803
-51.0807317938496,-13.1450216371803
-51.1077317938496,-13.1450216371803
-51.1347317938496,-13.1450216371803
-51.6882317938497,-14.3843034121804
-51.6747317938497,-14.4076860871804
-51.6612317938497,-14.4310687621804
-51.6477317938497,-14.4544514371804
-51.6342317938497,-14.4778341121804
-51.4317317938497,-14.5947474871804
-51.4047317938497,-14.5947474871804
-51.3777317938497,-14.5947474871804
-51.3507317938497,-14.5947474871804
-51.3237317938497,-14.5947474871804
-51.2967317938497,-14.5947474871804
-51.2697317938497,-14.5947474871804
-51.2427317938497,-14.5947474871804
-51.2157317938496,-14.5947474871804
-51.1887317938496,-14.5947474871804
-51.1617317938496,-14.5947474871804
-51.1347317938496,-14.5947474871804
-51.1077317938496,-14.5947474871804
-51.0807317938496,-14.5947474871804
-51.0537317938496,-14.5947474871804
-51.0267317938496,-14.5947474871804
-50.9997317938496,-14.5947474871804
-50.7162317938496,-13.1216389621803
-50.6082317938496,-13.3087003621803
-50.6217317938496,-13.2853176871803
-50.6352317938496,-13.2619350121803
-50.6487317938496,-13.2385523371803
-50.6622317938496,-13.2151696621803
-50.6757317938496,-13.1917869871803
-50.6892317938496,-13.1684043121803
-50.7027317938496,-13.1450216371803
-50.7432317938496,-13.1216389621803
-50.7702317938496,-13.1216389621803
-50.7972317938496,-13.1216389621803
-50.8242317938496,-13.1216389621803
-50.8512317938496,-13.1216389621803
-50.8782317938496,-13.1216389621803
-50.9052317938496,-13.1216389621803
-50.9322317938496,-13.1216389621803
-50.9592317938496,-13.1216389621803
-50.9862317938496,-13.1216389621803
-51.0132317938496,-13.1216389621803
-51.0402317938496,-13.1216389621803
-51.0672317938496,-13.1216389621803
-51.0942317938496,-13.1216389621803
-51.1212317938496,-13.1216389621803
-51.7017317938497,-14.4076860871804
-51.6882317938497,-14.4310687621804
-51.6747317938497,-14.4544514371804
-51.6612317938497,-14.4778341121804
-51.6477317938497,-14.5012167871804
-51.4452317938497,-14.6181301621804
-51.4182317938497,-14.6181301621804
-51.3912317938497,-14.6181301621804
-51.3642317938497,-14.6181301621804
-51.3372317938497,-14.6181301621804
-51.3102317938497,-14.6181301621804
-51.2832317938497,-14.6181301621804
-51.2562317938497,-14.6181301621804
-51.2292317938496,-14.6181301621804
-51.2022317938496,-14.6181301621804
-51.1752317938496,-14.6181301621804
-51.1482317938496,-14.6181301621804
-51.1212317938496,-14.6181301621804
-51.0942317938496,-14.6181301621804
-51.0672317938496,-14.6181301621804
-51.0402317938496,-14.6181301621804
-51.0132317938496,-14.6181301621804
-50.7027317938496,-13.0982562871803
-50.6082317938496,-13.2619350121803
-50.6217317938496,-13.2385523371803
-50.6352317938496,-13.2151696621803
-50.6487317938496,-13.1917869871803
-50.6622317938496,-13.1684043121803
-50.6757317938496,-13.1450216371803
-50.6892317938496,-13.1216389621803
-50.7297317938496,-13.0982562871803
-50.7567317938496,-13.0982562871803
-50.7837317938496,-13.0982562871803
-50.8107317938496,-13.0982562871803
-50.8377317938496,-13.0982562871803
-50.8647317938496,-13.0982562871803
-50.8917317938496,-13.0982562871803
-50.9187317938496,-13.0982562871803
-50.9457317938496,-13.0982562871803
-50.9727317938496,-13.0982562871803
-50.9997317938496,-13.0982562871803
-51.0267317938496,-13.0982562871803
-51.0537317938496,-13.0982562871803
-51.0807317938496,-13.0982562871803
-51.1077317938496,-13.0982562871803
-51.1347317938496,-13.0982562871803
-51.7152317938497,-14.4310687621804
-51.7017317938497,-14.4544514371804
-51.6882317938497,-14.4778341121804
-51.6747317938497,-14.5012167871804
-51.6612317938497,-14.5245994621804
-51.4587317938497,-14.6415128371804
-51.4317317938497,-14.6415128371804
-51.4047317938497,-14.6415128371804
-51.3777317938497,-14.6415128371804
-51.3507317938497,-14.6415128371804
-51.3237317938497,-14.6415128371804
-51.2967317938497,-14.6415128371804
-51.2697317938497,-14.6415128371804
-51.2427317938497,-14.6415128371804
-51.2157317938496,-14.6415128371804
-51.1887317938496,-14.6415128371804
-51.1617317938496,-14.6415128371804
-51.1347317938496,-14.6415128371804
-51.1077317938496,-14.6415128371804
-51.0807317938496,-14.6415128371804
-51.0537317938496,-14.6415128371804
-51.0267317938496,-14.6415128371804
-50.6892317938496,-13.0748736121803
-50.5947317938496,-13.2385523371803
-50.6082317938496,-13.2151696621803
-50.6217317938496,-13.1917869871803
-50.6352317938496,-13.1684043121803
-50.6487317938496,-13.1450216371803
-50.6622317938496,-13.1216389621803
-50.6757317938496,-13.0982562871803
-50.7162317938496,-13.0748736121803
-50.7432317938496,-13.0748736121803
-50.7702317938496,-13.0748736121803
-50.7972317938496,-13.0748736121803
-50.8242317938496,-13.0748736121803
-50.8512317938496,-13.0748736121803
-50.8782317938496,-13.0748736121803
-50.9052317938496,-13.0748736121803
-50.9322317938496,-13.0748736121803
-50.9592317938496,-13.0748736121803
-50.9862317938496,-13.0748736121803
-51.0132317938496,-13.0748736121803
-51.0402317938496,-13.0748736121803
-51.0672317938496,-13.0748736121803
-51.0942317938496,-13.0748736121803
-51.6882317938497,-14.5245994621804
-51.4722317938497,-14.6648955121804
-51.4452317938497,-14.6648955121804
-51.4182317938497,-14.6648955121804
-51.3912317938497,-14.6648955121804
-51.3642317938497,-14.6648955121804
-51.3372317938497,-14.6648955121804
-51.3102317938497,-14.6648955121804
-51.2832317938497,-14.6648955121804
-51.2562317938497,-14.6648955121804
-51.2292317938496,-14.6648955121804
-51.2022317938496,-14.6648955121804
-51.1752317938496,-14.6648955121804
-51.1482317938496,-14.6648955121804
-51.1212317938496,-14.6648955121804
-51.0942317938496,-14.6648955121804
-51.0672317938496,-14.6648955121804
-51.0402317938496,-14.6648955121804
-50.6757317938496,-13.0514909371803
-50.6082317938496,-13.1684043121803
-50.6217317938496,-13.1450216371803
-50.6352317938496,-13.1216389621803
-50.6487317938496,-13.0982562871803
-50.6622317938496,-13.0748736121803
-50.7027317938496,-13.0514909371803
-50.7297317938496,-13.0514909371803
-50.7567317938496,-13.0514909371803
-50.7837317938496,-13.0514909371803
-50.8107317938496,-13.0514909371803
-50.8377317938496,-13.0514909371803
-50.8647317938496,-13.0514909371803
-50.8917317938496,-13.0514909371803
-50.9187317938496,-13.0514909371803
-50.9457317938496,-13.0514909371803
-50.9727317938496,-13.0514909371803
-50.9997317938496,-13.0514909371803
-51.0267317938496,-13.0514909371803
-51.0537317938496,-13.0514909371803
-51.0807317938496,-13.0514909371803
-51.1077317938496,-13.0514909371803
-51.4857317938497,-14.6882781871804
-51.4587317938497,-14.6882781871804
-51.4317317938497,-14.6882781871804
-51.4047317938497,-14.6882781871804
-51.3777317938497,-14.6882781871804
-51.3507317938497,-14.6882781871804
-51.3237317938497,-14.6882781871804
-51.2967317938497,-14.6882781871804
-51.2697317938497,-14.6882781871804
-51.2427317938497,-14.6882781871804
-51.2157317938496,-14.6882781871804
-51.1887317938496,-14.6882781871804
-51.1617317938496,-14.6882781871804
-51.1347317938496,-14.6882781871804
-51.1077317938496,-14.6882781871804
-51.0807317938496,-14.6882781871804
-51.0537317938496,-14.6882781871804
-51.0267317938496,-14.6882781871804
-50.6622317938496,-13.0281082621803
-50.6082317938496,-13.1216389621803
-50.6217317938496,-13.0982562871803
-50.6352317938496,-13.0748736121803
-50.6487317938496,-13.0514909371803
-50.6892317938496,-13.0281082621803
-50.7162317938496,-13.0281082621803
-50.7432317938496,-13.0281082621803
-50.7702317938496,-13.0281082621803
-50.7972317938496,-13.0281082621803
-50.8242317938496,-13.0281082621803
-50.8512317938496,-13.0281082621803
-50.8782317938496,-13.0281082621803
-50.9052317938496,-13.0281082621803
-50.9322317938496,-13.0281082621803
-50.9592317938496,-13.0281082621803
-50.9862317938496,-13.0281082621803
-51.0132317938496,-13.0281082621803
-51.0402317938496,-13.0281082621803
-51.0672317938496,-13.0281082621803
-51.0942317938496,-13.0281082621803
-51.1212317938496,-13.0281082621803
-51.5262317938497,-14.7116608621804
-51.4992317938497,-14.7116608621804
-51.4722317938497,-14.7116608621804
-51.4452317938497,-14.7116608621804
-51.4182317938497,-14.7116608621804
-51.3912317938497,-14.7116608621804
-51.3642317938497,-14.7116608621804
-51.3372317938497,-14.7116608621804
-51.3102317938497,-14.7116608621804
-51.2832317938497,-14.7116608621804
-51.2562317938497,-14.7116608621804
-51.2292317938496,-14.7116608621804
-51.2022317938496,-14.7116608621804
-51.1752317938496,-14.7116608621804
-51.1482317938496,-14.7116608621804
-51.1212317938496,-14.7116608621804
-51.0942317938496,-14.7116608621804
-51.0672317938496,-14.7116608621804
-51.0402317938496,-14.7116608621804
-50.6487317938496,-13.0047255871803
-50.6082317938496,-13.0748736121803
-50.6217317938496,-13.0514909371803
-50.6352317938496,-13.0281082621803
-50.6757317938496,-13.0047255871803
-50.7027317938496,-13.0047255871803
-50.7297317938496,-13.0047255871803
-50.7567317938496,-13.0047255871803
-50.7837317938496,-13.0047255871803
-50.8107317938496,-13.0047255871803
-50.8377317938496,-13.0047255871803
-50.8647317938496,-13.0047255871803
-50.8917317938496,-13.0047255871803
-50.9187317938496,-13.0047255871803
-50.9457317938496,-13.0047255871803
-50.9727317938496,-13.0047255871803
-50.9997317938496,-13.0047255871803
-51.0267317938496,-13.0047255871803
-51.0537317938496,-13.0047255871803
-51.0807317938496,-13.0047255871803
-51.1077317938496,-13.0047255871803
-51.5127317938497,-14.7350435371804
-51.4857317938497,-14.7350435371804
-51.4587317938497,-14.7350435371804
-51.4317317938497,-14.7350435371804
-51.4047317938497,-14.7350435371804
-51.3777317938497,-14.7350435371804
-51.3507317938497,-14.7350435371804
-51.3237317938497,-14.7350435371804
-51.2967317938497,-14.7350435371804
-51.2697317938497,-14.7350435371804
-51.2427317938497,-14.7350435371804
-51.2157317938496,-14.7350435371804
-51.1887317938496,-14.7350435371804
-51.1617317938496,-14.7350435371804
-51.1347317938496,-14.7350435371804
-51.1077317938496,-14.7350435371804
-51.0807317938496,-14.7350435371804
-51.0537317938496,-14.7350435371804
-50.6352317938496,-12.9813429121803
-50.5947317938496,-13.0514909371803
-50.6082317938496,-13.0281082621803
-50.6217317938496,-13.0047255871803
-50.6622317938496,-12.9813429121803
-50.6892317938496,-12.9813429121803
-50.7162317938496,-12.9813429121803
-50.7432317938496,-12.9813429121803
-50.7702317938496,-12.9813429121803
-50.7972317938496,-12.9813429121803
-50.8242317938496,-12.9813429121803
-50.8512317938496,-12.9813429121803
-50.8782317938496,-12.9813429121803
-50.9052317938496,-12.9813429121803
-50.9322317938496,-12.9813429121803
-50.9592317938496,-12.9813429121803
-50.9862317938496,-12.9813429121803
-51.0132317938496,-12.9813429121803
-51.0402317938496,-12.9813429121803
-51.0672317938496,-12.9813429121803
-51.0942317938496,-12.9813429121803
-51.5262317938497,-14.7584262121804
-51.4992317938497,-14.7584262121804
-51.4722317938497,-14.7584262121804
-51.4452317938497,-14.7584262121804
-51.4182317938497,-14.7584262121804
-51.3912317938497,-14.7584262121804
-51.3642317938497,-14.7584262121804
-51.3372317938497,-14.7584262121804
-51.3102317938497,-14.7584262121804
-51.2832317938497,-14.7584262121804
-51.2562317938497,-14.7584262121804
-51.2292317938496,-14.7584262121804
-51.2022317938496,-14.7584262121804
-51.1752317938496,-14.7584262121804
-51.1482317938496,-14.7584262121804
-51.1212317938496,-14.7584262121804
-51.0942317938496,-14.7584262121804
-51.0672317938496,-14.7584262121804
-50.6217317938496,-12.9579602371803
-50.5812317938496,-13.0281082621803
-50.5947317938496,-13.0047255871803
-50.6082317938496,-12.9813429121803
-50.6487317938496,-12.9579602371803
-50.6757317938496,-12.9579602371803
-50.7027317938496,-12.9579602371803
-50.7297317938496,-12.9579602371803
-50.7567317938496,-12.9579602371803
-50.7837317938496,-12.9579602371803
-50.8107317938496,-12.9579602371803
-50.8377317938496,-12.9579602371803
-50.8647317938496,-12.9579602371803
-50.8917317938496,-12.9579602371803
-50.9187317938496,-12.9579602371803
-50.9457317938496,-12.9579602371803
-50.9727317938496,-12.9579602371803
-50.9997317938496,-12.9579602371803
-51.0267317938496,-12.9579602371803
-51.0537317938496,-12.9579602371803
-51.0807317938496,-12.9579602371803
-51.5397317938497,-14.7818088871804
-51.5127317938497,-14.7818088871804
-51.4857317938497,-14.7818088871804
-51.4587317938497,-14.7818088871804
-51.4317317938497,-14.7818088871804
-51.4047317938497,-14.7818088871804
-51.3777317938497,-14.7818088871804
-51.3507317938497,-14.7818088871804
-51.3237317938497,-14.7818088871804
-51.2967317938497,-14.7818088871804
-51.2697317938497,-14.7818088871804
-51.2427317938497,-14.7818088871804
-51.2157317938496,-14.7818088871804
-51.1887317938496,-14.7818088871804
-51.1617317938496,-14.7818088871804
-51.1347317938496,-14.7818088871804
-51.1077317938496,-14.7818088871804
-51.0807317938496,-14.7818088871804
-51.0537317938496,-14.7818088871804
-50.6082317938496,-12.9345775621803
-50.5812317938496,-12.9813429121803
-50.5947317938496,-12.9579602371803
-50.6352317938496,-12.9345775621803
-50.6622317938496,-12.9345775621803
-50.6892317938496,-12.9345775621803
-50.7162317938496,-12.9345775621803
-50.7432317938496,-12.9345775621803
-50.7702317938496,-12.9345775621803
-50.7972317938496,-12.9345775621803
-50.8242317938496,-12.9345775621803
-50.8512317938496,-12.9345775621803
-50.8782317938496,-12.9345775621803
-50.9052317938496,-12.9345775621803
-50.9322317938496,-12.9345775621803
-50.9592317938496,-12.9345775621803
-50.9862317938496,-12.9345775621803
-51.0132317938496,-12.9345775621803
-51.0402317938496,-12.9345775621803
-51.0672317938496,-12.9345775621803
-51.5262317938497,-14.8051915621804
-51.4992317938497,-14.8051915621804
-51.4722317938497,-14.8051915621804
-51.4452317938497,-14.8051915621804
-51.4182317938497,-14.8051915621804
-51.3912317938497,-14.8051915621804
-51.3642317938497,-14.8051915621804
-51.3372317938497,-14.8051915621804
-51.3102317938497,-14.8051915621804
-51.2832317938497,-14.8051915621804
-51.2562317938497,-14.8051915621804
-51.2292317938496,-14.8051915621804
-51.2022317938496,-14.8051915621804
-51.1752317938496,-14.8051915621804
-51.1482317938496,-14.8051915621804
-51.1212317938496,-14.8051915621804
-51.0942317938496,-14.8051915621804
-51.0672317938496,-14.8051915621804
-50.5947317938496,-12.9111948871803
-50.5542317938496,-12.9813429121803
-50.5677317938496,-12.9579602371803
-50.5812317938496,-12.9345775621803
-50.6217317938496,-12.9111948871803
-50.6487317938496,-12.9111948871803
-50.6757317938496,-12.9111948871803
-50.7027317938496,-12.9111948871803
-50.7297317938496,-12.9111948871803
-50.7567317938496,-12.9111948871803
-50.7837317938496,-12.9111948871803
-50.8107317938496,-12.9111948871803
-50.8377317938496,-12.9111948871803
-50.8647317938496,-12.9111948871803
-50.8917317938496,-12.9111948871803
-50.9187317938496,-12.9111948871803
-50.9457317938496,-12.9111948871803
-50.9727317938496,-12.9111948871803
-50.9997317938496,-12.9111948871803
-51.5397317938497,-14.8285742371804
-51.5127317938497,-14.8285742371804
-51.4857317938497,-14.8285742371804
-51.4587317938497,-14.8285742371804
-51.4317317938497,-14.8285742371804
-51.4047317938497,-14.8285742371804
-51.3777317938497,-14.8285742371804
-51.3507317938497,-14.8285742371804
-51.3237317938497,-14.8285742371804
-51.2967317938497,-14.8285742371804
-51.2697317938497,-14.8285742371804
-51.2427317938497,-14.8285742371804
-51.2157317938496,-14.8285742371804
-51.1887317938496,-14.8285742371804
-51.1617317938496,-14.8285742371804
-51.1347317938496,-14.8285742371804
-51.1077317938496,-14.8285742371804
-50.5812317938496,-12.8878122121803
-50.5407317938496,-12.9579602371803
-50.5542317938496,-12.9345775621803
-50.5677317938496,-12.9111948871803
-50.6082317938496,-12.8878122121803
-50.6352317938496,-12.8878122121803
-50.6622317938496,-12.8878122121803
-50.6892317938496,-12.8878122121803
-50.7162317938496,-12.8878122121803
-50.7432317938496,-12.8878122121803
-50.7702317938496,-12.8878122121803
-50.7972317938496,-12.8878122121803
-50.8242317938496,-12.8878122121803
-50.8782317938496,-12.8878122121803
-50.9052317938496,-12.8878122121803
-50.9322317938496,-12.8878122121803
-50.9592317938496,-12.8878122121803
-50.9862317938496,-12.8878122121803
-51.0132317938496,-12.8878122121803
-51.5532317938497,-14.8519569121804
-51.5262317938497,-14.8519569121804
-51.4992317938497,-14.8519569121804
-51.4722317938497,-14.8519569121804
-51.4452317938497,-14.8519569121804
-51.4182317938497,-14.8519569121804
-51.3912317938497,-14.8519569121804
-51.3642317938497,-14.8519569121804
-51.3372317938497,-14.8519569121804
-51.3102317938497,-14.8519569121804
-51.2832317938497,-14.8519569121804
-51.2562317938497,-14.8519569121804
-51.2292317938496,-14.8519569121804
-51.2022317938496,-14.8519569121804
-51.1752317938496,-14.8519569121804
-51.1482317938496,-14.8519569121804
-51.1212317938496,-14.8519569121804
-51.0942317938496,-14.8519569121804
-50.5677317938496,-12.8644295371803
-50.5272317938496,-12.9345775621803
-50.5407317938496,-12.9111948871803
-50.5542317938496,-12.8878122121803
-50.5947317938496,-12.8644295371803
-50.6217317938496,-12.8644295371803
-50.6487317938496,-12.8644295371803
-50.6757317938496,-12.8644295371803
-50.7027317938496,-12.8644295371803
-50.7297317938496,-12.8644295371803
-50.7567317938496,-12.8644295371803
-50.8917317938496,-12.8644295371803
-50.9187317938496,-12.8644295371803
-50.9457317938496,-12.8644295371803
-50.9727317938496,-12.8644295371803
-51.5667317938497,-14.8753395871804
-51.5397317938497,-14.8753395871804
-51.5127317938497,-14.8753395871804
-51.4857317938497,-14.8753395871804
-51.4587317938497,-14.8753395871804
-51.4317317938497,-14.8753395871804
-51.4047317938497,-14.8753395871804
-51.3777317938497,-14.8753395871804
-51.3507317938497,-14.8753395871804
-51.3237317938497,-14.8753395871804
-51.2967317938497,-14.8753395871804
-51.2697317938497,-14.8753395871804
-51.2427317938497,-14.8753395871804
-51.2157317938496,-14.8753395871804
-51.1887317938496,-14.8753395871804
-51.1617317938496,-14.8753395871804
-51.1347317938496,-14.8753395871804
-51.1077317938496,-14.8753395871804
-50.5542317938496,-12.8410468621803
-50.5137317938496,-12.9111948871803
-50.5272317938496,-12.8878122121803
-50.5407317938496,-12.8644295371803
-50.5812317938496,-12.8410468621803
-50.6082317938496,-12.8410468621803
-50.6352317938496,-12.8410468621803
-50.6622317938496,-12.8410468621803
-50.6892317938496,-12.8410468621803
-50.7162317938496,-12.8410468621803
-50.7432317938496,-12.8410468621803
-50.7702317938496,-12.8410468621803
-50.9052317938496,-12.8410468621803
-50.9322317938496,-12.8410468621803
-50.9592317938496,-12.8410468621803
-50.9862317938496,-12.8410468621803
-51.5802317938497,-14.8987222621804
-51.5532317938497,-14.8987222621804
-51.5262317938497,-14.8987222621804
-51.4992317938497,-14.8987222621804
-51.4722317938497,-14.8987222621804
-51.4452317938497,-14.8987222621804
-51.4182317938497,-14.8987222621804
-51.3912317938497,-14.8987222621804
-51.3642317938497,-14.8987222621804
-51.3372317938497,-14.8987222621804
-51.3102317938497,-14.8987222621804
-51.2832317938497,-14.8987222621804
-51.2562317938497,-14.8987222621804
-51.2292317938496,-14.8987222621804
-51.2022317938496,-14.8987222621804
-51.1752317938496,-14.8987222621804
-51.1482317938496,-14.8987222621804
-51.1212317938496,-14.8987222621804
-51.0942317938496,-14.8987222621804
-50.5137317938496,-12.8644295371803
-50.5272317938496,-12.8410468621803
-50.6487317938496,-12.8176641871803
-50.6757317938496,-12.8176641871803
-50.7027317938496,-12.8176641871803
-50.7297317938496,-12.8176641871803
-50.7567317938496,-12.8176641871803
-50.9187317938496,-12.8176641871803
-50.9457317938496,-12.8176641871803
-50.9727317938496,-12.8176641871803
-50.9997317938496,-12.8176641871803
-51.5937317938497,-14.9221049371804
-51.5667317938497,-14.9221049371804
-51.5397317938497,-14.9221049371804
-51.5127317938497,-14.9221049371804
-51.4857317938497,-14.9221049371804
-51.4587317938497,-14.9221049371804
-51.4317317938497,-14.9221049371804
-51.4047317938497,-14.9221049371804
-51.3777317938497,-14.9221049371804
-51.3507317938497,-14.9221049371804
-51.3237317938497,-14.9221049371804
-51.2967317938497,-14.9221049371804
-51.2697317938497,-14.9221049371804
-51.2427317938497,-14.9221049371804
-51.2157317938496,-14.9221049371804
-51.1887317938496,-14.9221049371804
-51.1617317938496,-14.9221049371804
-51.1347317938496,-14.9221049371804
-51.1077317938496,-14.9221049371804
-50.6352317938496,-12.7942815121803
-50.6622317938496,-12.7942815121803
-50.6892317938496,-12.7942815121803
-50.7162317938496,-12.7942815121803
-50.9322317938496,-12.7942815121803
-50.9592317938496,-12.7942815121803
-50.9862317938496,-12.7942815121803
-51.5802317938497,-14.9454876121804
-51.5532317938497,-14.9454876121804
-51.5262317938497,-14.9454876121804
-51.4992317938497,-14.9454876121804
-51.4722317938497,-14.9454876121804
-51.4452317938497,-14.9454876121804
-51.4182317938497,-14.9454876121804
-51.3912317938497,-14.9454876121804
-51.3642317938497,-14.9454876121804
-51.3372317938497,-14.9454876121804
-51.3102317938497,-14.9454876121804
-51.2832317938497,-14.9454876121804
-51.2562317938497,-14.9454876121804
-51.2292317938496,-14.9454876121804
-51.2022317938496,-14.9454876121804
-51.1752317938496,-14.9454876121804
-50.6487317938496,-12.7708988371803
-50.6757317938496,-12.7708988371803
-50.7027317938496,-12.7708988371803
-50.9457317938496,-12.7708988371803
-50.9727317938496,-12.7708988371803
-50.9997317938496,-12.7708988371803
-51.5937317938497,-14.9688702871804
-51.5667317938497,-14.9688702871804
-51.5397317938497,-14.9688702871804
-51.5127317938497,-14.9688702871804
-51.4857317938497,-14.9688702871804
-51.4587317938497,-14.9688702871804
-51.4317317938497,-14.9688702871804
-51.4047317938497,-14.9688702871804
-51.3777317938497,-14.9688702871804
-51.3507317938497,-14.9688702871804
-51.3237317938497,-14.9688702871804
-51.2967317938497,-14.9688702871804
-51.2697317938497,-14.9688702871804
-51.2427317938497,-14.9688702871804
-51.2157317938496,-14.9688702871804
-51.1887317938496,-14.9688702871804
-51.1617317938496,-14.9688702871804
-50.6352317938496,-12.7475161621803
-50.6622317938496,-12.7475161621803
-50.6892317938496,-12.7475161621803
-50.7162317938496,-12.7475161621803
-50.9322317938496,-12.7475161621803
-50.9592317938496,-12.7475161621803
-51.2832317938497,-14.9922529621804
-51.2562317938497,-14.9922529621804
-51.2292317938496,-14.9922529621804
-51.2022317938496,-14.9922529621804
-51.1752317938496,-14.9922529621804
-50.6487317938496,-12.7241334871803
-50.6757317938496,-12.7241334871803
-50.7027317938496,-12.7241334871803
-50.9457317938496,-12.7241334871803
-50.9727317938496,-12.7241334871803
-51.2967317938497,-15.0156356371804
-51.2697317938497,-15.0156356371804
-51.2427317938497,-15.0156356371804
-51.2157317938496,-15.0156356371804
-50.6352317938496,-12.7007508121803
-50.6622317938496,-12.7007508121803
-50.6892317938496,-12.7007508121803
-50.6757317938496,-12.6773681371803
-50.6622317938496,-12.6539854621803
