-53.6719202990279,-14.8199461973761
-53.6449202990279,-14.8199461973761
-53.6584202990279,-14.7965635223761
-53.6854202990279,-14.7965635223761
-53.6989202990279,-14.8199461973761
-53.6854202990279,-14.8433288723761
-53.6584202990279,-14.8433288723761
-53.6179202990279,-14.8199461973761
-53.6449202990279,-14.7731808473761
-53.6989202990279,-14.7731808473761
-53.7259202990279,-14.8199461973761
-53.6989202990279,-14.8667115473761
-53.6449202990279,-14.8667115473761
-53.6314202990279,-14.7965635223761
-53.6719202990279,-14.7731808473761
-53.7124202990279,-14.7965635223761
-53.7124202990279,-14.8433288723761
-53.6719202990279,-14.8667115473761
-53.6314202990279,-14.8433288723761
-53.5909202990279,-14.8199461973761
-53.6314202990279,-14.7497981723761
-53.7124202990279,-14.7497981723761
-53.7529202990279,-14.8199461973761
-53.7124202990279,-14.8900942223761
-53.6314202990279,-14.8900942223761
-53.6044202990279,-14.7965635223761
-53.6179202990279,-14.7731808473761
-53.6584202990279,-14.7497981723761
-53.6854202990279,-14.7497981723761
-53.7259202990279,-14.7731808473761
-53.7394202990279,-14.7965635223761
-53.7394202990279,-14.8433288723761
-53.7259202990279,-14.8667115473761
-53.6854202990279,-14.8900942223761
-53.6584202990279,-14.8900942223761
-53.6179202990279,-14.8667115473761
-53.6044202990279,-14.8433288723761
-53.5639202990278,-14.8199461973761
-53.6179202990279,-14.7264154973761
-53.7259202990279,-14.7264154973761
-53.7799202990279,-14.8199461973761
-53.7259202990279,-14.9134768973761
-53.6179202990279,-14.9134768973761
-53.5774202990278,-14.7965635223761
-53.5909202990279,-14.7731808473761
-53.6044202990279,-14.7497981723761
-53.6449202990279,-14.7264154973761
-53.6719202990279,-14.7264154973761
-53.6989202990279,-14.7264154973761
-53.7394202990279,-14.7497981723761
-53.7529202990279,-14.7731808473761
-53.7664202990279,-14.7965635223761
-53.7664202990279,-14.8433288723761
-53.7529202990279,-14.8667115473761
-53.7394202990279,-14.8900942223761
-53.6989202990279,-14.9134768973761
-53.6719202990279,-14.9134768973761
-53.6449202990279,-14.9134768973761
-53.6044202990279,-14.8900942223761
-53.5909202990279,-14.8667115473761
-53.5774202990278,-14.8433288723761
-53.5369202990278,-14.8199461973761
-53.6044202990279,-14.7030328223761
-53.7394202990279,-14.7030328223761
-53.8069202990279,-14.8199461973761
-53.7394202990279,-14.9368595723761
-53.6044202990279,-14.9368595723761
-53.5504202990278,-14.7965635223761
-53.5639202990278,-14.7731808473761
-53.5774202990278,-14.7497981723761
-53.5909202990279,-14.7264154973761
-53.6314202990279,-14.7030328223761
-53.6584202990279,-14.7030328223761
-53.6854202990279,-14.7030328223761
-53.7124202990279,-14.7030328223761
-53.7529202990279,-14.7264154973761
-53.7664202990279,-14.7497981723761
-53.7799202990279,-14.7731808473761
-53.7934202990279,-14.7965635223761
-53.7934202990279,-14.8433288723761
-53.7799202990279,-14.8667115473761
-53.7664202990279,-14.8900942223761
-53.7529202990279,-14.9134768973761
-53.7124202990279,-14.9368595723761
-53.6854202990279,-14.9368595723761
-53.6584202990279,-14.9368595723761
-53.6314202990279,-14.9368595723761
-53.5909202990279,-14.9134768973761
-53.5774202990278,-14.8900942223761
-53.5639202990278,-14.8667115473761
-53.5504202990278,-14.8433288723761
-53.5099202990278,-14.8199461973761
-53.5909202990279,-14.6796501473761
-53.7529202990279,-14.6796501473761
-53.8339202990279,-14.8199461973761
-53.7529202990279,-14.9602422473761
-53.5909202990279,-14.9602422473761
-53.5234202990278,-14.7965635223761
-53.5369202990278,-14.7731808473761
-53.5504202990278,-14.7497981723761
-53.5639202990278,-14.7264154973761
-53.5774202990278,-14.7030328223761
-53.6179202990279,-14.6796501473761
-53.6449202990279,-14.6796501473761
-53.6719202990279,-14.6796501473761
-53.6989202990279,-14.6796501473761
-53.7259202990279,-14.6796501473761
-53.7664202990279,-14.7030328223761
-53.7799202990279,-14.7264154973761
-53.7934202990279,-14.7497981723761
-53.8069202990279,-14.7731808473761
-53.8204202990279,-14.7965635223761
-53.8204202990279,-14.8433288723761
-53.8069202990279,-14.8667115473761
-53.7934202990279,-14.8900942223761
-53.7799202990279,-14.9134768973761
-53.7664202990279,-14.9368595723761
-53.7259202990279,-14.9602422473761
-53.6989202990279,-14.9602422473761
-53.6719202990279,-14.9602422473761
-53.6449202990279,-14.9602422473761
-53.6179202990279,-14.9602422473761
-53.5774202990278,-14.9368595723761
-53.5639202990278,-14.9134768973761
-53.5504202990278,-14.8900942223761
-53.5369202990278,-14.8667115473761
-53.5234202990278,-14.8433288723761
-53.4829202990278,-14.8199461973761
-53.5774202990278,-14.6562674723761
-53.7664202990279,-14.6562674723761
-53.8609202990279,-14.8199461973761
-53.7664202990279,-14.9836249223761
-53.5774202990278,-14.9836249223761
-53.4964202990278,-14.7965635223761
-53.5099202990278,-14.7731808473761
-53.5234202990278,-14.7497981723761
-53.5369202990278,-14.7264154973761
-53.5504202990278,-14.7030328223761
-53.5639202990278,-14.6796501473761
-53.6044202990279,-14.6562674723761
-53.6314202990279,-14.6562674723761
-53.6584202990279,-14.6562674723761
-53.6854202990279,-14.6562674723761
-53.7124202990279,-14.6562674723761
-53.7394202990279,-14.6562674723761
-53.7799202990279,-14.6796501473761
-53.7934202990279,-14.7030328223761
-53.8069202990279,-14.7264154973761
-53.8204202990279,-14.7497981723761
-53.8339202990279,-14.7731808473761
-53.8474202990279,-14.7965635223761
-53.8474202990279,-14.8433288723761
-53.8339202990279,-14.8667115473761
-53.8204202990279,-14.8900942223761
-53.8069202990279,-14.9134768973761
-53.7934202990279,-14.9368595723761
-53.7799202990279,-14.9602422473761
-53.7394202990279,-14.9836249223761
-53.7124202990279,-14.9836249223761
-53.6854202990279,-14.9836249223761
-53.6584202990279,-14.9836249223761
-53.6314202990279,-14.9836249223761
-53.6044202990279,-14.9836249223761
-53.5639202990278,-14.9602422473761
-53.5504202990278,-14.9368595723761
-53.5369202990278,-14.9134768973761
-53.5234202990278,-14.8900942223761
-53.5099202990278,-14.8667115473761
-53.4964202990278,-14.8433288723761
-53.4559202990278,-14.8199461973761
-53.5639202990278,-14.6328847973761
-53.8879202990279,-14.8199461973761
-53.7799202990279,-15.0070075973761
-53.4694202990278,-14.7965635223761
-53.4829202990278,-14.7731808473761
-53.4964202990278,-14.7497981723761
-53.5099202990278,-14.7264154973761
-53.5234202990278,-14.7030328223761
-53.5369202990278,-14.6796501473761
-53.5504202990278,-14.6562674723761
-53.5909202990279,-14.6328847973761
-53.6179202990279,-14.6328847973761
-53.6449202990279,-14.6328847973761
-53.6719202990279,-14.6328847973761
-53.6989202990279,-14.6328847973761
-53.7259202990279,-14.6328847973761
-53.7529202990279,-14.6328847973761
-53.8069202990279,-14.6796501473761
-53.8204202990279,-14.7030328223761
-53.8339202990279,-14.7264154973761
-53.8474202990279,-14.7497981723761
-53.8609202990279,-14.7731808473761
-53.8744202990279,-14.7965635223761
-53.8744202990279,-14.8433288723761
-53.8609202990279,-14.8667115473761
-53.8474202990279,-14.8900942223761
-53.8339202990279,-14.9134768973761
-53.8204202990279,-14.9368595723761
-53.8069202990279,-14.9602422473761
-53.7934202990279,-14.9836249223761
-53.7529202990279,-15.0070075973761
-53.7259202990279,-15.0070075973761
-53.6989202990279,-15.0070075973761
-53.6719202990279,-15.0070075973761
-53.6449202990279,-15.0070075973761
-53.6179202990279,-15.0070075973761
-53.5909202990279,-15.0070075973761
-53.5234202990278,-14.9368595723761
-53.5099202990278,-14.9134768973761
-53.4964202990278,-14.8900942223761
-53.4829202990278,-14.8667115473761
-53.4694202990278,-14.8433288723761
-53.4289202990278,-14.8199461973761
-53.5504202990278,-14.6095021223761
-53.9149202990279,-14.8199461973761
-53.7934202990279,-15.0303902723761
-53.4424202990278,-14.7965635223761
-53.4559202990278,-14.7731808473761
-53.4694202990278,-14.7497981723761
-53.4829202990278,-14.7264154973761
-53.4964202990278,-14.7030328223761
-53.5099202990278,-14.6796501473761
-53.5234202990278,-14.6562674723761
-53.5369202990278,-14.6328847973761
-53.5774202990278,-14.6095021223761
-53.6044202990279,-14.6095021223761
-53.6314202990279,-14.6095021223761
-53.6584202990279,-14.6095021223761
-53.6854202990279,-14.6095021223761
-53.7124202990279,-14.6095021223761
-53.8474202990279,-14.7030328223761
-53.8609202990279,-14.7264154973761
-53.8744202990279,-14.7497981723761
-53.8879202990279,-14.7731808473761
-53.9014202990279,-14.7965635223761
-53.9014202990279,-14.8433288723761
-53.8879202990279,-14.8667115473761
-53.8744202990279,-14.8900942223761
-53.8609202990279,-14.9134768973761
-53.8474202990279,-14.9368595723761
-53.8339202990279,-14.9602422473761
-53.8204202990279,-14.9836249223761
-53.8069202990279,-15.0070075973761
-53.7664202990279,-15.0303902723761
-53.7394202990279,-15.0303902723761
-53.7124202990279,-15.0303902723761
-53.6854202990279,-15.0303902723761
-53.6584202990279,-15.0303902723761
-53.6314202990279,-15.0303902723761
-53.6044202990279,-15.0303902723761
-53.5099202990278,-14.9602422473761
-53.4964202990278,-14.9368595723761
-53.4829202990278,-14.9134768973761
-53.4694202990278,-14.8900942223761
-53.4559202990278,-14.8667115473761
-53.4424202990278,-14.8433288723761
-53.4019202990278,-14.8199461973761
-53.5369202990278,-14.5861194473761
-53.9419202990279,-14.8199461973761
-53.8069202990279,-15.0537729473761
-53.4154202990278,-14.7965635223761
-53.4289202990278,-14.7731808473761
-53.4424202990278,-14.7497981723761
-53.4559202990278,-14.7264154973761
-53.4694202990278,-14.7030328223761
-53.4829202990278,-14.6796501473761
-53.4964202990278,-14.6562674723761
-53.5099202990278,-14.6328847973761
-53.5234202990278,-14.6095021223761
-53.5639202990278,-14.5861194473761
-53.5909202990279,-14.5861194473761
-53.6179202990279,-14.5861194473761
-53.6449202990279,-14.5861194473761
-53.6719202990279,-14.5861194473761
-53.6989202990279,-14.5861194473761
-53.9014202990279,-14.7497981723761
-53.9149202990279,-14.7731808473761
-53.9284202990279,-14.7965635223761
-53.9284202990279,-14.8433288723761
-53.9149202990279,-14.8667115473761
-53.9014202990279,-14.8900942223761
-53.8879202990279,-14.9134768973761
-53.8744202990279,-14.9368595723761
-53.8609202990279,-14.9602422473761
-53.8474202990279,-14.9836249223761
-53.8339202990279,-15.0070075973761
-53.8204202990279,-15.0303902723761
-53.7799202990279,-15.0537729473761
-53.7529202990279,-15.0537729473761
-53.7259202990279,-15.0537729473761
-53.6989202990279,-15.0537729473761
-53.6719202990279,-15.0537729473761
-53.6449202990279,-15.0537729473761
-53.6179202990279,-15.0537729473761
-53.4694202990278,-14.9368595723761
-53.4559202990278,-14.9134768973761
-53.4424202990278,-14.8900942223761
-53.4289202990278,-14.8667115473761
-53.4154202990278,-14.8433288723761
-53.3749202990278,-14.8199461973761
-53.5234202990278,-14.5627367723761
-53.9689202990279,-14.8199461973761
-53.8204202990279,-15.0771556223761
-53.3884202990278,-14.7965635223761
-53.4019202990278,-14.7731808473761
-53.4154202990278,-14.7497981723761
-53.4289202990278,-14.7264154973761
-53.4424202990278,-14.7030328223761
-53.4559202990278,-14.6796501473761
-53.4694202990278,-14.6562674723761
-53.4829202990278,-14.6328847973761
-53.4964202990278,-14.6095021223761
-53.5099202990278,-14.5861194473761
-53.5504202990278,-14.5627367723761
-53.5774202990278,-14.5627367723761
-53.6044202990279,-14.5627367723761
-53.9284202990279,-14.7497981723761
-53.9419202990279,-14.7731808473761
-53.9554202990279,-14.7965635223761
-53.9554202990279,-14.8433288723761
-53.9419202990279,-14.8667115473761
-53.9284202990279,-14.8900942223761
-53.9149202990279,-14.9134768973761
-53.9014202990279,-14.9368595723761
-53.8879202990279,-14.9602422473761
-53.8744202990279,-14.9836249223761
-53.8609202990279,-15.0070075973761
-53.8474202990279,-15.0303902723761
-53.8339202990279,-15.0537729473761
-53.7934202990279,-15.0771556223761
-53.7664202990279,-15.0771556223761
-53.7394202990279,-15.0771556223761
-53.7124202990279,-15.0771556223761
-53.6854202990279,-15.0771556223761
-53.6584202990279,-15.0771556223761
-53.4424202990278,-14.9368595723761
-53.4289202990278,-14.9134768973761
-53.4154202990278,-14.8900942223761
-53.4019202990278,-14.8667115473761
-53.3884202990278,-14.8433288723761
-53.3479202990278,-14.8199461973761
-53.5099202990278,-14.5393540973761
-53.9959202990279,-14.8199461973761
-53.8339202990279,-15.1005382973761
-53.3614202990278,-14.7965635223761
-53.3749202990278,-14.7731808473761
-53.3884202990278,-14.7497981723761
-53.4019202990278,-14.7264154973761
-53.4154202990278,-14.7030328223761
-53.4289202990278,-14.6796501473761
-53.4424202990278,-14.6562674723761
-53.4559202990278,-14.6328847973761
-53.4694202990278,-14.6095021223761
-53.4829202990278,-14.5861194473761
-53.4964202990278,-14.5627367723761
-53.5369202990278,-14.5393540973761
-53.5639202990278,-14.5393540973761
-53.9689202990279,-14.7731808473761
-53.9824202990279,-14.7965635223761
-53.9824202990279,-14.8433288723761
-53.9689202990279,-14.8667115473761
-53.9554202990279,-14.8900942223761
-53.9419202990279,-14.9134768973761
-53.9284202990279,-14.9368595723761
-53.9149202990279,-14.9602422473761
-53.9014202990279,-14.9836249223761
-53.8879202990279,-15.0070075973761
-53.8744202990279,-15.0303902723761
-53.8609202990279,-15.0537729473761
-53.8474202990279,-15.0771556223761
-53.8069202990279,-15.1005382973761
-53.7799202990279,-15.1005382973761
-53.7529202990279,-15.1005382973761
-53.7259202990279,-15.1005382973761
-53.6989202990279,-15.1005382973761
-53.6719202990279,-15.1005382973761
-53.4019202990278,-14.9134768973761
-53.3884202990278,-14.8900942223761
-53.3749202990278,-14.8667115473761
-53.3614202990278,-14.8433288723761
-53.4964202990278,-14.5159714223761
-54.0229202990279,-14.8199461973761
-53.3614202990278,-14.7497981723761
-53.4019202990278,-14.6796501473761
-53.4154202990278,-14.6562674723761
-53.4289202990278,-14.6328847973761
-53.4424202990278,-14.6095021223761
-53.4559202990278,-14.5861194473761
-53.4694202990278,-14.5627367723761
-53.4829202990278,-14.5393540973761
-53.5234202990278,-14.5159714223761
-53.5504202990278,-14.5159714223761
-54.0094202990279,-14.7965635223761
-54.0094202990279,-14.8433288723761
-53.9959202990279,-14.8667115473761
-53.9824202990279,-14.8900942223761
-53.9689202990279,-14.9134768973761
-53.9554202990279,-14.9368595723761
-53.9419202990279,-14.9602422473761
-53.9284202990279,-14.9836249223761
-53.9149202990279,-15.0070075973761
-53.9014202990279,-15.0303902723761
-53.8879202990279,-15.0537729473761
-53.8744202990279,-15.0771556223761
-53.8609202990279,-15.1005382973761
-53.8204202990279,-15.1239209723761
-53.7934202990279,-15.1239209723761
-53.7664202990279,-15.1239209723761
-53.7394202990279,-15.1239209723761
-53.7124202990279,-15.1239209723761
-53.3749202990278,-14.9134768973761
-53.3614202990278,-14.8900942223761
-53.3479202990278,-14.8667115473761
-53.3344202990278,-14.8433288723761
-53.4829202990278,-14.4925887473761
-54.0499202990279,-14.8199461973761
-53.3884202990278,-14.6562674723761
-53.4019202990278,-14.6328847973761
-53.4154202990278,-14.6095021223761
-53.4289202990278,-14.5861194473761
-53.4424202990278,-14.5627367723761
-53.4559202990278,-14.5393540973761
-53.4694202990278,-14.5159714223761
-53.5099202990278,-14.4925887473761
-53.5369202990278,-14.4925887473761
-54.0364202990279,-14.8433288723761
-54.0229202990279,-14.8667115473761
-54.0094202990279,-14.8900942223761
-53.9959202990279,-14.9134768973761
-53.9824202990279,-14.9368595723761
-53.9689202990279,-14.9602422473761
-53.9284202990279,-15.0303902723761
-53.9149202990279,-15.0537729473761
-53.9014202990279,-15.0771556223761
-53.8879202990279,-15.1005382973761
-53.8744202990279,-15.1239209723761
-53.7799202990279,-15.1473036473761
-53.7529202990279,-15.1473036473761
-53.3344202990278,-14.8900942223761
-53.3209202990278,-14.8667115473761
-53.4694202990278,-14.4692060723761
-53.3749202990278,-14.6328847973761
-53.3884202990278,-14.6095021223761
-53.4019202990278,-14.5861194473761
-53.4154202990278,-14.5627367723761
-53.4289202990278,-14.5393540973761
-53.4424202990278,-14.5159714223761
-53.4559202990278,-14.4925887473761
-53.4964202990278,-14.4692060723761
-53.5234202990278,-14.4692060723761
-54.0634202990279,-14.8433288723761
-54.0499202990279,-14.8667115473761
-54.0364202990279,-14.8900942223761
-53.9419202990279,-15.0537729473761
-53.9284202990279,-15.0771556223761
-53.9149202990279,-15.1005382973761
-53.9014202990279,-15.1239209723761
-53.4559202990278,-14.4458233973761
-53.3614202990278,-14.6095021223761
-53.3749202990278,-14.5861194473761
-53.3884202990278,-14.5627367723761
-53.4019202990278,-14.5393540973761
-53.4154202990278,-14.5159714223761
-53.4289202990278,-14.4925887473761
-53.4424202990278,-14.4692060723761
-53.4829202990278,-14.4458233973761
-53.5099202990278,-14.4458233973761
-54.0904202990279,-14.8433288723761
-54.0769202990279,-14.8667115473761
-53.9284202990279,-15.1239209723761
-53.9149202990279,-15.1473036473761
-53.3614202990278,-14.5627367723761
-53.3749202990278,-14.5393540973761
-53.4019202990278,-14.4925887473761
-53.4694202990278,-14.4224407223761
-54.1174202990279,-14.8433288723761
-53.9284202990279,-15.1706863223761
-54.1444202990279,-14.8433288723761
