-51.6987789450865,-10.4038947028968
-51.6717789450865,-10.4038947028968
-51.6852789450865,-10.3805120278968
-51.7122789450865,-10.3805120278968
-51.7257789450865,-10.4038947028968
-51.7122789450865,-10.4272773778968
-51.6852789450865,-10.4272773778968
-51.6447789450865,-10.4038947028968
-51.6717789450865,-10.3571293528968
-51.7257789450865,-10.3571293528968
-51.7527789450865,-10.4038947028968
-51.7257789450865,-10.4506600528968
-51.6717789450865,-10.4506600528968
-51.6582789450865,-10.3805120278968
-51.6987789450865,-10.3571293528968
-51.7392789450865,-10.3805120278968
-51.7392789450865,-10.4272773778968
-51.6987789450865,-10.4506600528968
-51.6582789450865,-10.4272773778968
-51.6177789450865,-10.4038947028968
-51.6582789450865,-10.3337466778968
-51.7392789450865,-10.3337466778968
-51.7797789450865,-10.4038947028968
-51.7392789450865,-10.4740427278968
-51.6582789450865,-10.4740427278968
-51.6312789450865,-10.3805120278968
-51.6447789450865,-10.3571293528968
-51.6852789450865,-10.3337466778968
-51.7122789450865,-10.3337466778968
-51.7527789450865,-10.3571293528968
-51.7662789450865,-10.3805120278968
-51.7662789450865,-10.4272773778968
-51.7527789450865,-10.4506600528968
-51.7122789450865,-10.4740427278968
-51.6852789450865,-10.4740427278968
-51.6447789450865,-10.4506600528968
-51.6312789450865,-10.4272773778968
-51.5907789450865,-10.4038947028968
-51.6447789450865,-10.3103640028968
-51.7527789450865,-10.3103640028968
-51.8067789450865,-10.4038947028968
-51.7527789450865,-10.4974254028968
-51.6447789450865,-10.4974254028968
-51.6042789450865,-10.3805120278968
-51.6177789450865,-10.3571293528968
-51.6312789450865,-10.3337466778968
-51.6717789450865,-10.3103640028968
-51.6987789450865,-10.3103640028968
-51.7257789450865,-10.3103640028968
-51.7662789450865,-10.3337466778968
-51.7797789450865,-10.3571293528968
-51.7932789450865,-10.3805120278968
-51.7932789450865,-10.4272773778968
-51.7797789450865,-10.4506600528968
-51.7662789450865,-10.4740427278968
-51.7257789450865,-10.4974254028968
-51.6987789450865,-10.4974254028968
-51.6717789450865,-10.4974254028968
-51.6312789450865,-10.4740427278968
-51.6177789450865,-10.4506600528968
-51.6042789450865,-10.4272773778968
-51.5637789450865,-10.4038947028968
-51.6312789450865,-10.2869813278968
-51.7662789450865,-10.2869813278968
-51.8337789450865,-10.4038947028968
-51.7662789450865,-10.5208080778968
-51.6312789450865,-10.5208080778968
-51.5772789450865,-10.3805120278968
-51.5907789450865,-10.3571293528968
-51.6042789450865,-10.3337466778968
-51.6177789450865,-10.3103640028968
-51.6582789450865,-10.2869813278968
-51.6852789450865,-10.2869813278968
-51.7122789450865,-10.2869813278968
-51.7392789450865,-10.2869813278968
-51.7797789450865,-10.3103640028968
-51.7932789450865,-10.3337466778968
-51.8067789450865,-10.3571293528968
-51.8202789450865,-10.3805120278968
-51.8202789450865,-10.4272773778968
-51.8067789450865,-10.4506600528968
-51.7932789450865,-10.4740427278968
-51.7797789450865,-10.4974254028968
-51.7392789450865,-10.5208080778968
-51.7122789450865,-10.5208080778968
-51.6852789450865,-10.5208080778968
-51.6582789450865,-10.5208080778968
-51.6177789450865,-10.4974254028968
-51.6042789450865,-10.4740427278968
-51.5907789450865,-10.4506600528968
-51.5772789450865,-10.4272773778968
-51.5367789450865,-10.4038947028968
-51.6177789450865,-10.2635986528968
-51.7797789450865,-10.2635986528968
-51.8607789450865,-10.4038947028968
-51.7797789450865,-10.5441907528968
-51.6177789450865,-10.5441907528968
-51.5502789450865,-10.3805120278968
-51.5637789450865,-10.3571293528968
-51.5772789450865,-10.3337466778968
-51.5907789450865,-10.3103640028968
-51.6042789450865,-10.2869813278968
-51.6447789450865,-10.2635986528968
-51.6717789450865,-10.2635986528968
-51.6987789450865,-10.2635986528968
-51.7257789450865,-10.2635986528968
-51.7527789450865,-10.2635986528968
-51.7932789450865,-10.2869813278968
-51.8067789450865,-10.3103640028968
-51.8202789450865,-10.3337466778968
-51.8337789450865,-10.3571293528968
-51.8472789450865,-10.3805120278968
-51.8472789450865,-10.4272773778968
-51.8337789450865,-10.4506600528968
-51.8202789450865,-10.4740427278968
-51.8067789450865,-10.4974254028968
-51.7932789450865,-10.5208080778968
-51.7527789450865,-10.5441907528968
-51.7257789450865,-10.5441907528968
-51.6987789450865,-10.5441907528968
-51.6717789450865,-10.5441907528968
-51.6447789450865,-10.5441907528968
-51.6042789450865,-10.5208080778968
-51.5907789450865,-10.4974254028968
-51.5772789450865,-10.4740427278968
-51.5637789450865,-10.4506600528968
-51.5502789450865,-10.4272773778968
-51.5097789450865,-10.4038947028968
-51.6042789450865,-10.2402159778968
-51.7932789450865,-10.2402159778968
-51.8877789450865,-10.4038947028968
-51.7932789450865,-10.5675734278968
-51.6042789450865,-10.5675734278968
-51.5232789450865,-10.3805120278968
-51.5367789450865,-10.3571293528968
-51.5502789450865,-10.3337466778968
-51.5637789450865,-10.3103640028968
-51.5772789450865,-10.2869813278968
-51.5907789450865,-10.2635986528968
-51.6312789450865,-10.2402159778968
-51.6582789450865,-10.2402159778968
-51.6852789450865,-10.2402159778968
-51.7122789450865,-10.2402159778968
-51.7392789450865,-10.2402159778968
-51.7662789450865,-10.2402159778968
-51.8067789450865,-10.2635986528968
-51.8202789450865,-10.2869813278968
-51.8337789450865,-10.3103640028968
-51.8472789450865,-10.3337466778968
-51.8607789450865,-10.3571293528968
-51.8742789450865,-10.3805120278968
-51.8742789450865,-10.4272773778968
-51.8607789450865,-10.4506600528968
-51.8472789450865,-10.4740427278968
-51.8337789450865,-10.4974254028968
-51.8202789450865,-10.5208080778968
-51.8067789450865,-10.5441907528968
-51.7662789450865,-10.5675734278968
-51.7392789450865,-10.5675734278968
-51.7122789450865,-10.5675734278968
-51.6852789450865,-10.5675734278968
-51.6582789450865,-10.5675734278968
-51.6312789450865,-10.5675734278968
-51.5907789450865,-10.5441907528968
-51.5772789450865,-10.5208080778968
-51.5637789450865,-10.4974254028968
-51.5502789450865,-10.4740427278968
-51.5367789450865,-10.4506600528968
-51.5232789450865,-10.4272773778968
-51.4827789450865,-10.4038947028968
-51.5907789450865,-10.2168333028968
-51.8067789450865,-10.2168333028968
-51.9147789450865,-10.4038947028968
-51.8067789450865,-10.5909561028968
-51.5907789450865,-10.5909561028968
-51.4962789450865,-10.3805120278968
-51.5097789450865,-10.3571293528968
-51.5232789450865,-10.3337466778968
-51.5367789450865,-10.3103640028968
-51.5502789450865,-10.2869813278968
-51.5637789450865,-10.2635986528968
-51.5772789450865,-10.2402159778968
-51.6177789450865,-10.2168333028968
-51.6447789450865,-10.2168333028968
-51.6717789450865,-10.2168333028968
-51.6987789450865,-10.2168333028968
-51.7257789450865,-10.2168333028968
-51.7527789450865,-10.2168333028968
-51.7797789450865,-10.2168333028968
-51.8202789450865,-10.2402159778968
-51.8337789450865,-10.2635986528968
-51.8472789450865,-10.2869813278968
-51.8607789450865,-10.3103640028968
-51.8742789450865,-10.3337466778968
-51.8877789450865,-10.3571293528968
-51.9012789450865,-10.3805120278968
-51.9012789450865,-10.4272773778968
-51.8877789450865,-10.4506600528968
-51.8742789450865,-10.4740427278968
-51.8607789450865,-10.4974254028968
-51.8472789450865,-10.5208080778968
-51.8337789450865,-10.5441907528968
-51.8202789450865,-10.5675734278968
-51.7797789450865,-10.5909561028968
-51.7527789450865,-10.5909561028968
-51.7257789450865,-10.5909561028968
-51.6987789450865,-10.5909561028968
-51.6717789450865,-10.5909561028968
-51.6447789450865,-10.5909561028968
-51.6177789450865,-10.5909561028968
-51.5772789450865,-10.5675734278968
-51.5637789450865,-10.5441907528968
-51.5502789450865,-10.5208080778968
-51.5367789450865,-10.4974254028968
-51.5232789450865,-10.4740427278968
-51.5097789450865,-10.4506600528968
-51.4962789450865,-10.4272773778968
-51.4557789450865,-10.4038947028968
-51.5772789450865,-10.1934506278968
-51.8202789450865,-10.1934506278968
-51.9417789450865,-10.4038947028968
-51.8202789450865,-10.6143387778968
-51.5772789450865,-10.6143387778968
-51.4692789450865,-10.3805120278968
-51.4827789450865,-10.3571293528968
-51.4962789450865,-10.3337466778968
-51.5097789450865,-10.3103640028968
-51.5232789450865,-10.2869813278968
-51.5367789450865,-10.2635986528968
-51.5502789450865,-10.2402159778968
-51.5637789450865,-10.2168333028968
-51.6042789450865,-10.1934506278968
-51.6312789450865,-10.1934506278968
-51.6582789450865,-10.1934506278968
-51.6852789450865,-10.1934506278968
-51.7122789450865,-10.1934506278968
-51.7392789450865,-10.1934506278968
-51.7662789450865,-10.1934506278968
-51.7932789450865,-10.1934506278968
-51.8337789450865,-10.2168333028968
-51.8472789450865,-10.2402159778968
-51.8607789450865,-10.2635986528968
-51.8742789450865,-10.2869813278968
-51.8877789450865,-10.3103640028968
-51.9012789450865,-10.3337466778968
-51.9147789450865,-10.3571293528968
-51.9282789450865,-10.3805120278968
-51.9282789450865,-10.4272773778968
-51.9147789450865,-10.4506600528968
-51.9012789450865,-10.4740427278968
-51.8877789450865,-10.4974254028968
-51.8742789450865,-10.5208080778968
-51.8607789450865,-10.5441907528968
-51.8472789450865,-10.5675734278968
-51.8337789450865,-10.5909561028968
-51.7932789450865,-10.6143387778968
-51.7662789450865,-10.6143387778968
-51.7392789450865,-10.6143387778968
-51.7122789450865,-10.6143387778968
-51.6852789450865,-10.6143387778968
-51.6582789450865,-10.6143387778968
-51.6312789450865,-10.6143387778968
-51.6042789450865,-10.6143387778968
-51.5637789450865,-10.5909561028968
-51.5502789450865,-10.5675734278968
-51.5367789450865,-10.5441907528968
-51.5232789450865,-10.5208080778968
-51.5097789450865,-10.4974254028968
-51.4962789450865,-10.4740427278968
-51.4827789450865,-10.4506600528968
-51.4692789450865,-10.4272773778968
-51.4287789450865,-10.4038947028968
-51.5637789450865,-10.1700679528968
-51.8337789450865,-10.1700679528968
-51.9687789450865,-10.4038947028968
-51.8337789450865,-10.6377214528968
-51.5637789450865,-10.6377214528968
-51.4422789450865,-10.3805120278968
-51.4557789450865,-10.3571293528968
-51.4692789450865,-10.3337466778968
-51.4827789450865,-10.3103640028968
-51.4962789450865,-10.2869813278968
-51.5097789450865,-10.2635986528968
-51.5232789450865,-10.2402159778968
-51.5367789450865,-10.2168333028968
-51.5502789450865,-10.1934506278968
-51.5907789450865,-10.1700679528968
-51.6177789450865,-10.1700679528968
-51.6447789450865,-10.1700679528968
-51.6717789450865,-10.1700679528968
-51.6987789450865,-10.1700679528968
-51.7257789450865,-10.1700679528968
-51.7527789450865,-10.1700679528968
-51.7797789450865,-10.1700679528968
-51.8067789450865,-10.1700679528968
-51.8472789450865,-10.1934506278968
-51.8607789450865,-10.2168333028968
-51.8742789450865,-10.2402159778968
-51.8877789450865,-10.2635986528968
-51.9012789450865,-10.2869813278968
-51.9147789450865,-10.3103640028968
-51.9282789450865,-10.3337466778968
-51.9417789450865,-10.3571293528968
-51.9552789450865,-10.3805120278968
-51.9552789450865,-10.4272773778968
-51.9417789450865,-10.4506600528968
-51.9282789450865,-10.4740427278968
-51.9147789450865,-10.4974254028968
-51.9012789450865,-10.5208080778968
-51.8877789450865,-10.5441907528968
-51.8742789450865,-10.5675734278968
-51.8607789450865,-10.5909561028968
-51.8472789450865,-10.6143387778968
-51.8067789450865,-10.6377214528968
-51.7797789450865,-10.6377214528968
-51.7527789450865,-10.6377214528968
-51.7257789450865,-10.6377214528968
-51.6987789450865,-10.6377214528968
-51.6717789450865,-10.6377214528968
-51.6447789450865,-10.6377214528968
-51.6177789450865,-10.6377214528968
-51.5907789450865,-10.6377214528968
-51.5502789450865,-10.6143387778968
-51.5367789450865,-10.5909561028968
-51.5232789450865,-10.5675734278968
-51.5097789450865,-10.5441907528968
-51.4962789450865,-10.5208080778968
-51.4827789450865,-10.4974254028968
-51.4692789450865,-10.4740427278968
-51.4557789450865,-10.4506600528968
-51.4422789450865,-10.4272773778968
-51.4017789450865,-10.4038947028968
-51.5502789450865,-10.1466852778968
-51.8472789450865,-10.1466852778968
-51.9957789450865,-10.4038947028968
-51.8472789450865,-10.6611041278968
-51.5502789450865,-10.6611041278968
-51.4152789450865,-10.3805120278968
-51.4287789450865,-10.3571293528968
-51.4422789450865,-10.3337466778968
-51.4557789450865,-10.3103640028968
-51.4692789450865,-10.2869813278968
-51.4827789450865,-10.2635986528968
-51.4962789450865,-10.2402159778968
-51.5097789450865,-10.2168333028968
-51.5232789450865,-10.1934506278968
-51.5367789450865,-10.1700679528968
-51.6042789450865,-10.1466852778968
-51.6312789450865,-10.1466852778968
-51.6582789450865,-10.1466852778968
-51.6852789450865,-10.1466852778968
-51.7122789450865,-10.1466852778968
-51.7392789450865,-10.1466852778968
-51.7662789450865,-10.1466852778968
-51.7932789450865,-10.1466852778968
-51.8202789450865,-10.1466852778968
-51.8607789450865,-10.1700679528968
-51.8742789450865,-10.1934506278968
-51.8877789450865,-10.2168333028968
-51.9012789450865,-10.2402159778968
-51.9147789450865,-10.2635986528968
-51.9282789450865,-10.2869813278968
-51.9417789450865,-10.3103640028968
-51.9552789450865,-10.3337466778968
-51.9687789450865,-10.3571293528968
-51.9822789450865,-10.3805120278968
-51.9822789450865,-10.4272773778968
-51.9687789450865,-10.4506600528968
-51.9552789450865,-10.4740427278968
-51.9417789450865,-10.4974254028968
-51.9282789450865,-10.5208080778968
-51.9147789450865,-10.5441907528968
-51.9012789450865,-10.5675734278968
-51.8877789450865,-10.5909561028968
-51.8742789450865,-10.6143387778968
-51.8607789450865,-10.6377214528968
-51.8202789450865,-10.6611041278968
-51.7932789450865,-10.6611041278968
-51.7662789450865,-10.6611041278968
-51.7392789450865,-10.6611041278968
-51.7122789450865,-10.6611041278968
-51.6852789450865,-10.6611041278968
-51.6582789450865,-10.6611041278968
-51.6312789450865,-10.6611041278968
-51.6042789450865,-10.6611041278968
-51.5772789450865,-10.6611041278968
-51.5367789450865,-10.6377214528968
-51.5232789450865,-10.6143387778968
-51.5097789450865,-10.5909561028968
-51.4962789450865,-10.5675734278968
-51.4827789450865,-10.5441907528968
-51.4692789450865,-10.5208080778968
-51.4557789450865,-10.4974254028968
-51.4422789450865,-10.4740427278968
-51.4287789450865,-10.4506600528968
-51.4152789450865,-10.4272773778968
-51.3747789450865,-10.4038947028968
-51.8607789450865,-10.1233026028968
-52.0227789450865,-10.4038947028968
-51.5367789450865,-10.6844868028968
-51.3882789450865,-10.3805120278968
-51.4017789450865,-10.3571293528968
-51.4152789450865,-10.3337466778968
-51.4287789450865,-10.3103640028968
-51.4422789450865,-10.2869813278968
-51.4557789450865,-10.2635986528968
-51.4692789450865,-10.2402159778968
-51.4827789450865,-10.2168333028968
-51.4962789450865,-10.1934506278968
-51.5097789450865,-10.1700679528968
-51.5232789450865,-10.1466852778968
-51.6177789450865,-10.1233026028968
-51.6447789450865,-10.1233026028968
-51.6717789450865,-10.1233026028968
-51.6987789450865,-10.1233026028968
-51.7257789450865,-10.1233026028968
-51.7527789450865,-10.1233026028968
-51.7797789450865,-10.1233026028968
-51.8067789450865,-10.1233026028968
-51.8337789450865,-10.1233026028968
-51.8742789450865,-10.1466852778968
-51.8877789450865,-10.1700679528968
-51.9012789450865,-10.1934506278968
-51.9147789450865,-10.2168333028968
-51.9282789450865,-10.2402159778968
-51.9417789450865,-10.2635986528968
-51.9552789450865,-10.2869813278968
-51.9687789450865,-10.3103640028968
-51.9822789450865,-10.3337466778968
-51.9957789450865,-10.3571293528968
-52.0092789450865,-10.3805120278968
-52.0092789450865,-10.4272773778968
-51.9957789450865,-10.4506600528968
-51.9822789450865,-10.4740427278968
-51.9687789450865,-10.4974254028968
-51.9552789450865,-10.5208080778968
-51.9417789450865,-10.5441907528968
-51.9282789450865,-10.5675734278968
-51.9147789450865,-10.5909561028968
-51.9012789450865,-10.6143387778968
-51.8877789450865,-10.6377214528968
-51.8067789450865,-10.6844868028968
-51.7797789450865,-10.6844868028968
-51.7527789450865,-10.6844868028968
-51.7257789450865,-10.6844868028968
-51.6987789450865,-10.6844868028968
-51.6717789450865,-10.6844868028968
-51.6447789450865,-10.6844868028968
-51.6177789450865,-10.6844868028968
-51.5907789450865,-10.6844868028968
-51.5637789450865,-10.6844868028968
-51.5232789450865,-10.6611041278968
-51.5097789450865,-10.6377214528968
-51.4962789450865,-10.6143387778968
-51.4827789450865,-10.5909561028968
-51.4692789450865,-10.5675734278968
-51.4557789450865,-10.5441907528968
-51.4422789450865,-10.5208080778968
-51.4287789450865,-10.4974254028968
-51.4152789450865,-10.4740427278968
-51.4017789450865,-10.4506600528968
-51.3882789450865,-10.4272773778968
-51.3477789450865,-10.4038947028968
-52.0497789450865,-10.4038947028968
-51.5232789450865,-10.7078694778968
-51.3612789450865,-10.3805120278968
-51.3747789450865,-10.3571293528968
-51.3882789450865,-10.3337466778968
-51.4017789450865,-10.3103640028968
-51.4152789450865,-10.2869813278968
-51.4287789450865,-10.2635986528968
-51.4422789450865,-10.2402159778968
-51.4557789450865,-10.2168333028968
-51.4692789450865,-10.1934506278968
-51.4827789450865,-10.1700679528968
-51.4962789450865,-10.1466852778968
-51.6582789450865,-10.0999199278968
-51.6852789450865,-10.0999199278968
-51.7122789450865,-10.0999199278968
-51.7392789450865,-10.0999199278968
-51.8877789450865,-10.1233026028968
-51.9012789450865,-10.1466852778968
-51.9147789450865,-10.1700679528968
-51.9282789450865,-10.1934506278968
-51.9417789450865,-10.2168333028968
-51.9552789450865,-10.2402159778968
-51.9687789450865,-10.2635986528968
-51.9822789450865,-10.2869813278968
-51.9957789450865,-10.3103640028968
-52.0092789450865,-10.3337466778968
-52.0227789450865,-10.3571293528968
-52.0362789450865,-10.3805120278968
-52.0362789450865,-10.4272773778968
-52.0227789450865,-10.4506600528968
-52.0092789450865,-10.4740427278968
-51.9957789450865,-10.4974254028968
-51.9822789450865,-10.5208080778968
-51.9687789450865,-10.5441907528968
-51.9552789450865,-10.5675734278968
-51.9417789450865,-10.5909561028968
-51.9282789450865,-10.6143387778968
-51.9147789450865,-10.6377214528968
-51.8202789450865,-10.7078694778968
-51.7932789450865,-10.7078694778968
-51.7662789450865,-10.7078694778968
-51.7392789450865,-10.7078694778968
-51.7122789450865,-10.7078694778968
-51.6852789450865,-10.7078694778968
-51.6582789450865,-10.7078694778968
-51.6312789450865,-10.7078694778968
-51.6042789450865,-10.7078694778968
-51.5772789450865,-10.7078694778968
-51.5502789450865,-10.7078694778968
-51.5097789450865,-10.6844868028968
-51.4962789450865,-10.6611041278968
-51.4827789450865,-10.6377214528968
-51.4692789450865,-10.6143387778968
-51.4557789450865,-10.5909561028968
-51.4422789450865,-10.5675734278968
-51.4287789450865,-10.5441907528968
-51.4152789450865,-10.5208080778968
-51.4017789450865,-10.4974254028968
-51.3882789450865,-10.4740427278968
-51.3747789450865,-10.4506600528968
-51.3612789450865,-10.4272773778968
-51.3207789450865,-10.4038947028968
-52.0767789450865,-10.4038947028968
-51.5097789450865,-10.7312521528968
-51.3342789450865,-10.3805120278968
-51.3477789450865,-10.3571293528968
-51.3612789450865,-10.3337466778968
-51.3747789450865,-10.3103640028968
-51.3882789450865,-10.2869813278968
-51.4017789450865,-10.2635986528968
-51.4152789450865,-10.2402159778968
-51.4287789450865,-10.2168333028968
-51.4422789450865,-10.1934506278968
-51.4557789450865,-10.1700679528968
-51.4692789450865,-10.1466852778968
-51.6987789450865,-10.0765372528968
-51.7257789450865,-10.0765372528968
-51.9147789450865,-10.1233026028968
-51.9282789450865,-10.1466852778968
-51.9417789450865,-10.1700679528968
-51.9552789450865,-10.1934506278968
-51.9687789450865,-10.2168333028968
-51.9822789450865,-10.2402159778968
-51.9957789450865,-10.2635986528968
-52.0092789450865,-10.2869813278968
-52.0227789450865,-10.3103640028968
-52.0362789450865,-10.3337466778968
-52.0497789450865,-10.3571293528968
-52.0632789450865,-10.3805120278968
-52.0632789450865,-10.4272773778968
-52.0497789450865,-10.4506600528968
-52.0362789450865,-10.4740427278968
-52.0227789450865,-10.4974254028968
-52.0092789450865,-10.5208080778968
-51.9687789450865,-10.5909561028968
-51.9552789450865,-10.6143387778968
-51.9417789450865,-10.6377214528968
-51.6987789450865,-10.7312521528968
-51.6717789450865,-10.7312521528968
-51.6447789450865,-10.7312521528968
-51.6177789450865,-10.7312521528968
-51.5907789450865,-10.7312521528968
-51.5637789450865,-10.7312521528968
-51.5367789450865,-10.7312521528968
-51.4962789450865,-10.7078694778968
-51.4827789450865,-10.6844868028968
-51.4692789450865,-10.6611041278968
-51.4557789450865,-10.6377214528968
-51.4422789450865,-10.6143387778968
-51.4287789450865,-10.5909561028968
-51.4152789450865,-10.5675734278968
-51.4017789450865,-10.5441907528968
-51.3882789450865,-10.5208080778968
-51.3747789450865,-10.4974254028968
-51.3612789450865,-10.4740427278968
-51.3477789450865,-10.4506600528968
-51.3342789450865,-10.4272773778968
-51.2937789450865,-10.4038947028968
-52.1037789450865,-10.4038947028968
-51.3072789450865,-10.3805120278968
-51.3207789450865,-10.3571293528968
-51.3342789450865,-10.3337466778968
-51.3477789450865,-10.3103640028968
-51.3612789450865,-10.2869813278968
-51.3747789450865,-10.2635986528968
-51.3882789450865,-10.2402159778968
-51.4017789450865,-10.2168333028968
-51.4152789450865,-10.1934506278968
-51.4287789450865,-10.1700679528968
-51.4422789450865,-10.1466852778968
-51.9282789450865,-10.0999199278968
-51.9417789450865,-10.1233026028968
-51.9552789450865,-10.1466852778968
-51.9687789450865,-10.1700679528968
-51.9822789450865,-10.1934506278968
-51.9957789450865,-10.2168333028968
-52.0092789450865,-10.2402159778968
-52.0227789450865,-10.2635986528968
-52.0362789450865,-10.2869813278968
-52.0497789450865,-10.3103640028968
-52.0632789450865,-10.3337466778968
-52.0767789450865,-10.3571293528968
-52.0902789450865,-10.3805120278968
-52.0902789450865,-10.4272773778968
-52.0767789450865,-10.4506600528968
-52.0632789450865,-10.4740427278968
-52.0497789450865,-10.4974254028968
-52.0362789450865,-10.5208080778968
-51.4827789450865,-10.7312521528968
-51.4692789450865,-10.7078694778968
-51.4557789450865,-10.6844868028968
-51.4422789450865,-10.6611041278968
-51.4287789450865,-10.6377214528968
-51.4152789450865,-10.6143387778968
-51.4017789450865,-10.5909561028968
-51.3882789450865,-10.5675734278968
-51.3747789450865,-10.5441907528968
-51.3612789450865,-10.5208080778968
-51.3477789450865,-10.4974254028968
-51.3342789450865,-10.4740427278968
-51.3207789450865,-10.4506600528968
-52.1307789450865,-10.4038947028968
-51.2802789450865,-10.3805120278968
-51.2937789450865,-10.3571293528968
-51.3072789450865,-10.3337466778968
-51.3207789450865,-10.3103640028968
-51.3342789450865,-10.2869813278968
-51.3477789450865,-10.2635986528968
-51.3612789450865,-10.2402159778968
-51.3747789450865,-10.2168333028968
-51.3882789450865,-10.1934506278968
-51.9552789450865,-10.0999199278968
-51.9687789450865,-10.1233026028968
-51.9822789450865,-10.1466852778968
-51.9957789450865,-10.1700679528968
-52.0092789450865,-10.1934506278968
-52.0227789450865,-10.2168333028968
-52.0362789450865,-10.2402159778968
-52.0497789450865,-10.2635986528968
-52.0632789450865,-10.2869813278968
-52.0767789450865,-10.3103640028968
-52.0902789450865,-10.3337466778968
-52.1037789450865,-10.3571293528968
-52.1172789450865,-10.3805120278968
-52.1172789450865,-10.4272773778968
-52.1037789450865,-10.4506600528968
-52.0902789450865,-10.4740427278968
-52.0767789450865,-10.4974254028968
-52.0632789450865,-10.5208080778968
-52.0497789450865,-10.5441907528968
-51.4557789450865,-10.7312521528968
-51.4422789450865,-10.7078694778968
-51.4287789450865,-10.6844868028968
-51.4152789450865,-10.6611041278968
-51.4017789450865,-10.6377214528968
-51.3882789450865,-10.6143387778968
-51.3747789450865,-10.5909561028968
-51.3612789450865,-10.5675734278968
-51.3477789450865,-10.5441907528968
-51.3342789450865,-10.5208080778968
-51.3207789450865,-10.4974254028968
-51.3072789450865,-10.4740427278968
-52.1577789450865,-10.4038947028968
-51.2667789450865,-10.3571293528968
-51.2802789450865,-10.3337466778968
-51.2937789450865,-10.3103640028968
-51.3072789450865,-10.2869813278968
-51.3207789450865,-10.2635986528968
-51.3342789450865,-10.2402159778968
-51.9822789450865,-10.0999199278968
-51.9957789450865,-10.1233026028968
-52.0092789450865,-10.1466852778968
-52.0227789450865,-10.1700679528968
-52.0362789450865,-10.1934506278968
-52.0497789450865,-10.2168333028968
-52.0632789450865,-10.2402159778968
-52.0767789450865,-10.2635986528968
-52.0902789450865,-10.2869813278968
-52.1037789450865,-10.3103640028968
-52.1172789450865,-10.3337466778968
-52.1307789450865,-10.3571293528968
-52.1442789450865,-10.3805120278968
-52.1442789450865,-10.4272773778968
-52.1307789450865,-10.4506600528968
-52.1172789450865,-10.4740427278968
-52.1037789450865,-10.4974254028968
-52.0902789450865,-10.5208080778968
-51.4287789450865,-10.7312521528968
-51.4152789450865,-10.7078694778968
-51.4017789450865,-10.6844868028968
-51.3882789450865,-10.6611041278968
-51.3747789450865,-10.6377214528968
-51.3612789450865,-10.6143387778968
-51.3477789450865,-10.5909561028968
-51.3342789450865,-10.5675734278968
-51.3207789450865,-10.5441907528968
-51.3072789450865,-10.5208080778968
-51.2937789450865,-10.4974254028968
-51.2802789450865,-10.4740427278968
-52.1847789450865,-10.4038947028968
-51.2532789450865,-10.3337466778968
-51.2667789450865,-10.3103640028968
-51.2802789450865,-10.2869813278968
-51.2937789450865,-10.2635986528968
-52.0092789450865,-10.0999199278968
-52.0227789450865,-10.1233026028968
-52.0362789450865,-10.1466852778968
-52.0497789450865,-10.1700679528968
-52.0632789450865,-10.1934506278968
-52.0767789450865,-10.2168333028968
-52.0902789450865,-10.2402159778968
-52.1037789450865,-10.2635986528968
-52.1172789450865,-10.2869813278968
-52.1307789450865,-10.3103640028968
-52.1442789450865,-10.3337466778968
-52.1577789450865,-10.3571293528968
-52.1712789450865,-10.3805120278968
-52.1712789450865,-10.4272773778968
-52.1577789450865,-10.4506600528968
-52.1442789450865,-10.4740427278968
-52.1307789450865,-10.4974254028968
-52.1172789450865,-10.5208080778968
-52.1037789450865,-10.5441907528968
-51.4017789450865,-10.7312521528968
-51.3882789450865,-10.7078694778968
-51.3747789450865,-10.6844868028968
-51.3342789450865,-10.6143387778968
-51.3072789450865,-10.5675734278968
-51.2937789450865,-10.5441907528968
-51.2397789450865,-10.3103640028968
-51.2532789450865,-10.2869813278968
-51.2667789450865,-10.2635986528968
-51.2802789450865,-10.2402159778968
-52.0362789450865,-10.0999199278968
-52.0497789450865,-10.1233026028968
-52.0632789450865,-10.1466852778968
-52.0767789450865,-10.1700679528968
-52.1172789450865,-10.2402159778968
-52.1442789450865,-10.2869813278968
-52.1577789450865,-10.3103640028968
-52.1847789450865,-10.4506600528968
-52.1712789450865,-10.4740427278968
-52.1577789450865,-10.4974254028968
-51.3747789450865,-10.7312521528968
-51.3612789450865,-10.7078694778968
-51.3207789450865,-10.6377214528968
-51.2397789450865,-10.2635986528968
-51.2532789450865,-10.2402159778968
-52.2117789450865,-10.4506600528968
-51.2127789450865,-10.2635986528968
-51.2262789450865,-10.2402159778968
-51.1857789450865,-10.2635986528968
-51.1992789450865,-10.2402159778968
