-58.0769476387441,-9.7681859984138
-58.0499476387441,-9.7681859984138
-58.0634476387441,-9.7448033234138
-58.0904476387441,-9.7448033234138
-58.1039476387441,-9.7681859984138
-58.0904476387441,-9.7915686734138
-58.0634476387441,-9.7915686734138
-58.0229476387441,-9.7681859984138
-58.0499476387441,-9.7214206484138
-58.1039476387441,-9.7214206484138
-58.1309476387441,-9.7681859984138
-58.1039476387441,-9.8149513484138
-58.0499476387441,-9.8149513484138
-58.0364476387441,-9.7448033234138
-58.0769476387441,-9.7214206484138
-58.1174476387441,-9.7448033234138
-58.1174476387441,-9.7915686734138
-58.0769476387441,-9.8149513484138
-58.0364476387441,-9.7915686734138
-57.9959476387441,-9.7681859984138
-58.0364476387441,-9.6980379734138
-58.1174476387441,-9.6980379734138
-58.1579476387441,-9.7681859984138
-58.1174476387441,-9.8383340234138
-58.0364476387441,-9.8383340234138
-58.0094476387441,-9.7448033234138
-58.0229476387441,-9.7214206484138
-58.0634476387441,-9.6980379734138
-58.0904476387441,-9.6980379734138
-58.1309476387441,-9.7214206484138
-58.1444476387441,-9.7448033234138
-58.1444476387441,-9.7915686734138
-58.1309476387441,-9.8149513484138
-58.0904476387441,-9.8383340234138
-58.0634476387441,-9.8383340234138
-58.0229476387441,-9.8149513484138
-58.0094476387441,-9.7915686734138
-57.9689476387441,-9.7681859984138
-58.0229476387441,-9.6746552984138
-58.1309476387441,-9.6746552984138
-58.1849476387441,-9.7681859984138
-58.1309476387441,-9.8617166984138
-58.0229476387441,-9.8617166984138
-57.9824476387441,-9.7448033234138
-57.9959476387441,-9.7214206484138
-58.0094476387441,-9.6980379734138
-58.0499476387441,-9.6746552984138
-58.0769476387441,-9.6746552984138
-58.1039476387441,-9.6746552984138
-58.1444476387441,-9.6980379734138
-58.1579476387441,-9.7214206484138
-58.1714476387441,-9.7448033234138
-58.1714476387441,-9.7915686734138
-58.1579476387441,-9.8149513484138
-58.1444476387441,-9.8383340234138
-58.1039476387441,-9.8617166984138
-58.0769476387441,-9.8617166984138
-58.0499476387441,-9.8617166984138
-58.0094476387441,-9.8383340234138
-57.9959476387441,-9.8149513484138
-57.9824476387441,-9.7915686734138
-57.9419476387441,-9.7681859984138
-58.0094476387441,-9.6512726234137
-58.1444476387441,-9.6512726234137
-58.2119476387441,-9.7681859984138
-58.1444476387441,-9.8850993734138
-58.0094476387441,-9.8850993734138
-57.9554476387441,-9.7448033234138
-57.9689476387441,-9.7214206484138
-57.9824476387441,-9.6980379734138
-57.9959476387441,-9.6746552984138
-58.0364476387441,-9.6512726234137
-58.0634476387441,-9.6512726234137
-58.0904476387441,-9.6512726234137
-58.1174476387441,-9.6512726234137
-58.1579476387441,-9.6746552984138
-58.1714476387441,-9.6980379734138
-58.1849476387441,-9.7214206484138
-58.1984476387441,-9.7448033234138
-58.1984476387441,-9.7915686734138
-58.1849476387441,-9.8149513484138
-58.1714476387441,-9.8383340234138
-58.1579476387441,-9.8617166984138
-58.1174476387441,-9.8850993734138
-58.0904476387441,-9.8850993734138
-58.0634476387441,-9.8850993734138
-58.0364476387441,-9.8850993734138
-57.9959476387441,-9.8617166984138
-57.9824476387441,-9.8383340234138
-57.9689476387441,-9.8149513484138
-57.9554476387441,-9.7915686734138
-57.9149476387441,-9.7681859984138
-57.9959476387441,-9.6278899484137
-58.1579476387441,-9.6278899484137
-58.1579476387441,-9.9084820484138
-57.9959476387441,-9.9084820484138
-57.9284476387441,-9.7448033234138
-57.9419476387441,-9.7214206484138
-57.9554476387441,-9.6980379734138
-57.9689476387441,-9.6746552984138
-57.9824476387441,-9.6512726234137
-58.0229476387441,-9.6278899484137
-58.0499476387441,-9.6278899484137
-58.0769476387441,-9.6278899484137
-58.1039476387441,-9.6278899484137
-58.1309476387441,-9.6278899484137
-58.1714476387441,-9.6512726234137
-58.1849476387441,-9.6746552984138
-58.1984476387441,-9.6980379734138
-58.2119476387441,-9.7214206484138
-58.2254476387441,-9.7448033234138
-58.1849476387441,-9.8617166984138
-58.1714476387441,-9.8850993734138
-58.1309476387441,-9.9084820484138
-58.1039476387441,-9.9084820484138
-58.0769476387441,-9.9084820484138
-58.0499476387441,-9.9084820484138
-58.0229476387441,-9.9084820484138
-57.9824476387441,-9.8850993734138
-57.9689476387441,-9.8617166984138
-57.9554476387441,-9.8383340234138
-57.9419476387441,-9.8149513484138
-57.9284476387441,-9.7915686734138
-57.8879476387441,-9.7681859984138
-57.9824476387441,-9.6045072734137
-58.1714476387441,-9.6045072734137
-58.1714476387441,-9.9318647234138
-57.9824476387441,-9.9318647234138
-57.9014476387441,-9.7448033234138
-57.9149476387441,-9.7214206484138
-57.9284476387441,-9.6980379734138
-57.9419476387441,-9.6746552984138
-57.9554476387441,-9.6512726234137
-57.9689476387441,-9.6278899484137
-58.0094476387441,-9.6045072734137
-58.0364476387441,-9.6045072734137
-58.0634476387441,-9.6045072734137
-58.0904476387441,-9.6045072734137
-58.1174476387441,-9.6045072734137
-58.1444476387441,-9.6045072734137
-58.1849476387441,-9.6278899484137
-58.1984476387441,-9.6512726234137
-58.2119476387441,-9.6746552984138
-58.2254476387441,-9.6980379734138
-58.1984476387441,-9.8850993734138
-58.1849476387441,-9.9084820484138
-58.1444476387441,-9.9318647234138
-58.1174476387441,-9.9318647234138
-58.0904476387441,-9.9318647234138
-58.0634476387441,-9.9318647234138
-58.0364476387441,-9.9318647234138
-58.0094476387441,-9.9318647234138
-57.9689476387441,-9.9084820484138
-57.9554476387441,-9.8850993734138
-57.9419476387441,-9.8617166984138
-57.9284476387441,-9.8383340234138
-57.9149476387441,-9.8149513484138
-57.9014476387441,-9.7915686734138
-57.8609476387441,-9.7681859984138
-57.9689476387441,-9.5811245984137
-58.1849476387441,-9.5811245984137
-58.1849476387441,-9.9552473984138
-57.9689476387441,-9.9552473984138
-57.8744476387441,-9.7448033234138
-57.8879476387441,-9.7214206484138
-57.9014476387441,-9.6980379734138
-57.9149476387441,-9.6746552984138
-57.9284476387441,-9.6512726234137
-57.9419476387441,-9.6278899484137
-57.9554476387441,-9.6045072734137
-57.9959476387441,-9.5811245984137
-58.0229476387441,-9.5811245984137
-58.0499476387441,-9.5811245984137
-58.0769476387441,-9.5811245984137
-58.1039476387441,-9.5811245984137
-58.1309476387441,-9.5811245984137
-58.1579476387441,-9.5811245984137
-58.1984476387441,-9.6045072734137
-58.2119476387441,-9.6278899484137
-58.2254476387441,-9.6512726234137
-58.2389476387441,-9.6746552984138
-58.2254476387441,-9.8850993734138
-58.2119476387441,-9.9084820484138
-58.1984476387441,-9.9318647234138
-58.1579476387441,-9.9552473984138
-58.1309476387441,-9.9552473984138
-58.1039476387441,-9.9552473984138
-58.0769476387441,-9.9552473984138
-58.0499476387441,-9.9552473984138
-58.0229476387441,-9.9552473984138
-57.9959476387441,-9.9552473984138
-57.9554476387441,-9.9318647234138
-57.9419476387441,-9.9084820484138
-57.9284476387441,-9.8850993734138
-57.9149476387441,-9.8617166984138
-57.9014476387441,-9.8383340234138
-57.8879476387441,-9.8149513484138
-57.8744476387441,-9.7915686734138
-57.8339476387441,-9.7681859984138
-57.9554476387441,-9.5577419234137
-58.1984476387441,-9.5577419234137
-58.1984476387441,-9.9786300734138
-57.9554476387441,-9.9786300734138
-57.8474476387441,-9.7448033234138
-57.8609476387441,-9.7214206484138
-57.8744476387441,-9.6980379734138
-57.8879476387441,-9.6746552984138
-57.9014476387441,-9.6512726234137
-57.9149476387441,-9.6278899484137
-57.9284476387441,-9.6045072734137
-57.9419476387441,-9.5811245984137
-57.9824476387441,-9.5577419234137
-58.0094476387441,-9.5577419234137
-58.0364476387441,-9.5577419234137
-58.0634476387441,-9.5577419234137
-58.0904476387441,-9.5577419234137
-58.1174476387441,-9.5577419234137
-58.1444476387441,-9.5577419234137
-58.1714476387441,-9.5577419234137
-58.2119476387441,-9.5811245984137
-58.2254476387441,-9.6045072734137
-58.2389476387441,-9.6278899484137
-58.2524476387441,-9.6512726234137
-58.2119476387441,-9.9552473984138
-58.1714476387441,-9.9786300734138
-58.1444476387441,-9.9786300734138
-58.1174476387441,-9.9786300734138
-58.0904476387441,-9.9786300734138
-58.0634476387441,-9.9786300734138
-58.0364476387441,-9.9786300734138
-58.0094476387441,-9.9786300734138
-57.9824476387441,-9.9786300734138
-57.9419476387441,-9.9552473984138
-57.9284476387441,-9.9318647234138
-57.9149476387441,-9.9084820484138
-57.9014476387441,-9.8850993734138
-57.8879476387441,-9.8617166984138
-57.8744476387441,-9.8383340234138
-57.8609476387441,-9.8149513484138
-57.8474476387441,-9.7915686734138
-57.8069476387441,-9.7681859984138
-57.9419476387441,-9.5343592484137
-58.2119476387441,-9.5343592484137
-58.2119476387441,-10.0020127484138
-57.9419476387441,-10.0020127484138
-57.8204476387441,-9.7448033234138
-57.8339476387441,-9.7214206484138
-57.8474476387441,-9.6980379734138
-57.8609476387441,-9.6746552984138
-57.8744476387441,-9.6512726234137
-57.8879476387441,-9.6278899484137
-57.9014476387441,-9.6045072734137
-57.9149476387441,-9.5811245984137
-57.9284476387441,-9.5577419234137
-57.9689476387441,-9.5343592484137
-57.9959476387441,-9.5343592484137
-58.0229476387441,-9.5343592484137
-58.0499476387441,-9.5343592484137
-58.0769476387441,-9.5343592484137
-58.1039476387441,-9.5343592484137
-58.1309476387441,-9.5343592484137
-58.1579476387441,-9.5343592484137
-58.1849476387441,-9.5343592484137
-58.2254476387441,-9.5577419234137
-58.2389476387441,-9.5811245984137
-58.2524476387441,-9.6045072734137
-58.2254476387441,-9.9786300734138
-58.1849476387441,-10.0020127484138
-58.1579476387441,-10.0020127484138
-58.1309476387441,-10.0020127484138
-58.1039476387441,-10.0020127484138
-58.0769476387441,-10.0020127484138
-58.0499476387441,-10.0020127484138
-58.0229476387441,-10.0020127484138
-57.9959476387441,-10.0020127484138
-57.9689476387441,-10.0020127484138
-57.9284476387441,-9.9786300734138
-57.9149476387441,-9.9552473984138
-57.9014476387441,-9.9318647234138
-57.8879476387441,-9.9084820484138
-57.8744476387441,-9.8850993734138
-57.8609476387441,-9.8617166984138
-57.8474476387441,-9.8383340234138
-57.8339476387441,-9.8149513484138
-57.8204476387441,-9.7915686734138
-57.7799476387441,-9.7681859984138
-57.9284476387441,-9.5109765734137
-58.2254476387441,-9.5109765734137
-58.2254476387441,-10.0253954234138
-57.9284476387441,-10.0253954234138
-57.7934476387441,-9.7448033234138
-57.8069476387441,-9.7214206484138
-57.8204476387441,-9.6980379734138
-57.8339476387441,-9.6746552984138
-57.8474476387441,-9.6512726234137
-57.8609476387441,-9.6278899484137
-57.8744476387441,-9.6045072734137
-57.8879476387441,-9.5811245984137
-57.9014476387441,-9.5577419234137
-57.9149476387441,-9.5343592484137
-57.9554476387441,-9.5109765734137
-57.9824476387441,-9.5109765734137
-58.0094476387441,-9.5109765734137
-58.0364476387441,-9.5109765734137
-58.0634476387441,-9.5109765734137
-58.0904476387441,-9.5109765734137
-58.1174476387441,-9.5109765734137
-58.1444476387441,-9.5109765734137
-58.1714476387441,-9.5109765734137
-58.1984476387441,-9.5109765734137
-58.2389476387441,-9.5343592484137
-58.2524476387441,-9.5577419234137
-58.2659476387441,-9.5811245984137
-58.1984476387441,-10.0253954234138
-58.1714476387441,-10.0253954234138
-58.1444476387441,-10.0253954234138
-58.1174476387441,-10.0253954234138
-58.0904476387441,-10.0253954234138
-58.0634476387441,-10.0253954234138
-58.0364476387441,-10.0253954234138
-58.0094476387441,-10.0253954234138
-57.9824476387441,-10.0253954234138
-57.9554476387441,-10.0253954234138
-57.9149476387441,-10.0020127484138
-57.9014476387441,-9.9786300734138
-57.8879476387441,-9.9552473984138
-57.8744476387441,-9.9318647234138
-57.8609476387441,-9.9084820484138
-57.8474476387441,-9.8850993734138
-57.8339476387441,-9.8617166984138
-57.8204476387441,-9.8383340234138
-57.8069476387441,-9.8149513484138
-57.7934476387441,-9.7915686734138
-57.7529476387441,-9.7681859984138
-57.9149476387441,-9.4875938984137
-58.2389476387441,-9.4875938984137
-58.2389476387441,-10.0487780984138
-57.9149476387441,-10.0487780984138
-57.7664476387441,-9.7448033234138
-57.7799476387441,-9.7214206484138
-57.7934476387441,-9.6980379734138
-57.8069476387441,-9.6746552984138
-57.8204476387441,-9.6512726234137
-57.8339476387441,-9.6278899484137
-57.8474476387441,-9.6045072734137
-57.8609476387441,-9.5811245984137
-57.8744476387441,-9.5577419234137
-57.8879476387441,-9.5343592484137
-57.9014476387441,-9.5109765734137
-57.9419476387441,-9.4875938984137
-57.9689476387441,-9.4875938984137
-57.9959476387441,-9.4875938984137
-58.0229476387441,-9.4875938984137
-58.0499476387441,-9.4875938984137
-58.0769476387441,-9.4875938984137
-58.1039476387441,-9.4875938984137
-58.1309476387441,-9.4875938984137
-58.1579476387441,-9.4875938984137
-58.1849476387441,-9.4875938984137
-58.2119476387441,-9.4875938984137
-58.2524476387441,-9.5109765734137
-58.2119476387441,-10.0487780984138
-58.1849476387441,-10.0487780984138
-58.1579476387441,-10.0487780984138
-58.1309476387441,-10.0487780984138
-58.1039476387441,-10.0487780984138
-58.0769476387441,-10.0487780984138
-58.0499476387441,-10.0487780984138
-58.0229476387441,-10.0487780984138
-57.9959476387441,-10.0487780984138
-57.9689476387441,-10.0487780984138
-57.9419476387441,-10.0487780984138
-57.9014476387441,-10.0253954234138
-57.8879476387441,-10.0020127484138
-57.8744476387441,-9.9786300734138
-57.8609476387441,-9.9552473984138
-57.8474476387441,-9.9318647234138
-57.8339476387441,-9.9084820484138
-57.8204476387441,-9.8850993734138
-57.8069476387441,-9.8617166984138
-57.7934476387441,-9.8383340234138
-57.7799476387441,-9.8149513484138
-57.7664476387441,-9.7915686734138
-57.7259476387441,-9.7681859984138
-58.2524476387441,-9.4642112234137
-58.2524476387441,-10.0721607734138
-57.9014476387441,-10.0721607734138
-57.7394476387441,-9.7448033234138
-57.7529476387441,-9.7214206484138
-57.7664476387441,-9.6980379734138
-57.7799476387441,-9.6746552984138
-57.7934476387441,-9.6512726234137
-57.8069476387441,-9.6278899484137
-57.8204476387441,-9.6045072734137
-57.8339476387441,-9.5811245984137
-57.8474476387441,-9.5577419234137
-57.8609476387441,-9.5343592484137
-57.8744476387441,-9.5109765734137
-57.9554476387441,-9.4642112234137
-57.9824476387441,-9.4642112234137
-58.0094476387441,-9.4642112234137
-58.0364476387441,-9.4642112234137
-58.0634476387441,-9.4642112234137
-58.0904476387441,-9.4642112234137
-58.1174476387441,-9.4642112234137
-58.1444476387441,-9.4642112234137
-58.1714476387441,-9.4642112234137
-58.1984476387441,-9.4642112234137
-58.2254476387441,-9.4642112234137
-58.2659476387441,-9.4875938984137
-58.2254476387441,-10.0721607734138
-58.1984476387441,-10.0721607734138
-58.1714476387441,-10.0721607734138
-58.1444476387441,-10.0721607734138
-58.1174476387441,-10.0721607734138
-58.0904476387441,-10.0721607734138
-58.0634476387441,-10.0721607734138
-58.0364476387441,-10.0721607734138
-58.0094476387441,-10.0721607734138
-57.9824476387441,-10.0721607734138
-57.9554476387441,-10.0721607734138
-57.9284476387441,-10.0721607734138
-57.8879476387441,-10.0487780984138
-57.8744476387441,-10.0253954234138
-57.8609476387441,-10.0020127484138
-57.8474476387441,-9.9786300734138
-57.8339476387441,-9.9552473984138
-57.8204476387441,-9.9318647234138
-57.8069476387441,-9.9084820484138
-57.7934476387441,-9.8850993734138
-57.7799476387441,-9.8617166984138
-57.7664476387441,-9.8383340234138
-57.7529476387441,-9.8149513484138
-57.7394476387441,-9.7915686734138
-57.6989476387441,-9.7681859984138
-58.2659476387441,-9.4408285484137
-58.2659476387441,-10.0955434484138
-57.8879476387441,-10.0955434484138
-57.7124476387441,-9.7448033234138
-57.7259476387441,-9.7214206484138
-57.7394476387441,-9.6980379734138
-57.7529476387441,-9.6746552984138
-57.7664476387441,-9.6512726234137
-57.7799476387441,-9.6278899484137
-57.7934476387441,-9.6045072734137
-57.8069476387441,-9.5811245984137
-57.8204476387441,-9.5577419234137
-57.8339476387441,-9.5343592484137
-57.8474476387441,-9.5109765734137
-57.8609476387441,-9.4875938984137
-57.9689476387441,-9.4408285484137
-57.9959476387441,-9.4408285484137
-58.0229476387441,-9.4408285484137
-58.0499476387441,-9.4408285484137
-58.0769476387441,-9.4408285484137
-58.1039476387441,-9.4408285484137
-58.1309476387441,-9.4408285484137
-58.1579476387441,-9.4408285484137
-58.1849476387441,-9.4408285484137
-58.2119476387441,-9.4408285484137
-58.2389476387441,-9.4408285484137
-58.2389476387441,-10.0955434484138
-58.2119476387441,-10.0955434484138
-58.1849476387441,-10.0955434484138
-58.1579476387441,-10.0955434484138
-58.1309476387441,-10.0955434484138
-58.1039476387441,-10.0955434484138
-58.0769476387441,-10.0955434484138
-58.0499476387441,-10.0955434484138
-58.0229476387441,-10.0955434484138
-57.9959476387441,-10.0955434484138
-57.9689476387441,-10.0955434484138
-57.9419476387441,-10.0955434484138
-57.9149476387441,-10.0955434484138
-57.8744476387441,-10.0721607734138
-57.8609476387441,-10.0487780984138
-57.8474476387441,-10.0253954234138
-57.8339476387441,-10.0020127484138
-57.8204476387441,-9.9786300734138
-57.8069476387441,-9.9552473984138
-57.7934476387441,-9.9318647234138
-57.7799476387441,-9.9084820484138
-57.7664476387441,-9.8850993734138
-57.7529476387441,-9.8617166984138
-57.7394476387441,-9.8383340234138
-57.7259476387441,-9.8149513484138
-57.7124476387441,-9.7915686734138
-57.6719476387441,-9.7681859984138
-58.2794476387441,-9.4174458734137
-58.2794476387441,-10.1189261234138
-57.8744476387441,-10.1189261234138
-57.6854476387441,-9.7448033234138
-57.6989476387441,-9.7214206484138
-57.7124476387441,-9.6980379734138
-57.7394476387441,-9.6512726234137
-57.7529476387441,-9.6278899484137
-57.7664476387441,-9.6045072734137
-57.7799476387441,-9.5811245984137
-57.7934476387441,-9.5577419234137
-57.8069476387441,-9.5343592484137
-57.8204476387441,-9.5109765734137
-57.8339476387441,-9.4875938984137
-57.9824476387441,-9.4174458734137
-58.0094476387441,-9.4174458734137
-58.0364476387441,-9.4174458734137
-58.0634476387441,-9.4174458734137
-58.0904476387441,-9.4174458734137
-58.1174476387441,-9.4174458734137
-58.1444476387441,-9.4174458734137
-58.1714476387441,-9.4174458734137
-58.1984476387441,-9.4174458734137
-58.2254476387441,-9.4174458734137
-58.2524476387441,-9.4174458734137
-58.2929476387441,-9.4408285484137
-58.2524476387441,-10.1189261234138
-58.2254476387441,-10.1189261234138
-58.1984476387441,-10.1189261234138
-58.1714476387441,-10.1189261234138
-58.1444476387441,-10.1189261234138
-58.1174476387441,-10.1189261234138
-58.0904476387441,-10.1189261234138
-58.0634476387441,-10.1189261234138
-58.0364476387441,-10.1189261234138
-58.0094476387441,-10.1189261234138
-57.9824476387441,-10.1189261234138
-57.9554476387441,-10.1189261234138
-57.9284476387441,-10.1189261234138
-57.9014476387441,-10.1189261234138
-57.8609476387441,-10.0955434484138
-57.8474476387441,-10.0721607734138
-57.8339476387441,-10.0487780984138
-57.8204476387441,-10.0253954234138
-57.8069476387441,-10.0020127484138
-57.7934476387441,-9.9786300734138
-57.7799476387441,-9.9552473984138
-57.7664476387441,-9.9318647234138
-57.7529476387441,-9.9084820484138
-57.7394476387441,-9.8850993734138
-57.7259476387441,-9.8617166984138
-57.7124476387441,-9.8383340234138
-57.6989476387441,-9.8149513484138
-57.6854476387441,-9.7915686734138
-58.2929476387441,-9.3940631984137
-58.2929476387441,-10.1423087984138
-57.8609476387441,-10.1423087984138
-57.6584476387441,-9.7448033234138
-57.6719476387441,-9.7214206484138
-57.7394476387441,-9.6045072734137
-57.7529476387441,-9.5811245984137
-57.7664476387441,-9.5577419234137
-57.7799476387441,-9.5343592484137
-57.7934476387441,-9.5109765734137
-58.0229476387441,-9.3940631984137
-58.0499476387441,-9.3940631984137
-58.0769476387441,-9.3940631984137
-58.1039476387441,-9.3940631984137
-58.1309476387441,-9.3940631984137
-58.1579476387441,-9.3940631984137
-58.1849476387441,-9.3940631984137
-58.2119476387441,-9.3940631984137
-58.2389476387441,-9.3940631984137
-58.2659476387441,-9.3940631984137
-58.3064476387441,-9.4174458734137
-58.3064476387441,-10.1189261234138
-58.2659476387441,-10.1423087984138
-58.2389476387441,-10.1423087984138
-58.2119476387441,-10.1423087984138
-58.1849476387441,-10.1423087984138
-58.1579476387441,-10.1423087984138
-58.1309476387441,-10.1423087984138
-58.1039476387441,-10.1423087984138
-58.0769476387441,-10.1423087984138
-58.0499476387441,-10.1423087984138
-58.0229476387441,-10.1423087984138
-57.9959476387441,-10.1423087984138
-57.9689476387441,-10.1423087984138
-57.9419476387441,-10.1423087984138
-57.9149476387441,-10.1423087984138
-57.8879476387441,-10.1423087984138
-57.8474476387441,-10.1189261234138
-57.8339476387441,-10.0955434484138
-57.8204476387441,-10.0721607734138
-57.8069476387441,-10.0487780984138
-57.7934476387441,-10.0253954234138
-57.7799476387441,-10.0020127484138
-57.7664476387441,-9.9786300734138
-57.7529476387441,-9.9552473984138
-57.7394476387441,-9.9318647234138
-57.7259476387441,-9.9084820484138
-57.7124476387441,-9.8850993734138
-57.6989476387441,-9.8617166984138
-57.6854476387441,-9.8383340234138
-57.6719476387441,-9.8149513484138
-57.6584476387441,-9.7915686734138
-58.3064476387441,-9.3706805234137
-58.3064476387441,-10.1656914734138
-57.8474476387441,-10.1656914734138
-57.7394476387441,-9.5577419234137
-57.7529476387441,-9.5343592484137
-57.7664476387441,-9.5109765734137
-58.0364476387441,-9.3706805234137
-58.0634476387441,-9.3706805234137
-58.0904476387441,-9.3706805234137
-58.1174476387441,-9.3706805234137
-58.1444476387441,-9.3706805234137
-58.1714476387441,-9.3706805234137
-58.1984476387441,-9.3706805234137
-58.2254476387441,-9.3706805234137
-58.2524476387441,-9.3706805234137
-58.2794476387441,-9.3706805234137
-58.3199476387441,-9.3940631984137
-58.3334476387441,-9.4174458734137
-58.3469476387441,-9.4408285484137
-58.3199476387441,-10.1423087984138
-58.2794476387441,-10.1656914734138
-58.2524476387441,-10.1656914734138
-58.2254476387441,-10.1656914734138
-58.1984476387441,-10.1656914734138
-58.1714476387441,-10.1656914734138
-58.1444476387441,-10.1656914734138
-58.1174476387441,-10.1656914734138
-58.0904476387441,-10.1656914734138
-58.0634476387441,-10.1656914734138
-58.0364476387441,-10.1656914734138
-58.0094476387441,-10.1656914734138
-57.9824476387441,-10.1656914734138
-57.9554476387441,-10.1656914734138
-57.9284476387441,-10.1656914734138
-57.9014476387441,-10.1656914734138
-57.8744476387441,-10.1656914734138
-57.8339476387441,-10.1423087984138
-57.8204476387441,-10.1189261234138
-57.8069476387441,-10.0955434484138
-57.7934476387441,-10.0721607734138
-57.7799476387441,-10.0487780984138
-57.7664476387441,-10.0253954234138
-57.7529476387441,-10.0020127484138
-57.7394476387441,-9.9786300734138
-57.7259476387441,-9.9552473984138
-57.7124476387441,-9.9318647234138
-57.6989476387441,-9.9084820484138
-57.6854476387441,-9.8850993734138
-58.3199476387441,-9.3472978484137
-58.3199476387441,-10.1890741484138
-57.8339476387441,-10.1890741484138
-57.7259476387441,-9.5343592484137
-57.7394476387441,-9.5109765734137
-58.0769476387441,-9.3472978484137
-58.1039476387441,-9.3472978484137
-58.1309476387441,-9.3472978484137
-58.1579476387441,-9.3472978484137
-58.1849476387441,-9.3472978484137
-58.2119476387441,-9.3472978484137
-58.2389476387441,-9.3472978484137
-58.2659476387441,-9.3472978484137
-58.2929476387441,-9.3472978484137
-58.3334476387441,-9.3706805234137
-58.3469476387441,-9.3940631984137
-58.3604476387441,-9.4174458734137
-58.3739476387441,-9.4408285484137
-58.2929476387441,-10.1890741484138
-58.2659476387441,-10.1890741484138
-58.2389476387441,-10.1890741484138
-58.2119476387441,-10.1890741484138
-58.1849476387441,-10.1890741484138
-58.1579476387441,-10.1890741484138
-58.1309476387441,-10.1890741484138
-58.1039476387441,-10.1890741484138
-58.0769476387441,-10.1890741484138
-58.0499476387441,-10.1890741484138
-58.0229476387441,-10.1890741484138
-57.9959476387441,-10.1890741484138
-57.9689476387441,-10.1890741484138
-57.9419476387441,-10.1890741484138
-57.9149476387441,-10.1890741484138
-57.8879476387441,-10.1890741484138
-57.8609476387441,-10.1890741484138
-57.8204476387441,-10.1656914734138
-57.8069476387441,-10.1423087984138
-57.7934476387441,-10.1189261234138
-57.7799476387441,-10.0955434484138
-57.7664476387441,-10.0721607734138
-57.7529476387441,-10.0487780984138
-57.7394476387441,-10.0253954234138
-57.7259476387441,-10.0020127484138
-57.7124476387441,-9.9786300734138
-57.6989476387441,-9.9552473984138
-57.6854476387441,-9.9318647234138
-57.6719476387441,-9.9084820484138
-58.3334476387441,-9.3239151734137
-58.3334476387441,-10.2124568234138
-57.8204476387441,-10.2124568234138
-58.0904476387441,-9.3239151734137
-58.1174476387441,-9.3239151734137
-58.1444476387441,-9.3239151734137
-58.1714476387441,-9.3239151734137
-58.1984476387441,-9.3239151734137
-58.2254476387441,-9.3239151734137
-58.2524476387441,-9.3239151734137
-58.2794476387441,-9.3239151734137
-58.3064476387441,-9.3239151734137
-58.3469476387441,-9.3472978484137
-58.3604476387441,-9.3706805234137
-58.3739476387441,-9.3940631984137
-58.3874476387441,-9.4174458734137
-58.4009476387441,-9.4408285484137
-58.3064476387441,-10.2124568234138
-58.2794476387441,-10.2124568234138
-58.2524476387441,-10.2124568234138
-58.2254476387441,-10.2124568234138
-58.1984476387441,-10.2124568234138
-58.1714476387441,-10.2124568234138
-58.1444476387441,-10.2124568234138
-58.1174476387441,-10.2124568234138
-58.0904476387441,-10.2124568234138
-58.0634476387441,-10.2124568234138
-58.0364476387441,-10.2124568234138
-58.0094476387441,-10.2124568234138
-57.9824476387441,-10.2124568234138
-57.9554476387441,-10.2124568234138
-57.9284476387441,-10.2124568234138
-57.9014476387441,-10.2124568234138
-57.8744476387441,-10.2124568234138
-57.8474476387441,-10.2124568234138
-57.8069476387441,-10.1890741484138
-57.7934476387441,-10.1656914734138
-57.7799476387441,-10.1423087984138
-57.7664476387441,-10.1189261234138
-57.7529476387441,-10.0955434484138
-57.7394476387441,-10.0721607734138
-57.7259476387441,-10.0487780984138
-57.7124476387441,-10.0253954234138
-57.6989476387441,-10.0020127484138
-57.6854476387441,-9.9786300734138
-57.6719476387441,-9.9552473984138
-57.6584476387441,-9.9318647234138
-58.3469476387441,-9.3005324984137
-58.3469476387441,-10.2358394984138
-57.8069476387441,-10.2358394984138
-58.0769476387441,-9.3005324984137
-58.1039476387441,-9.3005324984137
-58.1309476387441,-9.3005324984137
-58.1579476387441,-9.3005324984137
-58.1849476387441,-9.3005324984137
-58.2119476387441,-9.3005324984137
-58.2389476387441,-9.3005324984137
-58.2659476387441,-9.3005324984137
-58.2929476387441,-9.3005324984137
-58.3199476387441,-9.3005324984137
-58.3604476387441,-9.3239151734137
-58.3739476387441,-9.3472978484137
-58.3874476387441,-9.3706805234137
-58.4009476387441,-9.3940631984137
-58.4144476387441,-9.4174458734137
-58.4279476387441,-9.4408285484137
-58.3199476387441,-10.2358394984138
-58.2929476387441,-10.2358394984138
-58.2659476387441,-10.2358394984138
-58.2389476387441,-10.2358394984138
-58.2119476387441,-10.2358394984138
-58.1849476387441,-10.2358394984138
-58.1579476387441,-10.2358394984138
-58.1309476387441,-10.2358394984138
-58.1039476387441,-10.2358394984138
-58.0769476387441,-10.2358394984138
-58.0499476387441,-10.2358394984138
-58.0229476387441,-10.2358394984138
-57.9959476387441,-10.2358394984138
-57.9689476387441,-10.2358394984138
-57.9419476387441,-10.2358394984138
-57.9149476387441,-10.2358394984138
-57.8879476387441,-10.2358394984138
-57.8609476387441,-10.2358394984138
-57.8339476387441,-10.2358394984138
-57.7934476387441,-10.2124568234138
-57.7799476387441,-10.1890741484138
-57.7664476387441,-10.1656914734138
-57.7529476387441,-10.1423087984138
-57.7394476387441,-10.1189261234138
-57.7259476387441,-10.0955434484138
-57.7124476387441,-10.0721607734138
-57.6989476387441,-10.0487780984138
-57.6854476387441,-10.0253954234138
-57.6719476387441,-10.0020127484138
-57.6584476387441,-9.9786300734138
-58.3604476387441,-9.2771498234137
-57.7934476387441,-10.2592221734138
-58.0904476387441,-9.2771498234137
-58.1174476387441,-9.2771498234137
-58.1444476387441,-9.2771498234137
-58.1714476387441,-9.2771498234137
-58.1984476387441,-9.2771498234137
-58.2254476387441,-9.2771498234137
-58.2524476387441,-9.2771498234137
-58.2794476387441,-9.2771498234137
-58.3064476387441,-9.2771498234137
-58.3334476387441,-9.2771498234137
-58.3739476387441,-9.3005324984137
-58.3874476387441,-9.3239151734137
-58.4009476387441,-9.3472978484137
-58.4144476387441,-9.3706805234137
-58.4279476387441,-9.3940631984137
-58.4414476387441,-9.4174458734137
-58.3334476387441,-10.2592221734138
-58.3064476387441,-10.2592221734138
-58.2794476387441,-10.2592221734138
-58.2524476387441,-10.2592221734138
-58.2254476387441,-10.2592221734138
-58.1984476387441,-10.2592221734138
-58.1714476387441,-10.2592221734138
-58.1444476387441,-10.2592221734138
-58.1174476387441,-10.2592221734138
-58.0904476387441,-10.2592221734138
-58.0634476387441,-10.2592221734138
-58.0364476387441,-10.2592221734138
-58.0094476387441,-10.2592221734138
-57.9824476387441,-10.2592221734138
-57.9554476387441,-10.2592221734138
-57.9284476387441,-10.2592221734138
-57.9014476387441,-10.2592221734138
-57.8744476387441,-10.2592221734138
-57.8474476387441,-10.2592221734138
-57.8204476387441,-10.2592221734138
-57.7799476387441,-10.2358394984138
-57.7664476387441,-10.2124568234138
-57.7529476387441,-10.1890741484138
-57.7394476387441,-10.1656914734138
-57.7259476387441,-10.1423087984138
-57.7124476387441,-10.1189261234138
-57.6989476387441,-10.0955434484138
-57.6854476387441,-10.0721607734138
-57.6719476387441,-10.0487780984138
-57.6584476387441,-10.0253954234138
-57.6449476387441,-10.0020127484138
-58.3739476387441,-9.2537671484137
-57.7799476387441,-10.2826048484138
-58.1039476387441,-9.2537671484137
-58.1309476387441,-9.2537671484137
-58.1579476387441,-9.2537671484137
-58.1849476387441,-9.2537671484137
-58.2119476387441,-9.2537671484137
-58.2389476387441,-9.2537671484137
-58.2659476387441,-9.2537671484137
-58.2929476387441,-9.2537671484137
-58.3199476387441,-9.2537671484137
-58.3469476387441,-9.2537671484137
-58.3874476387441,-9.2771498234137
-58.4009476387441,-9.3005324984137
-58.4144476387441,-9.3239151734137
-58.4279476387441,-9.3472978484137
-58.4414476387441,-9.3706805234137
-58.4549476387441,-9.3940631984137
-58.4684476387441,-9.4174458734137
-58.3469476387441,-10.2826048484138
-58.3199476387441,-10.2826048484138
-58.2929476387441,-10.2826048484138
-58.2659476387441,-10.2826048484138
-58.2389476387441,-10.2826048484138
-58.2119476387441,-10.2826048484138
-58.1849476387441,-10.2826048484138
-58.1579476387441,-10.2826048484138
-58.1309476387441,-10.2826048484138
-58.1039476387441,-10.2826048484138
-58.0769476387441,-10.2826048484138
-58.0499476387441,-10.2826048484138
-58.0229476387441,-10.2826048484138
-57.9959476387441,-10.2826048484138
-57.9689476387441,-10.2826048484138
-57.9419476387441,-10.2826048484138
-57.9149476387441,-10.2826048484138
-57.8879476387441,-10.2826048484138
-57.8609476387441,-10.2826048484138
-57.8339476387441,-10.2826048484138
-57.8069476387441,-10.2826048484138
-57.7664476387441,-10.2592221734138
-57.7529476387441,-10.2358394984138
-57.7394476387441,-10.2124568234138
-57.7259476387441,-10.1890741484138
-57.7124476387441,-10.1656914734138
-57.6989476387441,-10.1423087984138
-57.6854476387441,-10.1189261234138
-57.6719476387441,-10.0955434484138
-57.6584476387441,-10.0721607734138
-57.6449476387441,-10.0487780984138
-57.6314476387441,-10.0253954234138
-58.3874476387441,-9.2303844734137
-57.7664476387441,-10.3059875234138
-58.1444476387441,-9.2303844734137
-58.1714476387441,-9.2303844734137
-58.1984476387441,-9.2303844734137
-58.2254476387441,-9.2303844734137
-58.2524476387441,-9.2303844734137
-58.2794476387441,-9.2303844734137
-58.3064476387441,-9.2303844734137
-58.3334476387441,-9.2303844734137
-58.3604476387441,-9.2303844734137
-58.4009476387441,-9.2537671484137
-58.4144476387441,-9.2771498234137
-58.4279476387441,-9.3005324984137
-58.4414476387441,-9.3239151734137
-58.4549476387441,-9.3472978484137
-58.4684476387441,-9.3706805234137
-58.4819476387441,-9.3940631984137
-58.3334476387441,-10.3059875234138
-58.3064476387441,-10.3059875234138
-58.2794476387441,-10.3059875234138
-58.2524476387441,-10.3059875234138
-58.2254476387441,-10.3059875234138
-58.1984476387441,-10.3059875234138
-58.1714476387441,-10.3059875234138
-58.1444476387441,-10.3059875234138
-58.1174476387441,-10.3059875234138
-58.0904476387441,-10.3059875234138
-58.0634476387441,-10.3059875234138
-58.0364476387441,-10.3059875234138
-58.0094476387441,-10.3059875234138
-57.9824476387441,-10.3059875234138
-57.9554476387441,-10.3059875234138
-57.9284476387441,-10.3059875234138
-57.9014476387441,-10.3059875234138
-57.8744476387441,-10.3059875234138
-57.8474476387441,-10.3059875234138
-57.8204476387441,-10.3059875234138
-57.7934476387441,-10.3059875234138
-57.7529476387441,-10.2826048484138
-57.7394476387441,-10.2592221734138
-57.7259476387441,-10.2358394984138
-57.7124476387441,-10.2124568234138
-57.6989476387441,-10.1890741484138
-57.6854476387441,-10.1656914734138
-57.6719476387441,-10.1423087984138
-57.6584476387441,-10.1189261234138
-57.6449476387441,-10.0955434484138
-57.6314476387441,-10.0721607734138
-57.6179476387441,-10.0487780984138
-58.4009476387441,-9.2070017984137
-57.7529476387441,-10.3293701984138
-58.1579476387441,-9.2070017984137
-58.1849476387441,-9.2070017984137
-58.2119476387441,-9.2070017984137
-58.2389476387441,-9.2070017984137
-58.2659476387441,-9.2070017984137
-58.2929476387441,-9.2070017984137
-58.3199476387441,-9.2070017984137
-58.3469476387441,-9.2070017984137
-58.3739476387441,-9.2070017984137
-58.4144476387441,-9.2303844734137
-58.4279476387441,-9.2537671484137
-58.4414476387441,-9.2771498234137
-58.4549476387441,-9.3005324984137
-58.4684476387441,-9.3239151734137
-58.4819476387441,-9.3472978484137
-58.4954476387441,-9.3706805234137
-58.5089476387441,-9.3940631984137
-58.3469476387441,-10.3293701984138
-58.3199476387441,-10.3293701984138
-58.2929476387441,-10.3293701984138
-58.2659476387441,-10.3293701984138
-58.2389476387441,-10.3293701984138
-58.2119476387441,-10.3293701984138
-58.1849476387441,-10.3293701984138
-58.1579476387441,-10.3293701984138
-58.1309476387441,-10.3293701984138
-58.1039476387441,-10.3293701984138
-58.0769476387441,-10.3293701984138
-58.0499476387441,-10.3293701984138
-58.0229476387441,-10.3293701984138
-57.9959476387441,-10.3293701984138
-57.9689476387441,-10.3293701984138
-57.9419476387441,-10.3293701984138
-57.9149476387441,-10.3293701984138
-57.8879476387441,-10.3293701984138
-57.8609476387441,-10.3293701984138
-57.8339476387441,-10.3293701984138
-57.8069476387441,-10.3293701984138
-57.7799476387441,-10.3293701984138
-57.7394476387441,-10.3059875234138
-57.7259476387441,-10.2826048484138
-57.7124476387441,-10.2592221734138
-57.6989476387441,-10.2358394984138
-57.6854476387441,-10.2124568234138
-57.6719476387441,-10.1890741484138
-57.6584476387441,-10.1656914734138
-57.6449476387441,-10.1423087984138
-57.6314476387441,-10.1189261234138
-57.6179476387441,-10.0955434484138
-57.6044476387441,-10.0721607734138
-58.4144476387441,-9.1836191234137
-57.7394476387441,-10.3527528734138
-58.1714476387441,-9.1836191234137
-58.1984476387441,-9.1836191234137
-58.2254476387441,-9.1836191234137
-58.2524476387441,-9.1836191234137
-58.2794476387441,-9.1836191234137
-58.3064476387441,-9.1836191234137
-58.3334476387441,-9.1836191234137
-58.3604476387441,-9.1836191234137
-58.3874476387441,-9.1836191234137
-58.4279476387441,-9.2070017984137
-58.4414476387441,-9.2303844734137
-58.4549476387441,-9.2537671484137
-58.4684476387441,-9.2771498234137
-58.4819476387441,-9.3005324984137
-58.4954476387441,-9.3239151734137
-58.5089476387441,-9.3472978484137
-58.5224476387441,-9.3706805234137
-58.3334476387441,-10.3527528734138
-58.3064476387441,-10.3527528734138
-58.2794476387441,-10.3527528734138
-58.2524476387441,-10.3527528734138
-58.2254476387441,-10.3527528734138
-58.1984476387441,-10.3527528734138
-58.1714476387441,-10.3527528734138
-58.1444476387441,-10.3527528734138
-58.1174476387441,-10.3527528734138
-58.0904476387441,-10.3527528734138
-58.0634476387441,-10.3527528734138
-58.0364476387441,-10.3527528734138
-58.0094476387441,-10.3527528734138
-57.9824476387441,-10.3527528734138
-57.9554476387441,-10.3527528734138
-57.9284476387441,-10.3527528734138
-57.9014476387441,-10.3527528734138
-57.8744476387441,-10.3527528734138
-57.8474476387441,-10.3527528734138
-57.8204476387441,-10.3527528734138
-57.7934476387441,-10.3527528734138
-57.7664476387441,-10.3527528734138
-57.7259476387441,-10.3293701984138
-57.7124476387441,-10.3059875234138
-57.6989476387441,-10.2826048484138
-57.6854476387441,-10.2592221734138
-57.6719476387441,-10.2358394984138
-57.6584476387441,-10.2124568234138
-57.6449476387441,-10.1890741484138
-57.6314476387441,-10.1656914734138
-57.6179476387441,-10.1423087984138
-57.6044476387441,-10.1189261234138
-57.5909476387441,-10.0955434484138
-58.4279476387441,-9.1602364484137
-58.1849476387441,-9.1602364484137
-58.2119476387441,-9.1602364484137
-58.2389476387441,-9.1602364484137
-58.2659476387441,-9.1602364484137
-58.2929476387441,-9.1602364484137
-58.3199476387441,-9.1602364484137
-58.3469476387441,-9.1602364484137
-58.3739476387441,-9.1602364484137
-58.4009476387441,-9.1602364484137
-58.4414476387441,-9.1836191234137
-58.4549476387441,-9.2070017984137
-58.4684476387441,-9.2303844734137
-58.4819476387441,-9.2537671484137
-58.4954476387441,-9.2771498234137
-58.5089476387441,-9.3005324984137
-58.5224476387441,-9.3239151734137
-58.5359476387441,-9.3472978484137
-58.5494476387441,-9.3706805234137
-58.3199476387441,-10.3761355484138
-58.2929476387441,-10.3761355484138
-58.2659476387441,-10.3761355484138
-58.2389476387441,-10.3761355484138
-58.2119476387441,-10.3761355484138
-58.1849476387441,-10.3761355484138
-58.1579476387441,-10.3761355484138
-58.1309476387441,-10.3761355484138
-58.1039476387441,-10.3761355484138
-58.0769476387441,-10.3761355484138
-58.0499476387441,-10.3761355484138
-58.0229476387441,-10.3761355484138
-57.9959476387441,-10.3761355484138
-57.9689476387441,-10.3761355484138
-57.9419476387441,-10.3761355484138
-57.9149476387441,-10.3761355484138
-57.8879476387441,-10.3761355484138
-57.8609476387441,-10.3761355484138
-57.8339476387441,-10.3761355484138
-57.6989476387441,-10.3293701984138
-57.6854476387441,-10.3059875234138
-57.6719476387441,-10.2826048484138
-57.6584476387441,-10.2592221734138
-57.6449476387441,-10.2358394984138
-57.6314476387441,-10.2124568234138
-57.6179476387441,-10.1890741484138
-57.6044476387441,-10.1656914734138
-57.5909476387441,-10.1423087984138
-58.4414476387441,-9.1368537734137
-58.1984476387441,-9.1368537734137
-58.2254476387441,-9.1368537734137
-58.2524476387441,-9.1368537734137
-58.2794476387441,-9.1368537734137
-58.3064476387441,-9.1368537734137
-58.3334476387441,-9.1368537734137
-58.3604476387441,-9.1368537734137
-58.3874476387441,-9.1368537734137
-58.4144476387441,-9.1368537734137
-58.4549476387441,-9.1602364484137
-58.4684476387441,-9.1836191234137
-58.4819476387441,-9.2070017984137
-58.4954476387441,-9.2303844734137
-58.5089476387441,-9.2537671484137
-58.5224476387441,-9.2771498234137
-58.5359476387441,-9.3005324984137
-58.5494476387441,-9.3239151734137
-58.5629476387441,-9.3472978484137
-58.3334476387441,-10.3995182234138
-58.3064476387441,-10.3995182234138
-58.2794476387441,-10.3995182234138
-58.2524476387441,-10.3995182234138
-58.2254476387441,-10.3995182234138
-58.1984476387441,-10.3995182234138
-58.1714476387441,-10.3995182234138
-58.1444476387441,-10.3995182234138
-58.1174476387441,-10.3995182234138
-57.9824476387441,-10.3995182234138
-57.9554476387441,-10.3995182234138
-57.9284476387441,-10.3995182234138
-57.9014476387441,-10.3995182234138
-57.6584476387441,-10.3059875234138
-57.6449476387441,-10.2826048484138
-57.6314476387441,-10.2592221734138
-57.6179476387441,-10.2358394984138
-57.6044476387441,-10.2124568234138
-58.4549476387441,-9.1134710984137
-58.2659476387441,-9.1134710984137
-58.2929476387441,-9.1134710984137
-58.3199476387441,-9.1134710984137
-58.3469476387441,-9.1134710984137
-58.3739476387441,-9.1134710984137
-58.4009476387441,-9.1134710984137
-58.4279476387441,-9.1134710984137
-58.4684476387441,-9.1368537734137
-58.4819476387441,-9.1602364484137
-58.4954476387441,-9.1836191234137
-58.5089476387441,-9.2070017984137
-58.5224476387441,-9.2303844734137
-58.5359476387441,-9.2537671484137
-58.5494476387441,-9.2771498234137
-58.5629476387441,-9.3005324984137
-58.5764476387441,-9.3239151734137
-58.3199476387441,-10.4229008984138
-58.2929476387441,-10.4229008984138
-58.2659476387441,-10.4229008984138
-58.2389476387441,-10.4229008984138
-57.9959476387441,-10.4229008984138
-57.9689476387441,-10.4229008984138
-57.6179476387441,-10.2826048484138
-57.6044476387441,-10.2592221734138
-58.4684476387441,-9.0900884234137
-58.2794476387441,-9.0900884234137
-58.3064476387441,-9.0900884234137
-58.3334476387441,-9.0900884234137
-58.3604476387441,-9.0900884234137
-58.3874476387441,-9.0900884234137
-58.4144476387441,-9.0900884234137
-58.4414476387441,-9.0900884234137
-58.4819476387441,-9.1134710984137
-58.4954476387441,-9.1368537734137
-58.5089476387441,-9.1602364484137
-58.5224476387441,-9.1836191234137
-58.5359476387441,-9.2070017984137
-58.5494476387441,-9.2303844734137
-58.5629476387441,-9.2537671484137
-58.5764476387441,-9.2771498234137
-58.5899476387441,-9.3005324984137
-58.6034476387441,-9.3239151734137
-58.4819476387441,-9.0667057484137
-58.2929476387441,-9.0667057484137
-58.3199476387441,-9.0667057484137
-58.3469476387441,-9.0667057484137
-58.3739476387441,-9.0667057484137
-58.4009476387441,-9.0667057484137
-58.4279476387441,-9.0667057484137
-58.4549476387441,-9.0667057484137
-58.4954476387441,-9.0900884234137
-58.5089476387441,-9.1134710984137
-58.5224476387441,-9.1368537734137
-58.5359476387441,-9.1602364484137
-58.5494476387441,-9.1836191234137
-58.5629476387441,-9.2070017984137
-58.5764476387441,-9.2303844734137
-58.5899476387441,-9.2537671484137
-58.6034476387441,-9.2771498234137
-58.4954476387441,-9.0433230734137
-58.3064476387441,-9.0433230734137
-58.3334476387441,-9.0433230734137
-58.3604476387441,-9.0433230734137
-58.3874476387441,-9.0433230734137
-58.4144476387441,-9.0433230734137
-58.4414476387441,-9.0433230734137
-58.4684476387441,-9.0433230734137
-58.5089476387441,-9.0667057484137
-58.5224476387441,-9.0900884234137
-58.5359476387441,-9.1134710984137
-58.5494476387441,-9.1368537734137
-58.5629476387441,-9.1602364484137
-58.5764476387441,-9.1836191234137
-58.5899476387441,-9.2070017984137
-58.6034476387441,-9.2303844734137
-58.6169476387441,-9.2537671484137
-58.5089476387441,-9.0199403984137
-58.3469476387441,-9.0199403984137
-58.3739476387441,-9.0199403984137
-58.4009476387441,-9.0199403984137
-58.4279476387441,-9.0199403984137
-58.4549476387441,-9.0199403984137
-58.4819476387441,-9.0199403984137
-58.5224476387441,-9.0433230734137
-58.5359476387441,-9.0667057484137
-58.5494476387441,-9.0900884234137
-58.5629476387441,-9.1134710984137
-58.5764476387441,-9.1368537734137
-58.5899476387441,-9.1602364484137
-58.6034476387441,-9.1836191234137
-58.6169476387441,-9.2070017984137
-58.6304476387441,-9.2303844734137
-58.5224476387441,-8.9965577234137
-58.3874476387441,-8.9965577234137
-58.4144476387441,-8.9965577234137
-58.4414476387441,-8.9965577234137
-58.4684476387441,-8.9965577234137
-58.4954476387441,-8.9965577234137
-58.5359476387441,-9.0199403984137
-58.5494476387441,-9.0433230734137
-58.5629476387441,-9.0667057484137
-58.5764476387441,-9.0900884234137
-58.5899476387441,-9.1134710984137
-58.6034476387441,-9.1368537734137
-58.6169476387441,-9.1602364484137
-58.6304476387441,-9.1836191234137
-58.5359476387441,-8.9731750484137
-58.4279476387441,-8.9731750484137
-58.4819476387441,-8.9731750484137
-58.5089476387441,-8.9731750484137
-58.5494476387441,-8.9965577234137
-58.5629476387441,-9.0199403984137
-58.5764476387441,-9.0433230734137
-58.5899476387441,-9.0667057484137
-58.6034476387441,-9.0900884234137
-58.6169476387441,-9.1134710984137
-58.6304476387441,-9.1368537734137
-58.6439476387441,-9.1602364484137
-58.5494476387441,-8.9497923734137
-58.4684476387441,-8.9497923734137
-58.4954476387441,-8.9497923734137
-58.5629476387441,-8.9731750484137
-58.5764476387441,-8.9965577234137
-58.5899476387441,-9.0199403984137
