-57.2151878657464,-15.5244678365465
-57.1881878657464,-15.5244678365465
-57.2016878657464,-15.5010851615465
-57.2286878657464,-15.5010851615465
-57.2421878657464,-15.5244678365465
-57.2286878657464,-15.5478505115465
-57.2016878657464,-15.5478505115465
-57.1611878657464,-15.5244678365465
-57.1881878657464,-15.4777024865465
-57.2421878657464,-15.4777024865465
-57.2691878657464,-15.5244678365465
-57.2421878657464,-15.5712331865465
-57.1881878657464,-15.5712331865465
-57.1746878657464,-15.5010851615465
-57.2151878657464,-15.4777024865465
-57.2556878657464,-15.5010851615465
-57.2556878657464,-15.5478505115465
-57.2151878657464,-15.5712331865465
-57.1746878657464,-15.5478505115465
-57.1341878657464,-15.5244678365465
-57.1746878657464,-15.4543198115465
-57.2556878657464,-15.4543198115465
-57.2961878657464,-15.5244678365465
-57.2556878657464,-15.5946158615465
-57.1746878657464,-15.5946158615465
-57.1476878657464,-15.5010851615465
-57.1611878657464,-15.4777024865465
-57.2016878657464,-15.4543198115465
-57.2286878657464,-15.4543198115465
-57.2691878657464,-15.4777024865465
-57.2826878657464,-15.5010851615465
-57.2826878657464,-15.5478505115465
-57.2691878657464,-15.5712331865465
-57.2286878657464,-15.5946158615465
-57.2016878657464,-15.5946158615465
-57.1611878657464,-15.5712331865465
-57.1476878657464,-15.5478505115465
-57.1071878657464,-15.5244678365465
-57.1611878657464,-15.4309371365465
-57.2691878657464,-15.4309371365465
-57.3231878657464,-15.5244678365465
-57.2691878657464,-15.6179985365465
-57.1611878657464,-15.6179985365465
-57.1206878657464,-15.5010851615465
-57.1341878657464,-15.4777024865465
-57.1476878657464,-15.4543198115465
-57.1881878657464,-15.4309371365465
-57.2151878657464,-15.4309371365465
-57.2421878657464,-15.4309371365465
-57.2826878657464,-15.4543198115465
-57.2961878657464,-15.4777024865465
-57.3096878657464,-15.5010851615465
-57.3096878657464,-15.5478505115465
-57.2961878657464,-15.5712331865465
-57.2826878657464,-15.5946158615465
-57.2421878657464,-15.6179985365465
-57.2151878657464,-15.6179985365465
-57.1881878657464,-15.6179985365465
-57.1476878657464,-15.5946158615465
-57.1341878657464,-15.5712331865465
-57.1206878657464,-15.5478505115465
-57.0801878657464,-15.5244678365465
-57.1476878657464,-15.4075544615465
-57.2826878657464,-15.4075544615465
-57.3501878657464,-15.5244678365465
-57.2826878657464,-15.6413812115465
-57.1476878657464,-15.6413812115465
-57.0936878657464,-15.5010851615465
-57.1071878657464,-15.4777024865465
-57.1206878657464,-15.4543198115465
-57.1341878657464,-15.4309371365465
-57.1746878657464,-15.4075544615465
-57.2016878657464,-15.4075544615465
-57.2286878657464,-15.4075544615465
-57.2556878657464,-15.4075544615465
-57.2961878657464,-15.4309371365465
-57.3096878657464,-15.4543198115465
-57.3231878657464,-15.4777024865465
-57.3366878657464,-15.5010851615465
-57.3366878657464,-15.5478505115465
-57.3231878657464,-15.5712331865465
-57.3096878657464,-15.5946158615465
-57.2961878657464,-15.6179985365465
-57.2556878657464,-15.6413812115465
-57.2286878657464,-15.6413812115465
-57.2016878657464,-15.6413812115465
-57.1746878657464,-15.6413812115465
-57.1341878657464,-15.6179985365465
-57.1206878657464,-15.5946158615465
-57.1071878657464,-15.5712331865465
-57.0936878657464,-15.5478505115465
-57.0531878657464,-15.5244678365465
-57.1341878657464,-15.3841717865465
-57.2961878657464,-15.3841717865465
-57.2961878657464,-15.6647638865465
-57.1341878657464,-15.6647638865465
-57.0666878657464,-15.5010851615465
-57.0801878657464,-15.4777024865465
-57.0936878657464,-15.4543198115465
-57.1071878657464,-15.4309371365465
-57.1206878657464,-15.4075544615465
-57.1611878657464,-15.3841717865465
-57.1881878657464,-15.3841717865465
-57.2151878657464,-15.3841717865465
-57.2421878657464,-15.3841717865465
-57.2691878657464,-15.3841717865465
-57.3636878657464,-15.5010851615465
-57.3636878657464,-15.5478505115465
-57.3501878657464,-15.5712331865465
-57.3366878657464,-15.5946158615465
-57.3231878657464,-15.6179985365465
-57.3096878657464,-15.6413812115465
-57.2691878657464,-15.6647638865465
-57.2421878657464,-15.6647638865465
-57.2151878657464,-15.6647638865465
-57.1881878657464,-15.6647638865465
-57.1611878657464,-15.6647638865465
-57.1071878657464,-15.6179985365465
-57.0936878657464,-15.5946158615465
-57.0666878657464,-15.5478505115465
-57.1206878657464,-15.3607891115465
-57.3096878657464,-15.6881465615465
-57.0396878657464,-15.5010851615465
-57.0531878657464,-15.4777024865465
-57.0666878657464,-15.4543198115465
-57.0801878657464,-15.4309371365465
-57.0936878657464,-15.4075544615465
-57.1071878657464,-15.3841717865465
-57.1476878657464,-15.3607891115465
-57.1746878657464,-15.3607891115465
-57.2016878657464,-15.3607891115465
-57.2286878657464,-15.3607891115465
-57.2556878657464,-15.3607891115465
-57.2826878657464,-15.3607891115465
-57.3906878657464,-15.5478505115465
-57.3771878657464,-15.5712331865465
-57.3636878657464,-15.5946158615465
-57.3501878657464,-15.6179985365465
-57.3366878657464,-15.6413812115465
-57.3231878657464,-15.6647638865465
-57.2826878657464,-15.6881465615465
-57.2556878657464,-15.6881465615465
-57.2286878657464,-15.6881465615465
-57.2016878657464,-15.6881465615465
-57.1746878657464,-15.6881465615465
-57.1476878657464,-15.6881465615465
-57.1071878657464,-15.3374064365465
-57.3231878657464,-15.7115292365465
-57.0261878657464,-15.4777024865465
-57.0396878657464,-15.4543198115465
-57.0531878657464,-15.4309371365465
-57.0666878657464,-15.4075544615465
-57.0801878657464,-15.3841717865465
-57.0936878657464,-15.3607891115465
-57.1341878657464,-15.3374064365465
-57.1611878657464,-15.3374064365465
-57.1881878657464,-15.3374064365465
-57.2151878657464,-15.3374064365465
-57.2421878657464,-15.3374064365465
-57.2961878657464,-15.3374064365465
-57.4176878657464,-15.5478505115465
-57.4041878657464,-15.5712331865465
-57.3906878657464,-15.5946158615465
-57.3771878657464,-15.6179985365465
-57.3636878657464,-15.6413812115465
-57.3501878657464,-15.6647638865465
-57.3366878657464,-15.6881465615465
-57.2961878657464,-15.7115292365465
-57.2691878657464,-15.7115292365465
-57.2421878657464,-15.7115292365465
-57.2151878657464,-15.7115292365465
-57.1881878657464,-15.7115292365465
-57.1611878657464,-15.7115292365465
-57.0936878657464,-15.3140237615465
-57.3366878657464,-15.7349119115465
-57.0126878657464,-15.4543198115465
-57.0261878657464,-15.4309371365465
-57.0396878657464,-15.4075544615465
-57.0531878657464,-15.3841717865465
-57.0666878657464,-15.3607891115465
-57.0801878657464,-15.3374064365465
-57.1206878657464,-15.3140237615465
-57.1476878657464,-15.3140237615465
-57.1746878657464,-15.3140237615465
-57.2016878657464,-15.3140237615465
-57.2286878657464,-15.3140237615465
-57.4311878657464,-15.5712331865465
-57.4176878657464,-15.5946158615465
-57.4041878657464,-15.6179985365465
-57.3906878657464,-15.6413812115465
-57.3771878657464,-15.6647638865465
-57.3636878657464,-15.6881465615465
-57.3501878657464,-15.7115292365465
-57.3096878657464,-15.7349119115465
-57.2826878657464,-15.7349119115465
-57.2556878657464,-15.7349119115465
-57.2286878657464,-15.7349119115465
-57.2016878657464,-15.7349119115465
-57.1746878657464,-15.7349119115465
-57.0801878657464,-15.2906410865465
-56.9856878657464,-15.4543198115465
-56.9991878657464,-15.4309371365465
-57.0126878657464,-15.4075544615465
-57.0261878657464,-15.3841717865465
-57.0396878657464,-15.3607891115465
-57.0531878657464,-15.3374064365465
-57.0666878657464,-15.3140237615465
-57.1071878657464,-15.2906410865465
-57.1341878657464,-15.2906410865465
-57.1611878657464,-15.2906410865465
-57.1881878657464,-15.2906410865465
-57.2151878657464,-15.2906410865465
-57.2421878657464,-15.2906410865465
-57.4311878657464,-15.6179985365465
-57.4176878657464,-15.6413812115465
-57.4041878657464,-15.6647638865465
-57.3906878657464,-15.6881465615465
-57.3771878657464,-15.7115292365465
-57.2961878657464,-15.7582945865465
-57.2691878657464,-15.7582945865465
-57.2421878657464,-15.7582945865465
-57.2151878657464,-15.7582945865465
-57.1881878657464,-15.7582945865465
-57.0666878657464,-15.2672584115465
-56.9586878657464,-15.4543198115465
-56.9991878657464,-15.3841717865465
-57.0126878657464,-15.3607891115465
-57.0261878657464,-15.3374064365465
-57.0396878657464,-15.3140237615465
-57.0531878657464,-15.2906410865465
-57.0936878657464,-15.2672584115465
-57.1206878657464,-15.2672584115465
-57.1476878657464,-15.2672584115465
-57.1746878657464,-15.2672584115465
-57.2016878657464,-15.2672584115465
-57.4581878657464,-15.6179985365465
-57.4446878657464,-15.6413812115465
-57.4311878657464,-15.6647638865465
-57.4176878657464,-15.6881465615465
-57.4041878657464,-15.7115292365465
-57.2826878657464,-15.7816772615465
-57.2556878657464,-15.7816772615465
-57.2286878657464,-15.7816772615465
-57.2016878657464,-15.7816772615465
-57.1746878657464,-15.7816772615465
-56.9856878657464,-15.3607891115465
-57.0126878657464,-15.3140237615465
-57.0261878657464,-15.2906410865465
-57.0396878657464,-15.2672584115465
-57.1341878657464,-15.2438757365465
-57.4716878657464,-15.6413812115465
-57.4581878657464,-15.6647638865465
-57.4446878657464,-15.6881465615465
-57.4311878657464,-15.7115292365465
-57.4176878657464,-15.7349119115465
-57.2961878657464,-15.8050599365465
-57.2691878657464,-15.8050599365465
-57.2151878657464,-15.8050599365465
-57.1881878657464,-15.8050599365465
-56.9991878657464,-15.2906410865465
-57.0126878657464,-15.2672584115465
-57.0261878657464,-15.2438757365465
-57.4851878657464,-15.6647638865465
-57.4716878657464,-15.6881465615465
-57.4581878657464,-15.7115292365465
-57.4446878657464,-15.7349119115465
-57.2826878657464,-15.8284426115465
-56.9721878657464,-15.2906410865465
-56.9856878657464,-15.2672584115465
-56.9991878657464,-15.2438757365465
-57.0126878657464,-15.2204930615465
-57.4986878657464,-15.6881465615465
-57.4851878657464,-15.7115292365465
-57.4716878657464,-15.7349119115465
-56.9721878657464,-15.2438757365465
-57.4986878657464,-15.7349119115465
