-51.8236115946822,-11.2006402230268
-51.7966115946822,-11.2006402230268
-51.8101115946822,-11.1772575480268
-51.8371115946822,-11.1772575480268
-51.8506115946822,-11.2006402230268
-51.8371115946822,-11.2240228980268
-51.8101115946822,-11.2240228980268
-51.7696115946822,-11.2006402230268
-51.7966115946822,-11.1538748730268
-51.8506115946822,-11.1538748730268
-51.8776115946822,-11.2006402230268
-51.8506115946822,-11.2474055730268
-51.7966115946822,-11.2474055730268
-51.7831115946822,-11.1772575480268
-51.8236115946822,-11.1538748730268
-51.8641115946822,-11.1772575480268
-51.8641115946822,-11.2240228980268
-51.8236115946822,-11.2474055730268
-51.7831115946822,-11.2240228980268
-51.7426115946822,-11.2006402230268
-51.7831115946822,-11.1304921980268
-51.8641115946822,-11.1304921980268
-51.9046115946822,-11.2006402230268
-51.8641115946822,-11.2707882480268
-51.7831115946822,-11.2707882480268
-51.7561115946822,-11.1772575480268
-51.7696115946822,-11.1538748730268
-51.8101115946822,-11.1304921980268
-51.8371115946822,-11.1304921980268
-51.8776115946822,-11.1538748730268
-51.8911115946822,-11.1772575480268
-51.8911115946822,-11.2240228980268
-51.8776115946822,-11.2474055730268
-51.8371115946822,-11.2707882480268
-51.8101115946822,-11.2707882480268
-51.7696115946822,-11.2474055730268
-51.7561115946822,-11.2240228980268
-51.7156115946822,-11.2006402230268
-51.7696115946822,-11.1071095230268
-51.8776115946822,-11.1071095230268
-51.9316115946822,-11.2006402230268
-51.8776115946822,-11.2941709230268
-51.7696115946822,-11.2941709230268
-51.7291115946822,-11.1772575480268
-51.7426115946822,-11.1538748730268
-51.7561115946822,-11.1304921980268
-51.7966115946822,-11.1071095230268
-51.8236115946822,-11.1071095230268
-51.8506115946822,-11.1071095230268
-51.8911115946822,-11.1304921980268
-51.9046115946822,-11.1538748730268
-51.9181115946822,-11.1772575480268
-51.9181115946822,-11.2240228980268
-51.9046115946822,-11.2474055730268
-51.8911115946822,-11.2707882480268
-51.8506115946822,-11.2941709230268
-51.8236115946822,-11.2941709230268
-51.7966115946822,-11.2941709230268
-51.7561115946822,-11.2707882480268
-51.7426115946822,-11.2474055730268
-51.7291115946822,-11.2240228980268
-51.6886115946822,-11.2006402230268
-51.7561115946822,-11.0837268480268
-51.8911115946822,-11.0837268480268
-51.9586115946822,-11.2006402230268
-51.8911115946822,-11.3175535980268
-51.7561115946822,-11.3175535980268
-51.7021115946822,-11.1772575480268
-51.7156115946822,-11.1538748730268
-51.7291115946822,-11.1304921980268
-51.7426115946822,-11.1071095230268
-51.7831115946822,-11.0837268480268
-51.8101115946822,-11.0837268480268
-51.8371115946822,-11.0837268480268
-51.8641115946822,-11.0837268480268
-51.9046115946822,-11.1071095230268
-51.9181115946822,-11.1304921980268
-51.9316115946822,-11.1538748730268
-51.9451115946822,-11.1772575480268
-51.9451115946822,-11.2240228980268
-51.9316115946822,-11.2474055730268
-51.9181115946822,-11.2707882480268
-51.9046115946822,-11.2941709230268
-51.8641115946822,-11.3175535980268
-51.8371115946822,-11.3175535980268
-51.8101115946822,-11.3175535980268
-51.7831115946822,-11.3175535980268
-51.7426115946822,-11.2941709230268
-51.7291115946822,-11.2707882480268
-51.7156115946822,-11.2474055730268
-51.7021115946822,-11.2240228980268
-51.6616115946822,-11.2006402230268
-51.7426115946822,-11.0603441730268
-51.9046115946822,-11.0603441730268
-51.9856115946822,-11.2006402230268
-51.9046115946822,-11.3409362730268
-51.7426115946822,-11.3409362730268
-51.6751115946822,-11.1772575480268
-51.6886115946822,-11.1538748730268
-51.7021115946822,-11.1304921980268
-51.7156115946822,-11.1071095230268
-51.7291115946822,-11.0837268480268
-51.7696115946822,-11.0603441730268
-51.7966115946822,-11.0603441730268
-51.8236115946822,-11.0603441730268
-51.8506115946822,-11.0603441730268
-51.8776115946822,-11.0603441730268
-51.9181115946822,-11.0837268480268
-51.9316115946822,-11.1071095230268
-51.9451115946822,-11.1304921980268
-51.9586115946822,-11.1538748730268
-51.9721115946822,-11.1772575480268
-51.9721115946822,-11.2240228980268
-51.9586115946822,-11.2474055730268
-51.9451115946822,-11.2707882480268
-51.9316115946822,-11.2941709230268
-51.9181115946822,-11.3175535980268
-51.8776115946822,-11.3409362730268
-51.8506115946822,-11.3409362730268
-51.8236115946822,-11.3409362730268
-51.7966115946822,-11.3409362730268
-51.7696115946822,-11.3409362730268
-51.7291115946822,-11.3175535980268
-51.7156115946822,-11.2941709230268
-51.7021115946822,-11.2707882480268
-51.6886115946822,-11.2474055730268
-51.6751115946822,-11.2240228980268
-51.6346115946822,-11.2006402230268
-51.7291115946822,-11.0369614980268
-51.9181115946822,-11.0369614980268
-52.0126115946822,-11.2006402230268
-51.9181115946822,-11.3643189480268
-51.7291115946822,-11.3643189480268
-51.6481115946822,-11.1772575480268
-51.6616115946822,-11.1538748730268
-51.6751115946822,-11.1304921980268
-51.6886115946822,-11.1071095230268
-51.7021115946822,-11.0837268480268
-51.7156115946822,-11.0603441730268
-51.7561115946822,-11.0369614980268
-51.7831115946822,-11.0369614980268
-51.8101115946822,-11.0369614980268
-51.8371115946822,-11.0369614980268
-51.8641115946822,-11.0369614980268
-51.8911115946822,-11.0369614980268
-51.9316115946822,-11.0603441730268
-51.9451115946822,-11.0837268480268
-51.9586115946822,-11.1071095230268
-51.9721115946822,-11.1304921980268
-51.9856115946822,-11.1538748730268
-51.9991115946822,-11.1772575480268
-51.9991115946822,-11.2240228980268
-51.9856115946822,-11.2474055730268
-51.9721115946822,-11.2707882480268
-51.9586115946822,-11.2941709230268
-51.9451115946822,-11.3175535980268
-51.9316115946822,-11.3409362730268
-51.8911115946822,-11.3643189480268
-51.8641115946822,-11.3643189480268
-51.8371115946822,-11.3643189480268
-51.8101115946822,-11.3643189480268
-51.7831115946822,-11.3643189480268
-51.7561115946822,-11.3643189480268
-51.7156115946822,-11.3409362730268
-51.7021115946822,-11.3175535980268
-51.6886115946822,-11.2941709230268
-51.6751115946822,-11.2707882480268
-51.6616115946822,-11.2474055730268
-51.6481115946822,-11.2240228980268
-51.6076115946822,-11.2006402230268
-51.7156115946822,-11.0135788230268
-51.9316115946822,-11.0135788230268
-52.0396115946822,-11.2006402230268
-51.9316115946822,-11.3877016230268
-51.7156115946822,-11.3877016230268
-51.6211115946822,-11.1772575480268
-51.6346115946822,-11.1538748730268
-51.6481115946822,-11.1304921980268
-51.6616115946822,-11.1071095230268
-51.6751115946822,-11.0837268480268
-51.6886115946822,-11.0603441730268
-51.7021115946822,-11.0369614980268
-51.7426115946822,-11.0135788230268
-51.7696115946822,-11.0135788230268
-51.7966115946822,-11.0135788230268
-51.8236115946822,-11.0135788230268
-51.8506115946822,-11.0135788230268
-51.8776115946822,-11.0135788230268
-51.9046115946822,-11.0135788230268
-51.9451115946822,-11.0369614980268
-51.9586115946822,-11.0603441730268
-51.9721115946822,-11.0837268480268
-51.9856115946822,-11.1071095230268
-51.9991115946822,-11.1304921980268
-52.0126115946822,-11.1538748730268
-52.0261115946822,-11.1772575480268
-52.0261115946822,-11.2240228980268
-52.0126115946822,-11.2474055730268
-51.9991115946822,-11.2707882480268
-51.9856115946822,-11.2941709230268
-51.9721115946822,-11.3175535980268
-51.9586115946822,-11.3409362730268
-51.9451115946822,-11.3643189480268
-51.9046115946822,-11.3877016230268
-51.8776115946822,-11.3877016230268
-51.8506115946822,-11.3877016230268
-51.8236115946822,-11.3877016230268
-51.7966115946822,-11.3877016230268
-51.7696115946822,-11.3877016230268
-51.7426115946822,-11.3877016230268
-51.7021115946822,-11.3643189480268
-51.6886115946822,-11.3409362730268
-51.6751115946822,-11.3175535980268
-51.6616115946822,-11.2941709230268
-51.6481115946822,-11.2707882480268
-51.6346115946822,-11.2474055730268
-51.6211115946822,-11.2240228980268
-51.5806115946822,-11.2006402230268
-51.7021115946822,-10.9901961480268
-52.0666115946822,-11.2006402230268
-51.9451115946822,-11.4110842980268
-51.7021115946822,-11.4110842980268
-51.5941115946822,-11.1772575480268
-51.6076115946822,-11.1538748730268
-51.6211115946822,-11.1304921980268
-51.6346115946822,-11.1071095230268
-51.6481115946822,-11.0837268480268
-51.6616115946822,-11.0603441730268
-51.6751115946822,-11.0369614980268
-51.6886115946822,-11.0135788230268
-51.7291115946822,-10.9901961480268
-51.7561115946822,-10.9901961480268
-51.7831115946822,-10.9901961480268
-51.8101115946822,-10.9901961480268
-51.8371115946822,-10.9901961480268
-51.8641115946822,-10.9901961480268
-51.8911115946822,-10.9901961480268
-51.9181115946822,-10.9901961480268
-51.9586115946822,-11.0135788230268
-51.9721115946822,-11.0369614980268
-51.9856115946822,-11.0603441730268
-51.9991115946822,-11.0837268480268
-52.0126115946822,-11.1071095230268
-52.0261115946822,-11.1304921980268
-52.0396115946822,-11.1538748730268
-52.0531115946822,-11.1772575480268
-52.0531115946822,-11.2240228980268
-52.0396115946822,-11.2474055730268
-52.0261115946822,-11.2707882480268
-52.0126115946822,-11.2941709230268
-51.9991115946822,-11.3175535980268
-51.9856115946822,-11.3409362730268
-51.9721115946822,-11.3643189480268
-51.9586115946822,-11.3877016230268
-51.9181115946822,-11.4110842980268
-51.8911115946822,-11.4110842980268
-51.8641115946822,-11.4110842980268
-51.8371115946822,-11.4110842980268
-51.8101115946822,-11.4110842980268
-51.7831115946822,-11.4110842980268
-51.7561115946822,-11.4110842980268
-51.7291115946822,-11.4110842980268
-51.6886115946822,-11.3877016230268
-51.6751115946822,-11.3643189480268
-51.6616115946822,-11.3409362730268
-51.6481115946822,-11.3175535980268
-51.6346115946822,-11.2941709230268
-51.6211115946822,-11.2707882480268
-51.6076115946822,-11.2474055730268
-51.5941115946822,-11.2240228980268
-51.5536115946822,-11.2006402230268
-52.0936115946822,-11.2006402230268
-51.9586115946822,-11.4344669730268
-51.6886115946822,-11.4344669730268
-51.5671115946822,-11.1772575480268
-51.5806115946822,-11.1538748730268
-51.5941115946822,-11.1304921980268
-51.6076115946822,-11.1071095230268
-51.6211115946822,-11.0837268480268
-51.6346115946822,-11.0603441730268
-51.6481115946822,-11.0369614980268
-51.6616115946822,-11.0135788230268
-51.6751115946822,-10.9901961480268
-51.7156115946822,-10.9668134730268
-51.7426115946822,-10.9668134730268
-51.7696115946822,-10.9668134730268
-51.7966115946822,-10.9668134730268
-51.8236115946822,-10.9668134730268
-51.8506115946822,-10.9668134730268
-51.8776115946822,-10.9668134730268
-51.9991115946822,-11.0369614980268
-52.0126115946822,-11.0603441730268
-52.0261115946822,-11.0837268480268
-52.0396115946822,-11.1071095230268
-52.0531115946822,-11.1304921980268
-52.0666115946822,-11.1538748730268
-52.0801115946822,-11.1772575480268
-52.0801115946822,-11.2240228980268
-52.0666115946822,-11.2474055730268
-52.0531115946822,-11.2707882480268
-52.0261115946822,-11.3175535980268
-52.0126115946822,-11.3409362730268
-51.9991115946822,-11.3643189480268
-51.9856115946822,-11.3877016230268
-51.9721115946822,-11.4110842980268
-51.9316115946822,-11.4344669730268
-51.9046115946822,-11.4344669730268
-51.8776115946822,-11.4344669730268
-51.8506115946822,-11.4344669730268
-51.8236115946822,-11.4344669730268
-51.7966115946822,-11.4344669730268
-51.7696115946822,-11.4344669730268
-51.7426115946822,-11.4344669730268
-51.7156115946822,-11.4344669730268
-51.6751115946822,-11.4110842980268
-51.6616115946822,-11.3877016230268
-51.6481115946822,-11.3643189480268
-51.6346115946822,-11.3409362730268
-51.6211115946822,-11.3175535980268
-51.6076115946822,-11.2941709230268
-51.5941115946822,-11.2707882480268
-51.5806115946822,-11.2474055730268
-51.5671115946822,-11.2240228980268
-51.5266115946822,-11.2006402230268
-51.9721115946822,-11.4578496480268
-51.6751115946822,-11.4578496480268
-51.5401115946822,-11.1772575480268
-51.5536115946822,-11.1538748730268
-51.5671115946822,-11.1304921980268
-51.5806115946822,-11.1071095230268
-51.5941115946822,-11.0837268480268
-51.6076115946822,-11.0603441730268
-51.6211115946822,-11.0369614980268
-51.6346115946822,-11.0135788230268
-51.7561115946822,-10.9434307980268
-51.7831115946822,-10.9434307980268
-52.0261115946822,-11.0369614980268
-52.0396115946822,-11.0603441730268
-52.0531115946822,-11.0837268480268
-52.0666115946822,-11.1071095230268
-52.0801115946822,-11.1304921980268
-52.0936115946822,-11.1538748730268
-52.1071115946822,-11.1772575480268
-52.1071115946822,-11.2240228980268
-52.0936115946822,-11.2474055730268
-52.0261115946822,-11.3643189480268
-52.0126115946822,-11.3877016230268
-51.9991115946822,-11.4110842980268
-51.9856115946822,-11.4344669730268
-51.9451115946822,-11.4578496480268
-51.9181115946822,-11.4578496480268
-51.8911115946822,-11.4578496480268
-51.8641115946822,-11.4578496480268
-51.8371115946822,-11.4578496480268
-51.8101115946822,-11.4578496480268
-51.7831115946822,-11.4578496480268
-51.7561115946822,-11.4578496480268
-51.7291115946822,-11.4578496480268
-51.7021115946822,-11.4578496480268
-51.6616115946822,-11.4344669730268
-51.6481115946822,-11.4110842980268
-51.6076115946822,-11.3409362730268
-51.5941115946822,-11.3175535980268
-51.5806115946822,-11.2941709230268
-51.5671115946822,-11.2707882480268
-51.5536115946822,-11.2474055730268
-51.5401115946822,-11.2240228980268
-51.4996115946822,-11.2006402230268
-51.5266115946822,-11.1538748730268
-51.5401115946822,-11.1304921980268
-51.5536115946822,-11.1071095230268
-51.5671115946822,-11.0837268480268
-51.5806115946822,-11.0603441730268
-51.5941115946822,-11.0369614980268
-51.6076115946822,-11.0135788230268
-52.0396115946822,-11.0135788230268
-52.0531115946822,-11.0369614980268
-52.0666115946822,-11.0603441730268
-52.0801115946822,-11.0837268480268
-52.0936115946822,-11.1071095230268
-52.1071115946822,-11.1304921980268
-51.9586115946822,-11.4812323230268
-51.9316115946822,-11.4812323230268
-51.9046115946822,-11.4812323230268
-51.8776115946822,-11.4812323230268
-51.8506115946822,-11.4812323230268
-51.8236115946822,-11.4812323230268
-51.7966115946822,-11.4812323230268
-51.7696115946822,-11.4812323230268
-51.7426115946822,-11.4812323230268
-51.5806115946822,-11.3409362730268
-51.5671115946822,-11.3175535980268
-51.5536115946822,-11.2941709230268
-51.5401115946822,-11.2707882480268
-51.5266115946822,-11.2474055730268
-51.5131115946822,-11.2240228980268
-51.5131115946822,-11.1304921980268
-51.5266115946822,-11.1071095230268
-51.5401115946822,-11.0837268480268
-51.5536115946822,-11.0603441730268
-51.5671115946822,-11.0369614980268
-51.5806115946822,-11.0135788230268
-52.0666115946822,-11.0135788230268
-52.0801115946822,-11.0369614980268
-52.0936115946822,-11.0603441730268
-52.1071115946822,-11.0837268480268
-52.1206115946822,-11.1071095230268
-52.1341115946822,-11.1304921980268
-51.9181115946822,-11.5046149980268
-51.8911115946822,-11.5046149980268
-51.8641115946822,-11.5046149980268
-51.8371115946822,-11.5046149980268
-51.8101115946822,-11.5046149980268
-51.7831115946822,-11.5046149980268
-51.4996115946822,-11.2474055730268
-51.4861115946821,-11.2240228980268
-51.4996115946822,-11.1071095230268
-51.5131115946822,-11.0837268480268
-51.5266115946822,-11.0603441730268
-51.5401115946822,-11.0369614980268
-52.0936115946822,-11.0135788230268
-52.1071115946822,-11.0369614980268
-52.1206115946822,-11.0603441730268
-52.1341115946822,-11.0837268480268
-52.1476115946822,-11.1071095230268
-51.4861115946821,-11.0837268480268
-51.4996115946822,-11.0603441730268
-51.5131115946822,-11.0369614980268
-52.1206115946822,-11.0135788230268
-52.1341115946822,-11.0369614980268
-52.1476115946822,-11.0603441730268
-52.1611115946822,-11.0837268480268
-51.4726115946821,-11.0603441730268
-52.1341115946822,-10.9901961480268
-52.1476115946822,-11.0135788230268
-52.1611115946822,-11.0369614980268
-52.1746115946822,-11.0603441730268
-52.1881115946822,-11.0837268480268
-51.4456115946821,-11.0603441730268
-51.4591115946821,-11.0369614980268
-52.1611115946822,-10.9901961480268
-52.1746115946822,-11.0135788230268
-52.1881115946822,-11.0369614980268
-52.2016115946822,-11.0603441730268
-51.4321115946821,-11.0369614980268
-52.1746115946822,-10.9668134730268
-52.1881115946822,-10.9901961480268
-52.2016115946822,-11.0135788230268
-52.2151115946822,-11.0369614980268
-51.4051115946821,-11.0369614980268
-52.1881115946822,-10.9434307980268
-52.2016115946822,-10.9668134730268
-52.2151115946822,-10.9901961480268
