-53.4687210125048,-17.4456264302099
-53.4417210125048,-17.4456264302099
-53.4552210125048,-17.4222437552099
-53.4822210125048,-17.4222437552099
-53.4957210125048,-17.4456264302099
-53.4822210125048,-17.4690091052099
-53.4552210125048,-17.4690091052099
-53.4147210125048,-17.4456264302099
-53.4417210125048,-17.3988610802099
-53.4957210125048,-17.3988610802099
-53.5227210125048,-17.4456264302099
-53.4957210125048,-17.4923917802099
-53.4417210125048,-17.4923917802099
-53.4282210125048,-17.4222437552099
-53.4687210125048,-17.3988610802099
-53.5092210125048,-17.4222437552099
-53.5092210125048,-17.4690091052099
-53.4687210125048,-17.4923917802099
-53.4282210125048,-17.4690091052099
-53.3877210125048,-17.4456264302099
-53.4282210125048,-17.3754784052099
-53.5092210125048,-17.3754784052099
-53.5497210125048,-17.4456264302099
-53.5092210125048,-17.5157744552099
-53.4282210125048,-17.5157744552099
-53.4012210125048,-17.4222437552099
-53.4147210125048,-17.3988610802099
-53.4552210125048,-17.3754784052099
-53.4822210125048,-17.3754784052099
-53.5227210125048,-17.3988610802099
-53.5362210125048,-17.4222437552099
-53.5362210125048,-17.4690091052099
-53.5227210125048,-17.4923917802099
-53.4822210125048,-17.5157744552099
-53.4552210125048,-17.5157744552099
-53.4147210125048,-17.4923917802099
-53.4012210125048,-17.4690091052099
-53.3607210125048,-17.4456264302099
-53.4147210125048,-17.3520957302099
-53.5227210125048,-17.3520957302099
-53.5767210125048,-17.4456264302099
-53.5227210125048,-17.5391571302099
-53.4147210125048,-17.5391571302099
-53.3742210125048,-17.4222437552099
-53.3877210125048,-17.3988610802099
-53.4012210125048,-17.3754784052099
-53.4417210125048,-17.3520957302099
-53.4687210125048,-17.3520957302099
-53.4957210125048,-17.3520957302099
-53.5362210125048,-17.3754784052099
-53.5497210125048,-17.3988610802099
-53.5632210125048,-17.4222437552099
-53.5632210125048,-17.4690091052099
-53.5497210125048,-17.4923917802099
-53.5362210125048,-17.5157744552099
-53.4957210125048,-17.5391571302099
-53.4687210125048,-17.5391571302099
-53.4417210125048,-17.5391571302099
-53.4012210125048,-17.5157744552099
-53.3877210125048,-17.4923917802099
-53.3742210125048,-17.4690091052099
-53.3337210125048,-17.4456264302099
-53.4012210125048,-17.3287130552099
-53.5362210125048,-17.3287130552099
-53.6037210125048,-17.4456264302099
-53.5362210125048,-17.5625398052099
-53.4012210125048,-17.5625398052099
-53.3472210125048,-17.4222437552099
-53.3607210125048,-17.3988610802099
-53.3742210125048,-17.3754784052099
-53.3877210125048,-17.3520957302099
-53.4282210125048,-17.3287130552099
-53.4552210125048,-17.3287130552099
-53.4822210125048,-17.3287130552099
-53.5092210125048,-17.3287130552099
-53.5497210125048,-17.3520957302099
-53.5632210125048,-17.3754784052099
-53.5767210125048,-17.3988610802099
-53.5902210125048,-17.4222437552099
-53.5902210125048,-17.4690091052099
-53.5767210125048,-17.4923917802099
-53.5632210125048,-17.5157744552099
-53.5497210125048,-17.5391571302099
-53.5092210125048,-17.5625398052099
-53.4822210125048,-17.5625398052099
-53.4552210125048,-17.5625398052099
-53.4282210125048,-17.5625398052099
-53.3877210125048,-17.5391571302099
-53.3742210125048,-17.5157744552099
-53.3607210125048,-17.4923917802099
-53.3472210125048,-17.4690091052099
-53.3067210125048,-17.4456264302099
-53.3877210125048,-17.3053303802099
-53.5497210125048,-17.3053303802099
-53.6307210125048,-17.4456264302099
-53.5497210125048,-17.5859224802099
-53.3877210125048,-17.5859224802099
-53.3202210125048,-17.4222437552099
-53.3337210125048,-17.3988610802099
-53.3472210125048,-17.3754784052099
-53.3607210125048,-17.3520957302099
-53.3742210125048,-17.3287130552099
-53.4147210125048,-17.3053303802099
-53.4417210125048,-17.3053303802099
-53.4687210125048,-17.3053303802099
-53.4957210125048,-17.3053303802099
-53.5227210125048,-17.3053303802099
-53.5632210125048,-17.3287130552099
-53.5767210125048,-17.3520957302099
-53.5902210125048,-17.3754784052099
-53.6037210125048,-17.3988610802099
-53.6172210125048,-17.4222437552099
-53.6172210125048,-17.4690091052099
-53.6037210125048,-17.4923917802099
-53.5902210125048,-17.5157744552099
-53.5767210125048,-17.5391571302099
-53.5632210125048,-17.5625398052099
-53.5227210125048,-17.5859224802099
-53.4957210125048,-17.5859224802099
-53.4687210125048,-17.5859224802099
-53.4417210125048,-17.5859224802099
-53.4147210125048,-17.5859224802099
-53.3742210125048,-17.5625398052099
-53.3607210125048,-17.5391571302099
-53.3472210125048,-17.5157744552099
-53.3337210125048,-17.4923917802099
-53.3202210125048,-17.4690091052099
-53.2797210125048,-17.4456264302099
-53.3742210125048,-17.2819477052099
-53.5632210125048,-17.2819477052099
-53.6577210125048,-17.4456264302099
-53.5632210125048,-17.6093051552099
-53.3742210125048,-17.6093051552099
-53.2932210125048,-17.4222437552099
-53.3067210125048,-17.3988610802099
-53.3202210125048,-17.3754784052099
-53.3337210125048,-17.3520957302099
-53.3472210125048,-17.3287130552099
-53.3607210125048,-17.3053303802099
-53.4012210125048,-17.2819477052099
-53.4282210125048,-17.2819477052099
-53.4552210125048,-17.2819477052099
-53.4822210125048,-17.2819477052099
-53.5092210125048,-17.2819477052099
-53.5362210125048,-17.2819477052099
-53.5767210125048,-17.3053303802099
-53.5902210125048,-17.3287130552099
-53.6037210125048,-17.3520957302099
-53.6172210125048,-17.3754784052099
-53.6307210125048,-17.3988610802099
-53.6442210125048,-17.4222437552099
-53.6442210125048,-17.4690091052099
-53.6307210125048,-17.4923917802099
-53.6172210125048,-17.5157744552099
-53.6037210125048,-17.5391571302099
-53.5902210125048,-17.5625398052099
-53.5767210125048,-17.5859224802099
-53.5362210125048,-17.6093051552099
-53.5092210125048,-17.6093051552099
-53.4822210125048,-17.6093051552099
-53.4552210125048,-17.6093051552099
-53.4282210125048,-17.6093051552099
-53.4012210125048,-17.6093051552099
-53.3607210125048,-17.5859224802099
-53.3472210125048,-17.5625398052099
-53.3337210125048,-17.5391571302099
-53.3202210125048,-17.5157744552099
-53.3067210125048,-17.4923917802099
-53.2932210125048,-17.4690091052099
-53.2527210125048,-17.4456264302099
-53.3607210125048,-17.2585650302099
-53.5767210125048,-17.2585650302099
-53.6847210125048,-17.4456264302099
-53.5767210125048,-17.6326878302099
-53.3607210125048,-17.6326878302099
-53.2662210125048,-17.4222437552099
-53.2797210125048,-17.3988610802099
-53.2932210125048,-17.3754784052099
-53.3067210125048,-17.3520957302099
-53.3202210125048,-17.3287130552099
-53.3337210125048,-17.3053303802099
-53.3472210125048,-17.2819477052099
-53.3877210125048,-17.2585650302099
-53.4147210125048,-17.2585650302099
-53.4417210125048,-17.2585650302099
-53.4687210125048,-17.2585650302099
-53.4957210125048,-17.2585650302099
-53.5227210125048,-17.2585650302099
-53.5497210125048,-17.2585650302099
-53.5902210125048,-17.2819477052099
-53.6037210125048,-17.3053303802099
-53.6172210125048,-17.3287130552099
-53.6307210125048,-17.3520957302099
-53.6442210125048,-17.3754784052099
-53.6577210125048,-17.3988610802099
-53.6712210125048,-17.4222437552099
-53.6712210125048,-17.4690091052099
-53.6577210125048,-17.4923917802099
-53.6442210125048,-17.5157744552099
-53.6307210125048,-17.5391571302099
-53.6172210125048,-17.5625398052099
-53.6037210125048,-17.5859224802099
-53.5902210125048,-17.6093051552099
-53.5497210125048,-17.6326878302099
-53.5227210125048,-17.6326878302099
-53.4957210125048,-17.6326878302099
-53.4687210125048,-17.6326878302099
-53.4417210125048,-17.6326878302099
-53.4147210125048,-17.6326878302099
-53.3877210125048,-17.6326878302099
-53.3202210125048,-17.5625398052099
-53.3067210125048,-17.5391571302099
-53.2932210125048,-17.5157744552099
-53.2797210125048,-17.4923917802099
-53.2662210125048,-17.4690091052099
-53.3472210125048,-17.2351823552099
-53.5902210125048,-17.2351823552099
-53.5902210125048,-17.6560705052099
-53.2392210125048,-17.4222437552099
-53.2527210125048,-17.3988610802099
-53.2662210125048,-17.3754784052099
-53.2797210125048,-17.3520957302099
-53.2932210125048,-17.3287130552099
-53.3067210125048,-17.3053303802099
-53.3202210125048,-17.2819477052099
-53.3337210125048,-17.2585650302099
-53.3742210125048,-17.2351823552099
-53.4012210125048,-17.2351823552099
-53.4282210125048,-17.2351823552099
-53.4552210125048,-17.2351823552099
-53.4822210125048,-17.2351823552099
-53.5092210125048,-17.2351823552099
-53.5362210125048,-17.2351823552099
-53.5632210125048,-17.2351823552099
-53.6037210125048,-17.2585650302099
-53.6172210125048,-17.2819477052099
-53.6307210125048,-17.3053303802099
-53.6442210125048,-17.3287130552099
-53.6577210125048,-17.3520957302099
-53.6712210125048,-17.3754784052099
-53.6847210125048,-17.3988610802099
-53.6847210125048,-17.4923917802099
-53.6712210125048,-17.5157744552099
-53.6577210125048,-17.5391571302099
-53.6442210125048,-17.5625398052099
-53.6307210125048,-17.5859224802099
-53.6172210125048,-17.6093051552099
-53.6037210125048,-17.6326878302099
-53.5632210125048,-17.6560705052099
-53.5362210125048,-17.6560705052099
-53.5092210125048,-17.6560705052099
-53.4822210125048,-17.6560705052099
-53.4552210125048,-17.6560705052099
-53.4282210125048,-17.6560705052099
-53.4012210125048,-17.6560705052099
-53.2662210125048,-17.5157744552099
-53.2527210125048,-17.4923917802099
-53.2392210125048,-17.4690091052099
-53.3337210125048,-17.2117996802099
-53.6037210125048,-17.2117996802099
-53.6037210125048,-17.6794531802099
-53.2257210125048,-17.3988610802099
-53.2392210125048,-17.3754784052099
-53.2527210125048,-17.3520957302099
-53.2662210125048,-17.3287130552099
-53.2797210125048,-17.3053303802099
-53.2932210125048,-17.2819477052099
-53.3067210125048,-17.2585650302099
-53.3202210125048,-17.2351823552099
-53.3607210125048,-17.2117996802099
-53.3877210125048,-17.2117996802099
-53.4147210125048,-17.2117996802099
-53.4417210125048,-17.2117996802099
-53.4687210125048,-17.2117996802099
-53.4957210125048,-17.2117996802099
-53.5227210125048,-17.2117996802099
-53.5497210125048,-17.2117996802099
-53.5767210125048,-17.2117996802099
-53.6172210125048,-17.2351823552099
-53.6307210125048,-17.2585650302099
-53.6442210125048,-17.2819477052099
-53.6577210125048,-17.3053303802099
-53.6712210125048,-17.3287130552099
-53.6847210125048,-17.3520957302099
-53.6847210125048,-17.5391571302099
-53.6712210125048,-17.5625398052099
-53.6577210125048,-17.5859224802099
-53.6442210125048,-17.6093051552099
-53.6307210125048,-17.6326878302099
-53.6172210125048,-17.6560705052099
-53.5767210125048,-17.6794531802099
-53.5497210125048,-17.6794531802099
-53.5227210125048,-17.6794531802099
-53.4957210125048,-17.6794531802099
-53.4687210125048,-17.6794531802099
-53.4417210125048,-17.6794531802099
-53.4147210125048,-17.6794531802099
-53.3877210125048,-17.6794531802099
-53.3202210125048,-17.1884170052099
-53.6172210125048,-17.7028358552099
-53.2122210125048,-17.3754784052099
-53.2257210125048,-17.3520957302099
-53.2392210125048,-17.3287130552099
-53.2527210125048,-17.3053303802099
-53.2662210125048,-17.2819477052099
-53.2797210125048,-17.2585650302099
-53.2932210125048,-17.2351823552099
-53.3067210125048,-17.2117996802099
-53.3472210125048,-17.1884170052099
-53.3742210125048,-17.1884170052099
-53.4012210125048,-17.1884170052099
-53.4282210125048,-17.1884170052099
-53.4552210125048,-17.1884170052099
-53.4822210125048,-17.1884170052099
-53.5092210125048,-17.1884170052099
-53.5362210125048,-17.1884170052099
-53.6442210125048,-17.2351823552099
-53.6577210125048,-17.2585650302099
-53.6712210125048,-17.2819477052099
-53.6982210125048,-17.5625398052099
-53.6847210125048,-17.5859224802099
-53.6712210125048,-17.6093051552099
-53.6577210125048,-17.6326878302099
-53.6442210125048,-17.6560705052099
-53.6307210125048,-17.6794531802099
-53.5902210125048,-17.7028358552099
-53.5632210125048,-17.7028358552099
-53.5362210125048,-17.7028358552099
-53.5092210125048,-17.7028358552099
-53.4822210125048,-17.7028358552099
-53.4552210125048,-17.7028358552099
-53.4282210125048,-17.7028358552099
-53.4012210125048,-17.7028358552099
-53.3067210125048,-17.1650343302099
-53.6307210125048,-17.7262185302099
-53.2122210125048,-17.3287130552099
-53.2257210125048,-17.3053303802099
-53.2392210125048,-17.2819477052099
-53.2527210125048,-17.2585650302099
-53.2662210125048,-17.2351823552099
-53.2797210125048,-17.2117996802099
-53.2932210125048,-17.1884170052099
-53.3337210125048,-17.1650343302099
-53.3607210125048,-17.1650343302099
-53.3877210125048,-17.1650343302099
-53.4147210125048,-17.1650343302099
-53.4417210125048,-17.1650343302099
-53.4687210125048,-17.1650343302099
-53.4957210125048,-17.1650343302099
-53.5227210125048,-17.1650343302099
-53.6712210125048,-17.2351823552099
-53.6982210125048,-17.6093051552099
-53.6847210125048,-17.6326878302099
-53.6712210125048,-17.6560705052099
-53.6577210125048,-17.6794531802099
-53.6442210125048,-17.7028358552099
-53.6037210125048,-17.7262185302099
-53.5767210125048,-17.7262185302099
-53.5497210125048,-17.7262185302099
-53.4687210125048,-17.7262185302099
-53.4417210125048,-17.7262185302099
-53.4147210125048,-17.7262185302099
-53.2932210125048,-17.1416516552099
-53.6442210125048,-17.7496012052099
-53.2122210125048,-17.2819477052099
-53.2257210125048,-17.2585650302099
-53.2392210125048,-17.2351823552099
-53.2527210125048,-17.2117996802099
-53.2662210125048,-17.1884170052099
-53.2797210125048,-17.1650343302099
-53.3202210125048,-17.1416516552099
-53.3472210125048,-17.1416516552099
-53.3742210125048,-17.1416516552099
-53.4012210125048,-17.1416516552099
-53.4282210125048,-17.1416516552099
-53.4552210125048,-17.1416516552099
-53.4822210125048,-17.1416516552099
-53.6982210125048,-17.6560705052099
-53.6847210125048,-17.6794531802099
-53.6712210125048,-17.7028358552099
-53.6577210125048,-17.7262185302099
-53.6172210125048,-17.7496012052099
-53.5902210125048,-17.7496012052099
-53.5632210125048,-17.7496012052099
-53.5362210125048,-17.7496012052099
-53.2797210125048,-17.1182689802099
-53.6577210125048,-17.7729838802099
-53.1987210125048,-17.2585650302099
-53.2122210125048,-17.2351823552099
-53.2257210125048,-17.2117996802099
-53.2392210125048,-17.1884170052099
-53.2527210125048,-17.1650343302099
-53.2662210125048,-17.1416516552099
-53.3067210125048,-17.1182689802099
-53.3337210125048,-17.1182689802099
-53.3607210125048,-17.1182689802099
-53.3877210125048,-17.1182689802099
-53.4147210125048,-17.1182689802099
-53.4417210125048,-17.1182689802099
-53.4687210125048,-17.1182689802099
-53.7117210125048,-17.6794531802099
-53.6982210125048,-17.7028358552099
-53.6847210125048,-17.7262185302099
-53.6712210125048,-17.7496012052099
-53.6307210125048,-17.7729838802099
-53.6037210125048,-17.7729838802099
-53.5767210125048,-17.7729838802099
-53.5497210125048,-17.7729838802099
-53.2662210125048,-17.0948863052099
-53.6712210125048,-17.7963665552099
-53.1852210125048,-17.2351823552099
-53.1987210125048,-17.2117996802099
-53.2122210125048,-17.1884170052099
-53.2257210125048,-17.1650343302099
-53.2392210125048,-17.1416516552099
-53.2527210125048,-17.1182689802099
-53.2932210125048,-17.0948863052099
-53.3202210125048,-17.0948863052099
-53.3472210125048,-17.0948863052099
-53.3742210125048,-17.0948863052099
-53.4012210125048,-17.0948863052099
-53.4282210125048,-17.0948863052099
-53.7387210125048,-17.6794531802099
-53.7252210125048,-17.7028358552099
-53.7117210125048,-17.7262185302099
-53.6982210125048,-17.7496012052099
-53.6847210125048,-17.7729838802099
-53.6442210125048,-17.7963665552099
-53.6172210125048,-17.7963665552099
-53.5902210125048,-17.7963665552099
-53.5632210125048,-17.7963665552099
-53.5362210125048,-17.7963665552099
-53.2527210125048,-17.0715036302099
-53.6847210125048,-17.8197492302099
-53.1717210125048,-17.2117996802099
-53.1852210125048,-17.1884170052099
-53.1987210125048,-17.1650343302099
-53.2122210125048,-17.1416516552099
-53.2257210125048,-17.1182689802099
-53.2392210125048,-17.0948863052099
-53.2797210125048,-17.0715036302099
-53.3067210125048,-17.0715036302099
-53.3337210125048,-17.0715036302099
-53.3607210125048,-17.0715036302099
-53.3877210125048,-17.0715036302099
-53.4147210125048,-17.0715036302099
-53.7657210125048,-17.6794531802099
-53.7522210125048,-17.7028358552099
-53.7387210125048,-17.7262185302099
-53.7252210125048,-17.7496012052099
-53.7117210125048,-17.7729838802099
-53.6982210125048,-17.7963665552099
-53.6577210125048,-17.8197492302099
-53.6307210125048,-17.8197492302099
-53.6037210125048,-17.8197492302099
-53.5767210125048,-17.8197492302099
-53.5497210125048,-17.8197492302099
-53.5227210125048,-17.8197492302099
-53.2392210125048,-17.0481209552099
-53.6982210125048,-17.8431319052099
-53.1582210125048,-17.1884170052099
-53.1717210125048,-17.1650343302099
-53.1852210125048,-17.1416516552099
-53.1987210125048,-17.1182689802099
-53.2122210125048,-17.0948863052099
-53.2257210125048,-17.0715036302099
-53.2662210125048,-17.0481209552099
-53.2932210125048,-17.0481209552099
-53.3202210125048,-17.0481209552099
-53.3472210125048,-17.0481209552099
-53.3742210125048,-17.0481209552099
-53.4012210125048,-17.0481209552099
-53.7927210125048,-17.6794531802099
-53.7792210125048,-17.7028358552099
-53.7657210125048,-17.7262185302099
-53.7522210125048,-17.7496012052099
-53.7387210125048,-17.7729838802099
-53.7252210125048,-17.7963665552099
-53.7117210125048,-17.8197492302099
-53.6712210125048,-17.8431319052099
-53.6442210125048,-17.8431319052099
-53.6172210125048,-17.8431319052099
-53.5902210125048,-17.8431319052099
-53.5632210125048,-17.8431319052099
-53.5362210125048,-17.8431319052099
-53.5092210125048,-17.8431319052099
-53.2257210125048,-17.0247382802099
-53.7117210125048,-17.8665145802099
-53.1447210125048,-17.1650343302099
-53.1582210125048,-17.1416516552099
-53.1717210125048,-17.1182689802099
-53.1852210125048,-17.0948863052099
-53.1987210125048,-17.0715036302099
-53.2122210125048,-17.0481209552099
-53.2527210125048,-17.0247382802099
-53.2797210125048,-17.0247382802099
-53.3067210125048,-17.0247382802099
-53.3337210125048,-17.0247382802099
-53.3607210125048,-17.0247382802099
-53.8062210125048,-17.7028358552099
-53.7927210125048,-17.7262185302099
-53.7792210125048,-17.7496012052099
-53.7657210125048,-17.7729838802099
-53.7522210125048,-17.7963665552099
-53.7387210125048,-17.8197492302099
-53.7252210125048,-17.8431319052099
-53.6847210125048,-17.8665145802099
-53.6577210125048,-17.8665145802099
-53.6307210125048,-17.8665145802099
-53.6037210125048,-17.8665145802099
-53.5767210125048,-17.8665145802099
-53.5497210125048,-17.8665145802099
-53.5227210125048,-17.8665145802099
-53.4957210125048,-17.8665145802099
-53.2122210125048,-17.0013556052099
-53.7252210125048,-17.8898972552099
-53.1312210125048,-17.1416516552099
-53.1447210125048,-17.1182689802099
-53.1582210125048,-17.0948863052099
-53.1717210125048,-17.0715036302099
-53.1852210125048,-17.0481209552099
-53.1987210125048,-17.0247382802099
-53.2392210125048,-17.0013556052099
-53.2662210125048,-17.0013556052099
-53.2932210125048,-17.0013556052099
-53.3202210125048,-17.0013556052099
-53.3472210125048,-17.0013556052099
-53.8332210125048,-17.7028358552099
-53.8197210125048,-17.7262185302099
-53.8062210125048,-17.7496012052099
-53.7927210125048,-17.7729838802099
-53.7792210125048,-17.7963665552099
-53.7657210125048,-17.8197492302099
-53.7522210125048,-17.8431319052099
-53.7387210125048,-17.8665145802099
-53.6982210125048,-17.8898972552099
-53.6712210125048,-17.8898972552099
-53.6442210125048,-17.8898972552099
-53.6172210125048,-17.8898972552099
-53.5902210125048,-17.8898972552099
-53.5632210125048,-17.8898972552099
-53.5362210125048,-17.8898972552099
-53.5092210125048,-17.8898972552099
-53.4822210125048,-17.8898972552099
-53.1987210125048,-16.9779729302099
-53.7387210125048,-17.9132799302099
-53.1177210125048,-17.1182689802099
-53.1312210125048,-17.0948863052099
-53.1447210125048,-17.0715036302099
-53.1582210125048,-17.0481209552099
-53.1717210125048,-17.0247382802099
-53.1852210125048,-17.0013556052099
-53.2257210125048,-16.9779729302099
-53.2527210125048,-16.9779729302099
-53.2797210125048,-16.9779729302099
-53.3067210125048,-16.9779729302099
-53.8467210125048,-17.7262185302099
-53.8332210125048,-17.7496012052099
-53.8197210125048,-17.7729838802099
-53.8062210125048,-17.7963665552099
-53.7927210125048,-17.8197492302099
-53.7792210125048,-17.8431319052099
-53.7657210125048,-17.8665145802099
-53.7522210125048,-17.8898972552099
-53.7117210125048,-17.9132799302099
-53.6847210125048,-17.9132799302099
-53.6577210125048,-17.9132799302099
-53.6307210125048,-17.9132799302099
-53.6037210125048,-17.9132799302099
-53.5767210125048,-17.9132799302099
-53.5497210125048,-17.9132799302099
-53.5227210125048,-17.9132799302099
-53.4957210125048,-17.9132799302099
-53.4687210125048,-17.9132799302099
-53.4417210125048,-17.9132799302099
-53.1852210125048,-16.9545902552099
-53.7522210125048,-17.9366626052099
-53.1042210125048,-17.0948863052099
-53.1177210125048,-17.0715036302099
-53.1312210125048,-17.0481209552099
-53.1447210125048,-17.0247382802099
-53.1582210125048,-17.0013556052099
-53.1717210125048,-16.9779729302099
-53.2122210125048,-16.9545902552099
-53.2392210125048,-16.9545902552099
-53.2662210125048,-16.9545902552099
-53.2932210125048,-16.9545902552099
-53.8602210125048,-17.7496012052099
-53.8467210125048,-17.7729838802099
-53.8332210125048,-17.7963665552099
-53.8197210125048,-17.8197492302099
-53.8062210125048,-17.8431319052099
-53.7927210125048,-17.8665145802099
-53.7792210125048,-17.8898972552099
-53.7657210125048,-17.9132799302099
-53.7252210125048,-17.9366626052099
-53.6982210125048,-17.9366626052099
-53.6712210125048,-17.9366626052099
-53.6442210125048,-17.9366626052099
-53.6172210125048,-17.9366626052099
-53.5902210125048,-17.9366626052099
-53.5632210125048,-17.9366626052099
-53.5362210125048,-17.9366626052099
-53.5092210125048,-17.9366626052099
-53.4822210125048,-17.9366626052099
-53.4552210125048,-17.9366626052099
-53.4282210125048,-17.9366626052099
-53.4012210125048,-17.9366626052099
-53.1717210125048,-16.9312075802099
-53.7657210125048,-17.9600452802100
-53.0907210125048,-17.0715036302099
-53.1042210125048,-17.0481209552099
-53.1177210125048,-17.0247382802099
-53.1312210125048,-17.0013556052099
-53.1447210125048,-16.9779729302099
-53.1582210125048,-16.9545902552099
-53.1987210125048,-16.9312075802099
-53.2257210125048,-16.9312075802099
-53.2527210125048,-16.9312075802099
-53.2797210125048,-16.9312075802099
-53.8872210125048,-17.7496012052099
-53.8737210125048,-17.7729838802099
-53.8602210125048,-17.7963665552099
-53.8467210125048,-17.8197492302099
-53.8332210125048,-17.8431319052099
-53.8197210125048,-17.8665145802099
-53.8062210125048,-17.8898972552099
-53.7927210125048,-17.9132799302099
-53.7792210125048,-17.9366626052099
-53.7387210125048,-17.9600452802100
-53.7117210125048,-17.9600452802100
-53.6847210125048,-17.9600452802100
-53.6577210125048,-17.9600452802100
-53.6307210125048,-17.9600452802100
-53.6037210125048,-17.9600452802100
-53.5767210125048,-17.9600452802100
-53.5497210125048,-17.9600452802100
-53.5227210125048,-17.9600452802100
-53.4957210125048,-17.9600452802100
-53.4687210125048,-17.9600452802100
-53.4417210125048,-17.9600452802100
-53.4147210125048,-17.9600452802100
-53.1582210125048,-16.9078249052099
-53.7792210125048,-17.9834279552100
-53.0637210125048,-17.0715036302099
-53.0772210125048,-17.0481209552099
-53.0907210125048,-17.0247382802099
-53.1042210125048,-17.0013556052099
-53.1177210125048,-16.9779729302099
-53.1312210125048,-16.9545902552099
-53.1447210125048,-16.9312075802099
-53.1852210125048,-16.9078249052099
-53.2122210125048,-16.9078249052099
-53.2392210125048,-16.9078249052099
-53.8872210125048,-17.7963665552099
-53.8737210125048,-17.8197492302099
-53.8602210125048,-17.8431319052099
-53.8467210125048,-17.8665145802099
-53.8332210125048,-17.8898972552099
-53.8197210125048,-17.9132799302099
-53.8062210125048,-17.9366626052099
-53.7927210125048,-17.9600452802100
-53.7522210125048,-17.9834279552100
-53.7252210125048,-17.9834279552100
-53.6982210125048,-17.9834279552100
-53.6712210125048,-17.9834279552100
-53.5902210125048,-17.9834279552100
-53.5632210125048,-17.9834279552100
-53.5362210125048,-17.9834279552100
-53.5092210125048,-17.9834279552100
-53.4822210125048,-17.9834279552100
-53.4552210125048,-17.9834279552100
-53.4282210125048,-17.9834279552100
-53.1447210125048,-16.8844422302099
-53.0637210125048,-17.0247382802099
-53.0772210125048,-17.0013556052099
-53.0907210125048,-16.9779729302099
-53.1042210125048,-16.9545902552099
-53.1177210125048,-16.9312075802099
-53.1312210125048,-16.9078249052099
-53.1717210125048,-16.8844422302099
-53.1987210125048,-16.8844422302099
-53.2257210125048,-16.8844422302099
-53.2527210125048,-16.8844422302099
-53.2797210125048,-16.8844422302099
-53.3067210125048,-16.8844422302099
-53.9007210125048,-17.8197492302099
-53.8872210125048,-17.8431319052099
-53.8737210125048,-17.8665145802099
-53.8602210125048,-17.8898972552099
-53.8467210125048,-17.9132799302099
-53.8332210125048,-17.9366626052099
-53.5767210125048,-18.0068106302100
-53.5497210125048,-18.0068106302100
-53.5227210125048,-18.0068106302100
-53.4957210125048,-18.0068106302100
-53.4687210125048,-18.0068106302100
-53.1312210125048,-16.8610595552099
-53.0637210125048,-16.9779729302099
-53.0772210125048,-16.9545902552099
-53.0907210125048,-16.9312075802099
-53.1042210125048,-16.9078249052099
-53.1177210125048,-16.8844422302099
-53.1582210125048,-16.8610595552099
-53.1852210125048,-16.8610595552099
-53.2122210125048,-16.8610595552099
-53.2392210125048,-16.8610595552099
-53.2662210125048,-16.8610595552099
-53.2932210125048,-16.8610595552099
-53.3202210125048,-16.8610595552099
-53.3472210125048,-16.8610595552099
-53.9142210125048,-17.8431319052099
-53.9007210125048,-17.8665145802099
-53.8872210125048,-17.8898972552099
-53.8737210125048,-17.9132799302099
-53.4822210125048,-18.0301933052100
-53.1177210125048,-16.8376768802099
-53.0502210125048,-16.9545902552099
-53.0637210125048,-16.9312075802099
-53.0772210125048,-16.9078249052099
-53.0907210125048,-16.8844422302099
-53.1042210125048,-16.8610595552099
-53.1447210125048,-16.8376768802099
-53.1717210125048,-16.8376768802099
-53.1987210125048,-16.8376768802099
-53.2257210125048,-16.8376768802099
-53.2527210125048,-16.8376768802099
-53.2797210125048,-16.8376768802099
-53.3067210125048,-16.8376768802099
-53.3337210125048,-16.8376768802099
-53.9412210125048,-17.8431319052099
-53.9277210125048,-17.8665145802099
-53.9142210125048,-17.8898972552099
-53.0502210125048,-16.9078249052099
-53.0637210125048,-16.8844422302099
-53.0772210125048,-16.8610595552099
-53.2122210125048,-16.8142942052099
-53.2392210125048,-16.8142942052099
-53.2662210125048,-16.8142942052099
-53.9412210125048,-17.8898972552099
-53.9277210125048,-17.9132799302099
-53.0367210125048,-16.8844422302099
-53.0232210125048,-16.8610595552099
