-57.9983674650593,-12.4231996960571
-57.9713674650593,-12.4231996960571
-57.9848674650593,-12.3998170210571
-58.0118674650593,-12.3998170210571
-58.0253674650593,-12.4231996960571
-58.0118674650593,-12.4465823710571
-57.9848674650593,-12.4465823710571
-57.9443674650593,-12.4231996960571
-57.9713674650593,-12.3764343460571
-58.0253674650593,-12.3764343460571
-58.0523674650593,-12.4231996960571
-58.0253674650593,-12.4699650460571
-57.9713674650593,-12.4699650460571
-57.9578674650593,-12.3998170210571
-57.9983674650593,-12.3764343460571
-58.0388674650593,-12.3998170210571
-58.0388674650593,-12.4465823710571
-57.9983674650593,-12.4699650460571
-57.9578674650593,-12.4465823710571
-57.9173674650593,-12.4231996960571
-57.9578674650593,-12.3530516710571
-58.0388674650593,-12.3530516710571
-58.0793674650593,-12.4231996960571
-58.0388674650593,-12.4933477210571
-57.9578674650593,-12.4933477210571
-57.9308674650593,-12.3998170210571
-57.9443674650593,-12.3764343460571
-57.9848674650593,-12.3530516710571
-58.0118674650593,-12.3530516710571
-58.0523674650593,-12.3764343460571
-58.0658674650593,-12.3998170210571
-58.0658674650593,-12.4465823710571
-58.0523674650593,-12.4699650460571
-58.0118674650593,-12.4933477210571
-57.9848674650593,-12.4933477210571
-57.9443674650593,-12.4699650460571
-57.9308674650593,-12.4465823710571
-57.8903674650593,-12.4231996960571
-57.9443674650593,-12.3296689960571
-58.0523674650593,-12.3296689960571
-58.1063674650593,-12.4231996960571
-58.0523674650593,-12.5167303960571
-57.9443674650593,-12.5167303960571
-57.9038674650593,-12.3998170210571
-57.9173674650593,-12.3764343460571
-57.9308674650593,-12.3530516710571
-57.9713674650593,-12.3296689960571
-57.9983674650593,-12.3296689960571
-58.0253674650593,-12.3296689960571
-58.0658674650593,-12.3530516710571
-58.0793674650593,-12.3764343460571
-58.0928674650593,-12.3998170210571
-58.0928674650593,-12.4465823710571
-58.0793674650593,-12.4699650460571
-58.0658674650593,-12.4933477210571
-58.0253674650593,-12.5167303960571
-57.9983674650593,-12.5167303960571
-57.9713674650593,-12.5167303960571
-57.9308674650593,-12.4933477210571
-57.9173674650593,-12.4699650460571
-57.9038674650593,-12.4465823710571
-57.8633674650593,-12.4231996960571
-57.9308674650593,-12.3062863210571
-58.0658674650593,-12.3062863210571
-58.1333674650593,-12.4231996960571
-58.0658674650593,-12.5401130710571
-57.9308674650593,-12.5401130710571
-57.8768674650593,-12.3998170210571
-57.8903674650593,-12.3764343460571
-57.9038674650593,-12.3530516710571
-57.9173674650593,-12.3296689960571
-57.9578674650593,-12.3062863210571
-57.9848674650593,-12.3062863210571
-58.0118674650593,-12.3062863210571
-58.0388674650593,-12.3062863210571
-58.0793674650593,-12.3296689960571
-58.0928674650593,-12.3530516710571
-58.1063674650593,-12.3764343460571
-58.1198674650593,-12.3998170210571
-58.1198674650593,-12.4465823710571
-58.1063674650593,-12.4699650460571
-58.0928674650593,-12.4933477210571
-58.0793674650593,-12.5167303960571
-58.0388674650593,-12.5401130710571
-58.0118674650593,-12.5401130710571
-57.9848674650593,-12.5401130710571
-57.9578674650593,-12.5401130710571
-57.9173674650593,-12.5167303960571
-57.9038674650593,-12.4933477210571
-57.8903674650593,-12.4699650460571
-57.8768674650593,-12.4465823710571
-57.8363674650593,-12.4231996960571
-57.9173674650593,-12.2829036460571
-58.0793674650593,-12.2829036460571
-58.1603674650593,-12.4231996960571
-58.0793674650593,-12.5634957460571
-57.9173674650593,-12.5634957460571
-57.8498674650593,-12.3998170210571
-57.8633674650593,-12.3764343460571
-57.8768674650593,-12.3530516710571
-57.8903674650593,-12.3296689960571
-57.9038674650593,-12.3062863210571
-57.9443674650593,-12.2829036460571
-57.9713674650593,-12.2829036460571
-57.9983674650593,-12.2829036460571
-58.0253674650593,-12.2829036460571
-58.0523674650593,-12.2829036460571
-58.0928674650593,-12.3062863210571
-58.1063674650593,-12.3296689960571
-58.1198674650593,-12.3530516710571
-58.1333674650593,-12.3764343460571
-58.1468674650593,-12.3998170210571
-58.1468674650593,-12.4465823710571
-58.1333674650593,-12.4699650460571
-58.1198674650593,-12.4933477210571
-58.1063674650593,-12.5167303960571
-58.0928674650593,-12.5401130710571
-58.0523674650593,-12.5634957460571
-58.0253674650593,-12.5634957460571
-57.9983674650593,-12.5634957460571
-57.9713674650593,-12.5634957460571
-57.9443674650593,-12.5634957460571
-57.9038674650593,-12.5401130710571
-57.8903674650593,-12.5167303960571
-57.8768674650593,-12.4933477210571
-57.8633674650593,-12.4699650460571
-57.8498674650593,-12.4465823710571
-57.8093674650593,-12.4231996960571
-57.9038674650593,-12.2595209710571
-58.0928674650593,-12.2595209710571
-58.1873674650593,-12.4231996960571
-58.0928674650593,-12.5868784210571
-57.9038674650593,-12.5868784210571
-57.8228674650593,-12.3998170210571
-57.8363674650593,-12.3764343460571
-57.8498674650593,-12.3530516710571
-57.8633674650593,-12.3296689960571
-57.8768674650593,-12.3062863210571
-57.8903674650593,-12.2829036460571
-57.9308674650593,-12.2595209710571
-57.9578674650593,-12.2595209710571
-57.9848674650593,-12.2595209710571
-58.0118674650593,-12.2595209710571
-58.0388674650593,-12.2595209710571
-58.0658674650593,-12.2595209710571
-58.1063674650593,-12.2829036460571
-58.1198674650593,-12.3062863210571
-58.1333674650593,-12.3296689960571
-58.1468674650593,-12.3530516710571
-58.1603674650593,-12.3764343460571
-58.1738674650593,-12.3998170210571
-58.1738674650593,-12.4465823710571
-58.1603674650593,-12.4699650460571
-58.1468674650593,-12.4933477210571
-58.1333674650593,-12.5167303960571
-58.1198674650593,-12.5401130710571
-58.1063674650593,-12.5634957460571
-58.0658674650593,-12.5868784210571
-58.0388674650593,-12.5868784210571
-58.0118674650593,-12.5868784210571
-57.9848674650593,-12.5868784210571
-57.9578674650593,-12.5868784210571
-57.9308674650593,-12.5868784210571
-57.8903674650593,-12.5634957460571
-57.8768674650593,-12.5401130710571
-57.8633674650593,-12.5167303960571
-57.8498674650593,-12.4933477210571
-57.8363674650593,-12.4699650460571
-57.8228674650593,-12.4465823710571
-57.7823674650593,-12.4231996960571
-57.8903674650593,-12.2361382960571
-58.1063674650593,-12.2361382960571
-58.2143674650593,-12.4231996960571
-58.1063674650593,-12.6102610960571
-57.8903674650593,-12.6102610960571
-57.7958674650593,-12.3998170210571
-57.8093674650593,-12.3764343460571
-57.8228674650593,-12.3530516710571
-57.8363674650593,-12.3296689960571
-57.8498674650593,-12.3062863210571
-57.8633674650593,-12.2829036460571
-57.8768674650593,-12.2595209710571
-57.9173674650593,-12.2361382960571
-57.9443674650593,-12.2361382960571
-57.9713674650593,-12.2361382960571
-57.9983674650593,-12.2361382960571
-58.0253674650593,-12.2361382960571
-58.0523674650593,-12.2361382960571
-58.0793674650593,-12.2361382960571
-58.1198674650593,-12.2595209710571
-58.1333674650593,-12.2829036460571
-58.1468674650593,-12.3062863210571
-58.1603674650593,-12.3296689960571
-58.1738674650593,-12.3530516710571
-58.1873674650593,-12.3764343460571
-58.2008674650593,-12.3998170210571
-58.2008674650593,-12.4465823710571
-58.1873674650593,-12.4699650460571
-58.1738674650593,-12.4933477210571
-58.1603674650593,-12.5167303960571
-58.1468674650593,-12.5401130710571
-58.1333674650593,-12.5634957460571
-58.1198674650593,-12.5868784210571
-58.0793674650593,-12.6102610960571
-58.0523674650593,-12.6102610960571
-58.0253674650593,-12.6102610960571
-57.9983674650593,-12.6102610960571
-57.9713674650593,-12.6102610960571
-57.9443674650593,-12.6102610960571
-57.9173674650593,-12.6102610960571
-57.8768674650593,-12.5868784210571
-57.8633674650593,-12.5634957460571
-57.8498674650593,-12.5401130710571
-57.8363674650593,-12.5167303960571
-57.8228674650593,-12.4933477210571
-57.8093674650593,-12.4699650460571
-57.7958674650593,-12.4465823710571
-57.7553674650593,-12.4231996960571
-57.8768674650593,-12.2127556210571
-58.1198674650593,-12.2127556210571
-58.2413674650593,-12.4231996960571
-58.1198674650593,-12.6336437710571
-57.8768674650593,-12.6336437710571
-57.7688674650593,-12.3998170210571
-57.7823674650593,-12.3764343460571
-57.7958674650593,-12.3530516710571
-57.8093674650593,-12.3296689960571
-57.8228674650593,-12.3062863210571
-57.8363674650593,-12.2829036460571
-57.8498674650593,-12.2595209710571
-57.8633674650593,-12.2361382960571
-57.9038674650593,-12.2127556210571
-57.9308674650593,-12.2127556210571
-57.9578674650593,-12.2127556210571
-57.9848674650593,-12.2127556210571
-58.0118674650593,-12.2127556210571
-58.0388674650593,-12.2127556210571
-58.0658674650593,-12.2127556210571
-58.0928674650593,-12.2127556210571
-58.1333674650593,-12.2361382960571
-58.1468674650593,-12.2595209710571
-58.1603674650593,-12.2829036460571
-58.1738674650593,-12.3062863210571
-58.1873674650593,-12.3296689960571
-58.2008674650593,-12.3530516710571
-58.2143674650593,-12.3764343460571
-58.2278674650593,-12.3998170210571
-58.2278674650593,-12.4465823710571
-58.2143674650593,-12.4699650460571
-58.2008674650593,-12.4933477210571
-58.1873674650593,-12.5167303960571
-58.1738674650593,-12.5401130710571
-58.1603674650593,-12.5634957460571
-58.1468674650593,-12.5868784210571
-58.1333674650593,-12.6102610960571
-58.0928674650593,-12.6336437710571
-58.0658674650593,-12.6336437710571
-58.0388674650593,-12.6336437710571
-58.0118674650593,-12.6336437710571
-57.9848674650593,-12.6336437710571
-57.9578674650593,-12.6336437710571
-57.9308674650593,-12.6336437710571
-57.9038674650593,-12.6336437710571
-57.8633674650593,-12.6102610960571
-57.8498674650593,-12.5868784210571
-57.8363674650593,-12.5634957460571
-57.8228674650593,-12.5401130710571
-57.8093674650593,-12.5167303960571
-57.7958674650593,-12.4933477210571
-57.7823674650593,-12.4699650460571
-57.7688674650593,-12.4465823710571
-57.7283674650593,-12.4231996960571
-57.8633674650593,-12.1893729460571
-58.1333674650593,-12.1893729460571
-58.2683674650593,-12.4231996960571
-58.1333674650593,-12.6570264460571
-57.8633674650593,-12.6570264460571
-57.7418674650593,-12.3998170210571
-57.7553674650593,-12.3764343460571
-57.7688674650593,-12.3530516710571
-57.7823674650593,-12.3296689960571
-57.7958674650593,-12.3062863210571
-57.8093674650593,-12.2829036460571
-57.8228674650593,-12.2595209710571
-57.8363674650593,-12.2361382960571
-57.8498674650593,-12.2127556210571
-57.8903674650593,-12.1893729460571
-57.9173674650593,-12.1893729460571
-57.9443674650593,-12.1893729460571
-57.9713674650593,-12.1893729460571
-57.9983674650593,-12.1893729460571
-58.0253674650593,-12.1893729460571
-58.0523674650593,-12.1893729460571
-58.0793674650593,-12.1893729460571
-58.1063674650593,-12.1893729460571
-58.1468674650593,-12.2127556210571
-58.1603674650593,-12.2361382960571
-58.1738674650593,-12.2595209710571
-58.1873674650593,-12.2829036460571
-58.2008674650593,-12.3062863210571
-58.2143674650593,-12.3296689960571
-58.2278674650593,-12.3530516710571
-58.2413674650593,-12.3764343460571
-58.2548674650593,-12.3998170210571
-58.2548674650593,-12.4465823710571
-58.2413674650593,-12.4699650460571
-58.2278674650593,-12.4933477210571
-58.2143674650593,-12.5167303960571
-58.2008674650593,-12.5401130710571
-58.1873674650593,-12.5634957460571
-58.1738674650593,-12.5868784210571
-58.1603674650593,-12.6102610960571
-58.1468674650593,-12.6336437710571
-58.1063674650593,-12.6570264460571
-58.0793674650593,-12.6570264460571
-58.0523674650593,-12.6570264460571
-58.0253674650593,-12.6570264460571
-57.9983674650593,-12.6570264460571
-57.9713674650593,-12.6570264460571
-57.9443674650593,-12.6570264460571
-57.9173674650593,-12.6570264460571
-57.8903674650593,-12.6570264460571
-57.8498674650593,-12.6336437710571
-57.8363674650593,-12.6102610960571
-57.8228674650593,-12.5868784210571
-57.8093674650593,-12.5634957460571
-57.7958674650593,-12.5401130710571
-57.7823674650593,-12.5167303960571
-57.7688674650593,-12.4933477210571
-57.7553674650593,-12.4699650460571
-57.7418674650593,-12.4465823710571
-57.7013674650593,-12.4231996960571
-57.8498674650593,-12.1659902710571
-58.1468674650593,-12.1659902710571
-58.2953674650593,-12.4231996960571
-58.1468674650593,-12.6804091210571
-57.8498674650593,-12.6804091210571
-57.7148674650593,-12.3998170210571
-57.7283674650593,-12.3764343460571
-57.7418674650593,-12.3530516710571
-57.7553674650593,-12.3296689960571
-57.7688674650593,-12.3062863210571
-57.7823674650593,-12.2829036460571
-57.7958674650593,-12.2595209710571
-57.8093674650593,-12.2361382960571
-57.8228674650593,-12.2127556210571
-57.8363674650593,-12.1893729460571
-57.8768674650593,-12.1659902710571
-57.9038674650593,-12.1659902710571
-57.9308674650593,-12.1659902710571
-57.9578674650593,-12.1659902710571
-57.9848674650593,-12.1659902710571
-58.0118674650593,-12.1659902710571
-58.0388674650593,-12.1659902710571
-58.0658674650593,-12.1659902710571
-58.0928674650593,-12.1659902710571
-58.1198674650593,-12.1659902710571
-58.1603674650593,-12.1893729460571
-58.1738674650593,-12.2127556210571
-58.1873674650593,-12.2361382960571
-58.2008674650593,-12.2595209710571
-58.2143674650593,-12.2829036460571
-58.2278674650593,-12.3062863210571
-58.2413674650593,-12.3296689960571
-58.2548674650593,-12.3530516710571
-58.2683674650593,-12.3764343460571
-58.2818674650593,-12.3998170210571
-58.2818674650593,-12.4465823710571
-58.2683674650593,-12.4699650460571
-58.2548674650593,-12.4933477210571
-58.2413674650593,-12.5167303960571
-58.2278674650593,-12.5401130710571
-58.2143674650593,-12.5634957460571
-58.2008674650593,-12.5868784210571
-58.1873674650593,-12.6102610960571
-58.1738674650593,-12.6336437710571
-58.1603674650593,-12.6570264460571
-58.1198674650593,-12.6804091210571
-58.0928674650593,-12.6804091210571
-58.0658674650593,-12.6804091210571
-58.0388674650593,-12.6804091210571
-58.0118674650593,-12.6804091210571
-57.9848674650593,-12.6804091210571
-57.9578674650593,-12.6804091210571
-57.9308674650593,-12.6804091210571
-57.9038674650593,-12.6804091210571
-57.8768674650593,-12.6804091210571
-57.8363674650593,-12.6570264460571
-57.8228674650593,-12.6336437710571
-57.8093674650593,-12.6102610960571
-57.7958674650593,-12.5868784210571
-57.7823674650593,-12.5634957460571
-57.7688674650593,-12.5401130710571
-57.7553674650593,-12.5167303960571
-57.7418674650593,-12.4933477210571
-57.7283674650593,-12.4699650460571
-57.7148674650593,-12.4465823710571
-57.6743674650593,-12.4231996960571
-57.8363674650593,-12.1426075960571
-58.1603674650593,-12.1426075960571
-58.3223674650594,-12.4231996960571
-58.1603674650593,-12.7037917960571
-57.8363674650593,-12.7037917960571
-57.6878674650593,-12.3998170210571
-57.7013674650593,-12.3764343460571
-57.7148674650593,-12.3530516710571
-57.7283674650593,-12.3296689960571
-57.7418674650593,-12.3062863210571
-57.7553674650593,-12.2829036460571
-57.7688674650593,-12.2595209710571
-57.7823674650593,-12.2361382960571
-57.7958674650593,-12.2127556210571
-57.8093674650593,-12.1893729460571
-57.8228674650593,-12.1659902710571
-57.8633674650593,-12.1426075960571
-57.8903674650593,-12.1426075960571
-57.9173674650593,-12.1426075960571
-57.9443674650593,-12.1426075960571
-57.9713674650593,-12.1426075960571
-57.9983674650593,-12.1426075960571
-58.0253674650593,-12.1426075960571
-58.0523674650593,-12.1426075960571
-58.0793674650593,-12.1426075960571
-58.1063674650593,-12.1426075960571
-58.1333674650593,-12.1426075960571
-58.1738674650593,-12.1659902710571
-58.1873674650593,-12.1893729460571
-58.2008674650593,-12.2127556210571
-58.2143674650593,-12.2361382960571
-58.2278674650593,-12.2595209710571
-58.2413674650593,-12.2829036460571
-58.2548674650593,-12.3062863210571
-58.2683674650593,-12.3296689960571
-58.2818674650593,-12.3530516710571
-58.2953674650593,-12.3764343460571
-58.3088674650594,-12.3998170210571
-58.3088674650594,-12.4465823710571
-58.2953674650593,-12.4699650460571
-58.2818674650593,-12.4933477210571
-58.2683674650593,-12.5167303960571
-58.2548674650593,-12.5401130710571
-58.2413674650593,-12.5634957460571
-58.2278674650593,-12.5868784210571
-58.2143674650593,-12.6102610960571
-58.2008674650593,-12.6336437710571
-58.1873674650593,-12.6570264460571
-58.1738674650593,-12.6804091210571
-58.1333674650593,-12.7037917960571
-58.1063674650593,-12.7037917960571
-58.0793674650593,-12.7037917960571
-58.0523674650593,-12.7037917960571
-58.0253674650593,-12.7037917960571
-57.9983674650593,-12.7037917960571
-57.9713674650593,-12.7037917960571
-57.9443674650593,-12.7037917960571
-57.9173674650593,-12.7037917960571
-57.8903674650593,-12.7037917960571
-57.8633674650593,-12.7037917960571
-57.8228674650593,-12.6804091210571
-57.8093674650593,-12.6570264460571
-57.7958674650593,-12.6336437710571
-57.7823674650593,-12.6102610960571
-57.7688674650593,-12.5868784210571
-57.7553674650593,-12.5634957460571
-57.7418674650593,-12.5401130710571
-57.7283674650593,-12.5167303960571
-57.7148674650593,-12.4933477210571
-57.7013674650593,-12.4699650460571
-57.6878674650593,-12.4465823710571
-57.6473674650593,-12.4231996960571
-58.1738674650593,-12.1192249210571
-58.3493674650594,-12.4231996960571
-58.1738674650593,-12.7271744710571
-57.8228674650593,-12.7271744710571
-57.6608674650593,-12.3998170210571
-57.6743674650593,-12.3764343460571
-57.6878674650593,-12.3530516710571
-57.7013674650593,-12.3296689960571
-57.7148674650593,-12.3062863210571
-57.7283674650593,-12.2829036460571
-57.7418674650593,-12.2595209710571
-57.7553674650593,-12.2361382960571
-57.7688674650593,-12.2127556210571
-57.7823674650593,-12.1893729460571
-57.7958674650593,-12.1659902710571
-57.8093674650593,-12.1426075960571
-57.8498674650593,-12.1192249210571
-57.8768674650593,-12.1192249210571
-57.9038674650593,-12.1192249210571
-57.9308674650593,-12.1192249210571
-57.9578674650593,-12.1192249210571
-57.9848674650593,-12.1192249210571
-58.0118674650593,-12.1192249210571
-58.0388674650593,-12.1192249210571
-58.0658674650593,-12.1192249210571
-58.0928674650593,-12.1192249210571
-58.1198674650593,-12.1192249210571
-58.1468674650593,-12.1192249210571
-58.1873674650593,-12.1426075960571
-58.2008674650593,-12.1659902710571
-58.2143674650593,-12.1893729460571
-58.2278674650593,-12.2127556210571
-58.2413674650593,-12.2361382960571
-58.2548674650593,-12.2595209710571
-58.2683674650593,-12.2829036460571
-58.2818674650593,-12.3062863210571
-58.2953674650593,-12.3296689960571
-58.3088674650594,-12.3530516710571
-58.3223674650594,-12.3764343460571
-58.3358674650594,-12.3998170210571
-58.3358674650594,-12.4465823710571
-58.3223674650594,-12.4699650460571
-58.3088674650594,-12.4933477210571
-58.2953674650593,-12.5167303960571
-58.2818674650593,-12.5401130710571
-58.2683674650593,-12.5634957460571
-58.2548674650593,-12.5868784210571
-58.2413674650593,-12.6102610960571
-58.2278674650593,-12.6336437710571
-58.2143674650593,-12.6570264460571
-58.2008674650593,-12.6804091210571
-58.1873674650593,-12.7037917960571
-58.1468674650593,-12.7271744710571
-58.1198674650593,-12.7271744710571
-58.0928674650593,-12.7271744710571
-58.0658674650593,-12.7271744710571
-58.0388674650593,-12.7271744710571
-58.0118674650593,-12.7271744710571
-57.9848674650593,-12.7271744710571
-57.9578674650593,-12.7271744710571
-57.9308674650593,-12.7271744710571
-57.9038674650593,-12.7271744710571
-57.8768674650593,-12.7271744710571
-57.8498674650593,-12.7271744710571
-57.8093674650593,-12.7037917960571
-57.7958674650593,-12.6804091210571
-57.7823674650593,-12.6570264460571
-57.7688674650593,-12.6336437710571
-57.7553674650593,-12.6102610960571
-57.7418674650593,-12.5868784210571
-57.7283674650593,-12.5634957460571
-57.7148674650593,-12.5401130710571
-57.7013674650593,-12.5167303960571
-57.6878674650593,-12.4933477210571
-57.6743674650593,-12.4699650460571
-57.6608674650593,-12.4465823710571
-57.6203674650593,-12.4231996960571
-58.1873674650593,-12.0958422460571
-58.3763674650594,-12.4231996960571
-58.1873674650593,-12.7505571460571
-57.8093674650593,-12.7505571460571
-57.6338674650593,-12.3998170210571
-57.6473674650593,-12.3764343460571
-57.6608674650593,-12.3530516710571
-57.6743674650593,-12.3296689960571
-57.6878674650593,-12.3062863210571
-57.7013674650593,-12.2829036460571
-57.7148674650593,-12.2595209710571
-57.7283674650593,-12.2361382960571
-57.7418674650593,-12.2127556210571
-57.7553674650593,-12.1893729460571
-57.8903674650593,-12.0958422460571
-57.9173674650593,-12.0958422460571
-57.9443674650593,-12.0958422460571
-57.9713674650593,-12.0958422460571
-57.9983674650593,-12.0958422460571
-58.0253674650593,-12.0958422460571
-58.0523674650593,-12.0958422460571
-58.0793674650593,-12.0958422460571
-58.1063674650593,-12.0958422460571
-58.1333674650593,-12.0958422460571
-58.1603674650593,-12.0958422460571
-58.2008674650593,-12.1192249210571
-58.2143674650593,-12.1426075960571
-58.2278674650593,-12.1659902710571
-58.2413674650593,-12.1893729460571
-58.2548674650593,-12.2127556210571
-58.2683674650593,-12.2361382960571
-58.2818674650593,-12.2595209710571
-58.2953674650593,-12.2829036460571
-58.3088674650594,-12.3062863210571
-58.3223674650594,-12.3296689960571
-58.3358674650594,-12.3530516710571
-58.3493674650594,-12.3764343460571
-58.3628674650594,-12.3998170210571
-58.3628674650594,-12.4465823710571
-58.3493674650594,-12.4699650460571
-58.3358674650594,-12.4933477210571
-58.3223674650594,-12.5167303960571
-58.3088674650594,-12.5401130710571
-58.2953674650593,-12.5634957460571
-58.2818674650593,-12.5868784210571
-58.2683674650593,-12.6102610960571
-58.2548674650593,-12.6336437710571
-58.2413674650593,-12.6570264460571
-58.2278674650593,-12.6804091210571
-58.2143674650593,-12.7037917960571
-58.2008674650593,-12.7271744710571
-58.1603674650593,-12.7505571460571
-58.1333674650593,-12.7505571460571
-58.1063674650593,-12.7505571460571
-58.0793674650593,-12.7505571460571
-58.0523674650593,-12.7505571460571
-58.0253674650593,-12.7505571460571
-57.9983674650593,-12.7505571460571
-57.9713674650593,-12.7505571460571
-57.9443674650593,-12.7505571460571
-57.9173674650593,-12.7505571460571
-57.8903674650593,-12.7505571460571
-57.8633674650593,-12.7505571460571
-57.8363674650593,-12.7505571460571
-57.7958674650593,-12.7271744710571
-57.7823674650593,-12.7037917960571
-57.7688674650593,-12.6804091210571
-57.7553674650593,-12.6570264460571
-57.7418674650593,-12.6336437710571
-57.7283674650593,-12.6102610960571
-57.7148674650593,-12.5868784210571
-57.7013674650593,-12.5634957460571
-57.6878674650593,-12.5401130710571
-57.6743674650593,-12.5167303960571
-57.6608674650593,-12.4933477210571
-57.6473674650593,-12.4699650460571
-57.6338674650593,-12.4465823710571
-57.5933674650593,-12.4231996960571
-58.2008674650593,-12.0724595710571
-58.4033674650594,-12.4231996960571
-58.2008674650593,-12.7739398210571
-57.7958674650593,-12.7739398210571
-57.6068674650593,-12.3998170210571
-57.6203674650593,-12.3764343460571
-57.6338674650593,-12.3530516710571
-57.6473674650593,-12.3296689960571
-57.6608674650593,-12.3062863210571
-57.6743674650593,-12.2829036460571
-57.6878674650593,-12.2595209710571
-57.7013674650593,-12.2361382960571
-57.8768674650593,-12.0724595710571
-57.9038674650593,-12.0724595710571
-57.9308674650593,-12.0724595710571
-57.9578674650593,-12.0724595710571
-57.9848674650593,-12.0724595710571
-58.0118674650593,-12.0724595710571
-58.0388674650593,-12.0724595710571
-58.0658674650593,-12.0724595710571
-58.0928674650593,-12.0724595710571
-58.1198674650593,-12.0724595710571
-58.1468674650593,-12.0724595710571
-58.1738674650593,-12.0724595710571
-58.2143674650593,-12.0958422460571
-58.2278674650593,-12.1192249210571
-58.2413674650593,-12.1426075960571
-58.2548674650593,-12.1659902710571
-58.2683674650593,-12.1893729460571
-58.2818674650593,-12.2127556210571
-58.2953674650593,-12.2361382960571
-58.3088674650594,-12.2595209710571
-58.3223674650594,-12.2829036460571
-58.3358674650594,-12.3062863210571
-58.3493674650594,-12.3296689960571
-58.3628674650594,-12.3530516710571
-58.3763674650594,-12.3764343460571
-58.3898674650594,-12.3998170210571
-58.3898674650594,-12.4465823710571
-58.3763674650594,-12.4699650460571
-58.3628674650594,-12.4933477210571
-58.3493674650594,-12.5167303960571
-58.3358674650594,-12.5401130710571
-58.3223674650594,-12.5634957460571
-58.3088674650594,-12.5868784210571
-58.2953674650593,-12.6102610960571
-58.2818674650593,-12.6336437710571
-58.2683674650593,-12.6570264460571
-58.2548674650593,-12.6804091210571
-58.2413674650593,-12.7037917960571
-58.2278674650593,-12.7271744710571
-58.2143674650593,-12.7505571460571
-58.1738674650593,-12.7739398210571
-58.1468674650593,-12.7739398210571
-58.1198674650593,-12.7739398210571
-58.0928674650593,-12.7739398210571
-58.0658674650593,-12.7739398210571
-58.0388674650593,-12.7739398210571
-58.0118674650593,-12.7739398210571
-57.9848674650593,-12.7739398210571
-57.9578674650593,-12.7739398210571
-57.9308674650593,-12.7739398210571
-57.9038674650593,-12.7739398210571
-57.8768674650593,-12.7739398210571
-57.8498674650593,-12.7739398210571
-57.8228674650593,-12.7739398210571
-57.7823674650593,-12.7505571460571
-57.7688674650593,-12.7271744710571
-57.7553674650593,-12.7037917960571
-57.7418674650593,-12.6804091210571
-57.7283674650593,-12.6570264460571
-57.7148674650593,-12.6336437710571
-57.7013674650593,-12.6102610960571
-57.6878674650593,-12.5868784210571
-57.6743674650593,-12.5634957460571
-57.6608674650593,-12.5401130710571
-57.6473674650593,-12.5167303960571
-57.6338674650593,-12.4933477210571
-57.6203674650593,-12.4699650460571
-57.6068674650593,-12.4465823710571
-57.5663674650593,-12.4231996960571
-58.2143674650593,-12.0490768960571
-58.4303674650594,-12.4231996960571
-58.2143674650593,-12.7973224960571
-57.7823674650593,-12.7973224960571
-57.5798674650593,-12.3998170210571
-57.5933674650593,-12.3764343460571
-57.6068674650593,-12.3530516710571
-57.6203674650593,-12.3296689960571
-57.6338674650593,-12.3062863210571
-57.6608674650593,-12.2595209710571
-57.6743674650593,-12.2361382960571
-57.8903674650593,-12.0490768960571
-57.9173674650593,-12.0490768960571
-57.9443674650593,-12.0490768960571
-57.9713674650593,-12.0490768960571
-57.9983674650593,-12.0490768960571
-58.0253674650593,-12.0490768960571
-58.0523674650593,-12.0490768960571
-58.0793674650593,-12.0490768960571
-58.1063674650593,-12.0490768960571
-58.1333674650593,-12.0490768960571
-58.1603674650593,-12.0490768960571
-58.1873674650593,-12.0490768960571
-58.2278674650593,-12.0724595710571
-58.2413674650593,-12.0958422460571
-58.2548674650593,-12.1192249210571
-58.2683674650593,-12.1426075960571
-58.2818674650593,-12.1659902710571
-58.2953674650593,-12.1893729460571
-58.3088674650594,-12.2127556210571
-58.3223674650594,-12.2361382960571
-58.3358674650594,-12.2595209710571
-58.3493674650594,-12.2829036460571
-58.3628674650594,-12.3062863210571
-58.3763674650594,-12.3296689960571
-58.3898674650594,-12.3530516710571
-58.4033674650594,-12.3764343460571
-58.4168674650594,-12.3998170210571
-58.4168674650594,-12.4465823710571
-58.4033674650594,-12.4699650460571
-58.3898674650594,-12.4933477210571
-58.3763674650594,-12.5167303960571
-58.3628674650594,-12.5401130710571
-58.3493674650594,-12.5634957460571
-58.3358674650594,-12.5868784210571
-58.3223674650594,-12.6102610960571
-58.3088674650594,-12.6336437710571
-58.2953674650593,-12.6570264460571
-58.2818674650593,-12.6804091210571
-58.2683674650593,-12.7037917960571
-58.2548674650593,-12.7271744710571
-58.2413674650593,-12.7505571460571
-58.2278674650593,-12.7739398210571
-58.1873674650593,-12.7973224960571
-58.1603674650593,-12.7973224960571
-58.1333674650593,-12.7973224960571
-58.1063674650593,-12.7973224960571
-58.0793674650593,-12.7973224960571
-58.0523674650593,-12.7973224960571
-58.0253674650593,-12.7973224960571
-57.9983674650593,-12.7973224960571
-57.9713674650593,-12.7973224960571
-57.9443674650593,-12.7973224960571
-57.9173674650593,-12.7973224960571
-57.8903674650593,-12.7973224960571
-57.8633674650593,-12.7973224960571
-57.8363674650593,-12.7973224960571
-57.8093674650593,-12.7973224960571
-57.7688674650593,-12.7739398210571
-57.7553674650593,-12.7505571460571
-57.7418674650593,-12.7271744710571
-57.7283674650593,-12.7037917960571
-57.7148674650593,-12.6804091210571
-57.7013674650593,-12.6570264460571
-57.6878674650593,-12.6336437710571
-57.6743674650593,-12.6102610960571
-57.6608674650593,-12.5868784210571
-57.6473674650593,-12.5634957460571
-57.6338674650593,-12.5401130710571
-57.6203674650593,-12.5167303960571
-57.6068674650593,-12.4933477210571
-57.5933674650593,-12.4699650460571
-57.5798674650593,-12.4465823710571
-57.5393674650593,-12.4231996960571
-58.2278674650593,-12.0256942210571
-58.2278674650593,-12.8207051710571
-57.7688674650593,-12.8207051710571
-57.5528674650593,-12.3998170210571
-57.5663674650593,-12.3764343460571
-57.8768674650593,-12.0256942210571
-57.9038674650593,-12.0256942210571
-57.9308674650593,-12.0256942210571
-57.9578674650593,-12.0256942210571
-57.9848674650593,-12.0256942210571
-58.0118674650593,-12.0256942210571
-58.0388674650593,-12.0256942210571
-58.0658674650593,-12.0256942210571
-58.0928674650593,-12.0256942210571
-58.1198674650593,-12.0256942210571
-58.1468674650593,-12.0256942210571
-58.1738674650593,-12.0256942210571
-58.2008674650593,-12.0256942210571
-58.2413674650593,-12.0490768960571
-58.2548674650593,-12.0724595710571
-58.2683674650593,-12.0958422460571
-58.2818674650593,-12.1192249210571
-58.2953674650593,-12.1426075960571
-58.3088674650594,-12.1659902710571
-58.3223674650594,-12.1893729460571
-58.3358674650594,-12.2127556210571
-58.3493674650594,-12.2361382960571
-58.3628674650594,-12.2595209710571
-58.3763674650594,-12.2829036460571
-58.3898674650594,-12.3062863210571
-58.4033674650594,-12.3296689960571
-58.4168674650594,-12.3530516710571
-58.4303674650594,-12.3764343460571
-58.4438674650594,-12.3998170210571
-58.4438674650594,-12.4465823710571
-58.4303674650594,-12.4699650460571
-58.4168674650594,-12.4933477210571
-58.4033674650594,-12.5167303960571
-58.3898674650594,-12.5401130710571
-58.3763674650594,-12.5634957460571
-58.3628674650594,-12.5868784210571
-58.3493674650594,-12.6102610960571
-58.3358674650594,-12.6336437710571
-58.3223674650594,-12.6570264460571
-58.3088674650594,-12.6804091210571
-58.2953674650593,-12.7037917960571
-58.2818674650593,-12.7271744710571
-58.2683674650593,-12.7505571460571
-58.2548674650593,-12.7739398210571
-58.2413674650593,-12.7973224960571
-58.2008674650593,-12.8207051710571
-58.1738674650593,-12.8207051710571
-58.1468674650593,-12.8207051710571
-58.1198674650593,-12.8207051710571
-58.0928674650593,-12.8207051710571
-58.0658674650593,-12.8207051710571
-58.0388674650593,-12.8207051710571
-58.0118674650593,-12.8207051710571
-57.9848674650593,-12.8207051710571
-57.9578674650593,-12.8207051710571
-57.9308674650593,-12.8207051710571
-57.9038674650593,-12.8207051710571
-57.8768674650593,-12.8207051710571
-57.8498674650593,-12.8207051710571
-57.8228674650593,-12.8207051710571
-57.7958674650593,-12.8207051710571
-57.7553674650593,-12.7973224960571
-57.7418674650593,-12.7739398210571
-57.7283674650593,-12.7505571460571
-57.7148674650593,-12.7271744710571
-57.7013674650593,-12.7037917960571
-57.6878674650593,-12.6804091210571
-57.6743674650593,-12.6570264460571
-57.6608674650593,-12.6336437710571
-57.6473674650593,-12.6102610960571
-57.6338674650593,-12.5868784210571
-57.6203674650593,-12.5634957460571
-57.6068674650593,-12.5401130710571
-57.5933674650593,-12.5167303960571
-57.5798674650593,-12.4933477210571
-57.5663674650593,-12.4699650460571
-57.5528674650593,-12.4465823710571
-57.5123674650593,-12.4231996960571
-58.2413674650593,-12.0023115460571
-58.2413674650593,-12.8440878460571
-57.7553674650593,-12.8440878460571
-57.8903674650593,-12.0023115460571
-57.9173674650593,-12.0023115460571
-57.9443674650593,-12.0023115460571
-57.9713674650593,-12.0023115460571
-57.9983674650593,-12.0023115460571
-58.0253674650593,-12.0023115460571
-58.0523674650593,-12.0023115460571
-58.0793674650593,-12.0023115460571
-58.1063674650593,-12.0023115460571
-58.1333674650593,-12.0023115460571
-58.1603674650593,-12.0023115460571
-58.1873674650593,-12.0023115460571
-58.2143674650593,-12.0023115460571
-58.2548674650593,-12.0256942210571
-58.2683674650593,-12.0490768960571
-58.2818674650593,-12.0724595710571
-58.2953674650593,-12.0958422460571
-58.3088674650594,-12.1192249210571
-58.3223674650594,-12.1426075960571
-58.3358674650594,-12.1659902710571
-58.3493674650594,-12.1893729460571
-58.3628674650594,-12.2127556210571
-58.3763674650594,-12.2361382960571
-58.3898674650594,-12.2595209710571
-58.4033674650594,-12.2829036460571
-58.4168674650594,-12.3062863210571
-58.4303674650594,-12.3296689960571
-58.4438674650594,-12.3530516710571
-58.4573674650594,-12.3764343460571
-58.4303674650594,-12.5167303960571
-58.4168674650594,-12.5401130710571
-58.4033674650594,-12.5634957460571
-58.3898674650594,-12.5868784210571
-58.3763674650594,-12.6102610960571
-58.3628674650594,-12.6336437710571
-58.3493674650594,-12.6570264460571
-58.3358674650594,-12.6804091210571
-58.3223674650594,-12.7037917960571
-58.3088674650594,-12.7271744710571
-58.2953674650593,-12.7505571460571
-58.2818674650593,-12.7739398210571
-58.2683674650593,-12.7973224960571
-58.2548674650593,-12.8207051710571
-58.2143674650593,-12.8440878460571
-58.1873674650593,-12.8440878460571
-58.1603674650593,-12.8440878460571
-58.1333674650593,-12.8440878460571
-58.1063674650593,-12.8440878460571
-58.0793674650593,-12.8440878460571
-58.0523674650593,-12.8440878460571
-58.0253674650593,-12.8440878460571
-57.9983674650593,-12.8440878460571
-57.9713674650593,-12.8440878460571
-57.9443674650593,-12.8440878460571
-57.9173674650593,-12.8440878460571
-57.8903674650593,-12.8440878460571
-57.8633674650593,-12.8440878460571
-57.8363674650593,-12.8440878460571
-57.8093674650593,-12.8440878460571
-57.7823674650593,-12.8440878460571
-57.7418674650593,-12.8207051710571
-57.7283674650593,-12.7973224960571
-57.7148674650593,-12.7739398210571
-57.7013674650593,-12.7505571460571
-57.6878674650593,-12.7271744710571
-57.6743674650593,-12.7037917960571
-57.6608674650593,-12.6804091210571
-57.6473674650593,-12.6570264460571
-57.6338674650593,-12.6336437710571
-57.6203674650593,-12.6102610960571
-57.6068674650593,-12.5868784210571
-57.5933674650593,-12.5634957460571
-57.5798674650593,-12.5401130710571
-57.5663674650593,-12.5167303960571
-57.5528674650593,-12.4933477210571
-57.5393674650593,-12.4699650460571
-57.5258674650593,-12.4465823710571
-57.4853674650593,-12.4231996960571
-58.2548674650593,-11.9789288710571
-58.2548674650593,-12.8674705210571
-57.7418674650593,-12.8674705210571
-57.9038674650593,-11.9789288710571
-57.9308674650593,-11.9789288710571
-57.9578674650593,-11.9789288710571
-57.9848674650593,-11.9789288710571
-58.0118674650593,-11.9789288710571
-58.0388674650593,-11.9789288710571
-58.0658674650593,-11.9789288710571
-58.0928674650593,-11.9789288710571
-58.1198674650593,-11.9789288710571
-58.1468674650593,-11.9789288710571
-58.1738674650593,-11.9789288710571
-58.2008674650593,-11.9789288710571
-58.2278674650593,-11.9789288710571
-58.2683674650593,-12.0023115460571
-58.2818674650593,-12.0256942210571
-58.2953674650593,-12.0490768960571
-58.3088674650594,-12.0724595710571
-58.3223674650594,-12.0958422460571
-58.3358674650594,-12.1192249210571
-58.3493674650594,-12.1426075960571
-58.3628674650594,-12.1659902710571
-58.3763674650594,-12.1893729460571
-58.3898674650594,-12.2127556210571
-58.4033674650594,-12.2361382960571
-58.4168674650594,-12.2595209710571
-58.4303674650594,-12.2829036460571
-58.4438674650594,-12.3062863210571
-58.4573674650594,-12.3296689960571
-58.4708674650594,-12.3530516710571
-58.4438674650594,-12.5401130710571
-58.4303674650594,-12.5634957460571
-58.4168674650594,-12.5868784210571
-58.4033674650594,-12.6102610960571
-58.3898674650594,-12.6336437710571
-58.3763674650594,-12.6570264460571
-58.3628674650594,-12.6804091210571
-58.3493674650594,-12.7037917960571
-58.3358674650594,-12.7271744710571
-58.3223674650594,-12.7505571460571
-58.3088674650594,-12.7739398210571
-58.2953674650593,-12.7973224960571
-58.2818674650593,-12.8207051710571
-58.2683674650593,-12.8440878460571
-58.2278674650593,-12.8674705210571
-58.2008674650593,-12.8674705210571
-58.1738674650593,-12.8674705210571
-58.1468674650593,-12.8674705210571
-58.1198674650593,-12.8674705210571
-58.0928674650593,-12.8674705210571
-58.0658674650593,-12.8674705210571
-58.0388674650593,-12.8674705210571
-58.0118674650593,-12.8674705210571
-57.9848674650593,-12.8674705210571
-57.9578674650593,-12.8674705210571
-57.9308674650593,-12.8674705210571
-57.9038674650593,-12.8674705210571
-57.8768674650593,-12.8674705210571
-57.8498674650593,-12.8674705210571
-57.8228674650593,-12.8674705210571
-57.7958674650593,-12.8674705210571
-57.7688674650593,-12.8674705210571
-57.7283674650593,-12.8440878460571
-57.7148674650593,-12.8207051710571
-57.7013674650593,-12.7973224960571
-57.6878674650593,-12.7739398210571
-57.6743674650593,-12.7505571460571
-57.6608674650593,-12.7271744710571
-57.6473674650593,-12.7037917960571
-57.6338674650593,-12.6804091210571
-57.6203674650593,-12.6570264460571
-57.6068674650593,-12.6336437710571
-57.5933674650593,-12.6102610960571
-57.5798674650593,-12.5868784210571
-57.5663674650593,-12.5634957460571
-57.5528674650593,-12.5401130710571
-57.5393674650593,-12.5167303960571
-57.5258674650593,-12.4933477210571
-57.5123674650593,-12.4699650460571
-57.4988674650593,-12.4465823710571
-58.2683674650593,-11.9555461960571
-58.2683674650593,-12.8908531960571
-57.7283674650593,-12.8908531960571
-57.8903674650593,-11.9555461960571
-57.9173674650593,-11.9555461960571
-57.9443674650593,-11.9555461960571
-57.9713674650593,-11.9555461960571
-57.9983674650593,-11.9555461960571
-58.0253674650593,-11.9555461960571
-58.0523674650593,-11.9555461960571
-58.0793674650593,-11.9555461960571
-58.1063674650593,-11.9555461960571
-58.1333674650593,-11.9555461960571
-58.1603674650593,-11.9555461960571
-58.1873674650593,-11.9555461960571
-58.2143674650593,-11.9555461960571
-58.2413674650593,-11.9555461960571
-58.2818674650593,-11.9789288710571
-58.2953674650593,-12.0023115460571
-58.3088674650594,-12.0256942210571
-58.3223674650594,-12.0490768960571
-58.3358674650594,-12.0724595710571
-58.3493674650594,-12.0958422460571
-58.3628674650594,-12.1192249210571
-58.3763674650594,-12.1426075960571
-58.3898674650594,-12.1659902710571
-58.4033674650594,-12.1893729460571
-58.4168674650594,-12.2127556210571
-58.4303674650594,-12.2361382960571
-58.4438674650594,-12.2595209710571
-58.4573674650594,-12.2829036460571
-58.4708674650594,-12.3062863210571
-58.4843674650594,-12.3296689960571
-58.4033674650594,-12.6570264460571
-58.3898674650594,-12.6804091210571
-58.3763674650594,-12.7037917960571
-58.3628674650594,-12.7271744710571
-58.3493674650594,-12.7505571460571
-58.3358674650594,-12.7739398210571
-58.3223674650594,-12.7973224960571
-58.3088674650594,-12.8207051710571
-58.2953674650593,-12.8440878460571
-58.2818674650593,-12.8674705210571
-58.2413674650593,-12.8908531960571
-58.2143674650593,-12.8908531960571
-58.1873674650593,-12.8908531960571
-58.1603674650593,-12.8908531960571
-58.1333674650593,-12.8908531960571
-58.1063674650593,-12.8908531960571
-58.0793674650593,-12.8908531960571
-58.0523674650593,-12.8908531960571
-58.0253674650593,-12.8908531960571
-57.9983674650593,-12.8908531960571
-57.9713674650593,-12.8908531960571
-57.9443674650593,-12.8908531960571
-57.9173674650593,-12.8908531960571
-57.8903674650593,-12.8908531960571
-57.8633674650593,-12.8908531960571
-57.8363674650593,-12.8908531960571
-57.8093674650593,-12.8908531960571
-57.7823674650593,-12.8908531960571
-57.7553674650593,-12.8908531960571
-57.7148674650593,-12.8674705210571
-57.7013674650593,-12.8440878460571
-57.6878674650593,-12.8207051710571
-57.6743674650593,-12.7973224960571
-57.6608674650593,-12.7739398210571
-57.6473674650593,-12.7505571460571
-57.6338674650593,-12.7271744710571
-57.6203674650593,-12.7037917960571
-57.6068674650593,-12.6804091210571
-57.5933674650593,-12.6570264460571
-57.5798674650593,-12.6336437710571
-57.5663674650593,-12.6102610960571
-57.5528674650593,-12.5868784210571
-57.5393674650593,-12.5634957460571
-57.5258674650593,-12.5401130710571
-57.5123674650593,-12.5167303960571
-57.4988674650593,-12.4933477210571
-57.4853674650593,-12.4699650460571
-57.4718674650593,-12.4465823710571
-58.2818674650593,-11.9321635210571
-58.2818674650593,-12.9142358710571
-57.7148674650593,-12.9142358710571
-57.9308674650593,-11.9321635210571
-57.9578674650593,-11.9321635210571
-57.9848674650593,-11.9321635210571
-58.0118674650593,-11.9321635210571
-58.0388674650593,-11.9321635210571
-58.0658674650593,-11.9321635210571
-58.0928674650593,-11.9321635210571
-58.1198674650593,-11.9321635210571
-58.1468674650593,-11.9321635210571
-58.1738674650593,-11.9321635210571
-58.2008674650593,-11.9321635210571
-58.2278674650593,-11.9321635210571
-58.2548674650593,-11.9321635210571
-58.2953674650593,-11.9555461960571
-58.3088674650594,-11.9789288710571
-58.3223674650594,-12.0023115460571
-58.3358674650594,-12.0256942210571
-58.3493674650594,-12.0490768960571
-58.3628674650594,-12.0724595710571
-58.3763674650594,-12.0958422460571
-58.3898674650594,-12.1192249210571
-58.4033674650594,-12.1426075960571
-58.4168674650594,-12.1659902710571
-58.4303674650594,-12.1893729460571
-58.4438674650594,-12.2127556210571
-58.4573674650594,-12.2361382960571
-58.4708674650594,-12.2595209710571
-58.4843674650594,-12.2829036460571
-58.4033674650594,-12.7037917960571
-58.3898674650594,-12.7271744710571
-58.3763674650594,-12.7505571460571
-58.3628674650594,-12.7739398210571
-58.3493674650594,-12.7973224960571
-58.3358674650594,-12.8207051710571
-58.3223674650594,-12.8440878460571
-58.3088674650594,-12.8674705210571
-58.2953674650593,-12.8908531960571
-58.2548674650593,-12.9142358710571
-58.2278674650593,-12.9142358710571
-58.2008674650593,-12.9142358710571
-58.1738674650593,-12.9142358710571
-58.1468674650593,-12.9142358710571
-58.1198674650593,-12.9142358710571
-58.0928674650593,-12.9142358710571
-58.0658674650593,-12.9142358710571
-58.0388674650593,-12.9142358710571
-58.0118674650593,-12.9142358710571
-57.9848674650593,-12.9142358710571
-57.9578674650593,-12.9142358710571
-57.9308674650593,-12.9142358710571
-57.9038674650593,-12.9142358710571
-57.8768674650593,-12.9142358710571
-57.8498674650593,-12.9142358710571
-57.8228674650593,-12.9142358710571
-57.7958674650593,-12.9142358710571
-57.7688674650593,-12.9142358710571
-57.7418674650593,-12.9142358710571
-57.7013674650593,-12.8908531960571
-57.6878674650593,-12.8674705210571
-57.6743674650593,-12.8440878460571
-57.6608674650593,-12.8207051710571
-57.6473674650593,-12.7973224960571
-57.6338674650593,-12.7739398210571
-57.6203674650593,-12.7505571460571
-57.6068674650593,-12.7271744710571
-57.5933674650593,-12.7037917960571
-57.5798674650593,-12.6804091210571
-57.5663674650593,-12.6570264460571
-57.5528674650593,-12.6336437710571
-57.5393674650593,-12.6102610960571
-57.5258674650593,-12.5868784210571
-57.5123674650593,-12.5634957460571
-57.4988674650593,-12.5401130710571
-57.4853674650593,-12.5167303960571
-57.4718674650593,-12.4933477210571
-57.4583674650593,-12.4699650460571
-58.2953674650593,-11.9087808460571
-57.7013674650593,-12.9376185460571
-57.9443674650593,-11.9087808460571
-57.9713674650593,-11.9087808460571
-57.9983674650593,-11.9087808460571
-58.0253674650593,-11.9087808460571
-58.0523674650593,-11.9087808460571
-58.0793674650593,-11.9087808460571
-58.1063674650593,-11.9087808460571
-58.1333674650593,-11.9087808460571
-58.1603674650593,-11.9087808460571
-58.1873674650593,-11.9087808460571
-58.2143674650593,-11.9087808460571
-58.2413674650593,-11.9087808460571
-58.2683674650593,-11.9087808460571
-58.3088674650594,-11.9321635210571
-58.3223674650594,-11.9555461960571
-58.3358674650594,-11.9789288710571
-58.3493674650594,-12.0023115460571
-58.3628674650594,-12.0256942210571
-58.3763674650594,-12.0490768960571
-58.3898674650594,-12.0724595710571
-58.4033674650594,-12.0958422460571
-58.4168674650594,-12.1192249210571
-58.4303674650594,-12.1426075960571
-58.4438674650594,-12.1659902710571
-58.4573674650594,-12.1893729460571
-58.4708674650594,-12.2127556210571
-58.4843674650594,-12.2361382960571
-58.4978674650594,-12.2595209710571
-58.5113674650594,-12.2829036460571
-58.4033674650594,-12.7505571460571
-58.3898674650594,-12.7739398210571
-58.3763674650594,-12.7973224960571
-58.3628674650594,-12.8207051710571
-58.3493674650594,-12.8440878460571
-58.3358674650594,-12.8674705210571
-58.2683674650593,-12.9376185460571
-58.2413674650593,-12.9376185460571
-58.2143674650593,-12.9376185460571
-58.1873674650593,-12.9376185460571
-58.1603674650593,-12.9376185460571
-58.1333674650593,-12.9376185460571
-58.1063674650593,-12.9376185460571
-58.0793674650593,-12.9376185460571
-58.0523674650593,-12.9376185460571
-58.0253674650593,-12.9376185460571
-57.9983674650593,-12.9376185460571
-57.9713674650593,-12.9376185460571
-57.9443674650593,-12.9376185460571
-57.9173674650593,-12.9376185460571
-57.8903674650593,-12.9376185460571
-57.8633674650593,-12.9376185460571
-57.8363674650593,-12.9376185460571
-57.8093674650593,-12.9376185460571
-57.7823674650593,-12.9376185460571
-57.7553674650593,-12.9376185460571
-57.7283674650593,-12.9376185460571
-57.6878674650593,-12.9142358710571
-57.6743674650593,-12.8908531960571
-57.6608674650593,-12.8674705210571
-57.6473674650593,-12.8440878460571
-57.6338674650593,-12.8207051710571
-57.6203674650593,-12.7973224960571
-57.6068674650593,-12.7739398210571
-57.5933674650593,-12.7505571460571
-57.5798674650593,-12.7271744710571
-57.5663674650593,-12.7037917960571
-57.5528674650593,-12.6804091210571
-57.5393674650593,-12.6570264460571
-57.5258674650593,-12.6336437710571
-57.5123674650593,-12.6102610960571
-57.4988674650593,-12.5868784210571
-57.4853674650593,-12.5634957460571
-57.4718674650593,-12.5401130710571
-57.4583674650593,-12.5167303960571
-57.4448674650593,-12.4933477210571
-58.3088674650594,-11.8853981710571
-57.6878674650593,-12.9610012210571
-57.9308674650593,-11.8853981710571
-57.9578674650593,-11.8853981710571
-57.9848674650593,-11.8853981710571
-58.0118674650593,-11.8853981710571
-58.0388674650593,-11.8853981710571
-58.0658674650593,-11.8853981710571
-58.0928674650593,-11.8853981710571
-58.1198674650593,-11.8853981710571
-58.1468674650593,-11.8853981710571
-58.1738674650593,-11.8853981710571
-58.2008674650593,-11.8853981710571
-58.2278674650593,-11.8853981710571
-58.2548674650593,-11.8853981710571
-58.2818674650593,-11.8853981710571
-58.3223674650594,-11.9087808460571
-58.3358674650594,-11.9321635210571
-58.3493674650594,-11.9555461960571
-58.3628674650594,-11.9789288710571
-58.3763674650594,-12.0023115460571
-58.3898674650594,-12.0256942210571
-58.4033674650594,-12.0490768960571
-58.4168674650594,-12.0724595710571
-58.4303674650594,-12.0958422460571
-58.4438674650594,-12.1192249210571
-58.4573674650594,-12.1426075960571
-58.4708674650594,-12.1659902710571
-58.4843674650594,-12.1893729460571
-58.4978674650594,-12.2127556210571
-58.5113674650594,-12.2361382960571
-58.5248674650594,-12.2595209710571
-58.2278674650593,-12.9610012210571
-58.2008674650593,-12.9610012210571
-58.1738674650593,-12.9610012210571
-58.1468674650593,-12.9610012210571
-58.1198674650593,-12.9610012210571
-58.0928674650593,-12.9610012210571
-58.0658674650593,-12.9610012210571
-58.0388674650593,-12.9610012210571
-58.0118674650593,-12.9610012210571
-57.9848674650593,-12.9610012210571
-57.9578674650593,-12.9610012210571
-57.9308674650593,-12.9610012210571
-57.9038674650593,-12.9610012210571
-57.8768674650593,-12.9610012210571
-57.8498674650593,-12.9610012210571
-57.8228674650593,-12.9610012210571
-57.7958674650593,-12.9610012210571
-57.7688674650593,-12.9610012210571
-57.7418674650593,-12.9610012210571
-57.7148674650593,-12.9610012210571
-57.6743674650593,-12.9376185460571
-57.6608674650593,-12.9142358710571
-57.6473674650593,-12.8908531960571
-57.6338674650593,-12.8674705210571
-57.6203674650593,-12.8440878460571
-57.6068674650593,-12.8207051710571
-57.5933674650593,-12.7973224960571
-57.5798674650593,-12.7739398210571
-57.5663674650593,-12.7505571460571
-57.5528674650593,-12.7271744710571
-57.5393674650593,-12.7037917960571
-57.5258674650593,-12.6804091210571
-57.5123674650593,-12.6570264460571
-57.4988674650593,-12.6336437710571
-57.4853674650593,-12.6102610960571
-57.4718674650593,-12.5868784210571
-57.4583674650593,-12.5634957460571
-57.4448674650593,-12.5401130710571
-58.3223674650594,-11.8620154960571
-57.6743674650593,-12.9843838960571
-57.9713674650593,-11.8620154960571
-57.9983674650593,-11.8620154960571
-58.0253674650593,-11.8620154960571
-58.0523674650593,-11.8620154960571
-58.0793674650593,-11.8620154960571
-58.1063674650593,-11.8620154960571
-58.1333674650593,-11.8620154960571
-58.1603674650593,-11.8620154960571
-58.1873674650593,-11.8620154960571
-58.2143674650593,-11.8620154960571
-58.2413674650593,-11.8620154960571
-58.2683674650593,-11.8620154960571
-58.2953674650593,-11.8620154960571
-58.3358674650594,-11.8853981710571
-58.3493674650594,-11.9087808460571
-58.3628674650594,-11.9321635210571
-58.3763674650594,-11.9555461960571
-58.3898674650594,-11.9789288710571
-58.4033674650594,-12.0023115460571
-58.4168674650594,-12.0256942210571
-58.4303674650594,-12.0490768960571
-58.4438674650594,-12.0724595710571
-58.4573674650594,-12.0958422460571
-58.4708674650594,-12.1192249210571
-58.4843674650594,-12.1426075960571
-58.1873674650593,-12.9843838960571
-58.1603674650593,-12.9843838960571
-58.1333674650593,-12.9843838960571
-58.1063674650593,-12.9843838960571
-58.0793674650593,-12.9843838960571
-58.0523674650593,-12.9843838960571
-58.0253674650593,-12.9843838960571
-57.9983674650593,-12.9843838960571
-57.9713674650593,-12.9843838960571
-57.9443674650593,-12.9843838960571
-57.9173674650593,-12.9843838960571
-57.8903674650593,-12.9843838960571
-57.8633674650593,-12.9843838960571
-57.8363674650593,-12.9843838960571
-57.8093674650593,-12.9843838960571
-57.7823674650593,-12.9843838960571
-57.7553674650593,-12.9843838960571
-57.7283674650593,-12.9843838960571
-57.7013674650593,-12.9843838960571
-57.6608674650593,-12.9610012210571
-57.6473674650593,-12.9376185460571
-57.6338674650593,-12.9142358710571
-57.6203674650593,-12.8908531960571
-57.6068674650593,-12.8674705210571
-57.5933674650593,-12.8440878460571
-57.5798674650593,-12.8207051710571
-57.5663674650593,-12.7973224960571
-57.5528674650593,-12.7739398210571
-57.5393674650593,-12.7505571460571
-57.5258674650593,-12.7271744710571
-57.5123674650593,-12.7037917960571
-57.4988674650593,-12.6804091210571
-57.4853674650593,-12.6570264460571
-57.4718674650593,-12.6336437710571
-57.4583674650593,-12.6102610960571
-57.4448674650593,-12.5868784210571
-58.3358674650594,-11.8386328210571
-57.6608674650593,-13.0077665710571
-57.9848674650593,-11.8386328210571
-58.0118674650593,-11.8386328210571
-58.0388674650593,-11.8386328210571
-58.0658674650593,-11.8386328210571
-58.0928674650593,-11.8386328210571
-58.1198674650593,-11.8386328210571
-58.1468674650593,-11.8386328210571
-58.1738674650593,-11.8386328210571
-58.2008674650593,-11.8386328210571
-58.2278674650593,-11.8386328210571
-58.2548674650593,-11.8386328210571
-58.2818674650593,-11.8386328210571
-58.3088674650594,-11.8386328210571
-58.3493674650594,-11.8620154960571
-58.3628674650594,-11.8853981710571
-58.3763674650594,-11.9087808460571
-58.3898674650594,-11.9321635210571
-58.4033674650594,-11.9555461960571
-58.4168674650594,-11.9789288710571
-58.4303674650594,-12.0023115460571
-58.4438674650594,-12.0256942210571
-58.4573674650594,-12.0490768960571
-58.4708674650594,-12.0724595710571
-58.4843674650594,-12.0958422460571
-58.1738674650593,-13.0077665710571
-58.1468674650593,-13.0077665710571
-58.1198674650593,-13.0077665710571
-58.0928674650593,-13.0077665710571
-58.0658674650593,-13.0077665710571
-58.0388674650593,-13.0077665710571
-58.0118674650593,-13.0077665710571
-57.9848674650593,-13.0077665710571
-57.9578674650593,-13.0077665710571
-57.9308674650593,-13.0077665710571
-57.9038674650593,-13.0077665710571
-57.8768674650593,-13.0077665710571
-57.8498674650593,-13.0077665710571
-57.8228674650593,-13.0077665710571
-57.7958674650593,-13.0077665710571
-57.7688674650593,-13.0077665710571
-57.7418674650593,-13.0077665710571
-57.7148674650593,-13.0077665710571
-57.6878674650593,-13.0077665710571
-57.6473674650593,-12.9843838960571
-57.6338674650593,-12.9610012210571
-57.6203674650593,-12.9376185460571
-57.6068674650593,-12.9142358710571
-57.5933674650593,-12.8908531960571
-57.5798674650593,-12.8674705210571
-57.5663674650593,-12.8440878460571
-57.5528674650593,-12.8207051710571
-57.5393674650593,-12.7973224960571
-57.5258674650593,-12.7739398210571
-57.5123674650593,-12.7505571460571
-57.4988674650593,-12.7271744710571
-57.4853674650593,-12.7037917960571
-57.4718674650593,-12.6804091210571
-57.4583674650593,-12.6570264460571
-57.4448674650593,-12.6336437710571
-58.3493674650594,-11.8152501460571
-57.6473674650593,-13.0311492460571
-57.9983674650593,-11.8152501460571
-58.0253674650593,-11.8152501460571
-58.0523674650593,-11.8152501460571
-58.0793674650593,-11.8152501460571
-58.1063674650593,-11.8152501460571
-58.1333674650593,-11.8152501460571
-58.1603674650593,-11.8152501460571
-58.1873674650593,-11.8152501460571
-58.2143674650593,-11.8152501460571
-58.2413674650593,-11.8152501460571
-58.2683674650593,-11.8152501460571
-58.2953674650593,-11.8152501460571
-58.3223674650594,-11.8152501460571
-58.3628674650594,-11.8386328210571
-58.3763674650594,-11.8620154960571
-58.3898674650594,-11.8853981710571
-58.4033674650594,-11.9087808460571
-58.4168674650594,-11.9321635210571
-58.4303674650594,-11.9555461960571
-58.4438674650594,-11.9789288710571
-58.4573674650594,-12.0023115460571
-58.4708674650594,-12.0256942210571
-58.1873674650593,-13.0311492460571
-58.1603674650593,-13.0311492460571
-58.1333674650593,-13.0311492460571
-58.1063674650593,-13.0311492460571
-58.0793674650593,-13.0311492460571
-58.0523674650593,-13.0311492460571
-58.0253674650593,-13.0311492460571
-57.9983674650593,-13.0311492460571
-57.9713674650593,-13.0311492460571
-57.9443674650593,-13.0311492460571
-57.9173674650593,-13.0311492460571
-57.8903674650593,-13.0311492460571
-57.8633674650593,-13.0311492460571
-57.8363674650593,-13.0311492460571
-57.8093674650593,-13.0311492460571
-57.7823674650593,-13.0311492460571
-57.7553674650593,-13.0311492460571
-57.7283674650593,-13.0311492460571
-57.7013674650593,-13.0311492460571
-57.6743674650593,-13.0311492460571
-57.6338674650593,-13.0077665710571
-57.6203674650593,-12.9843838960571
-57.6068674650593,-12.9610012210571
-57.5933674650593,-12.9376185460571
-57.5798674650593,-12.9142358710571
-57.5663674650593,-12.8908531960571
-57.5528674650593,-12.8674705210571
-57.5393674650593,-12.8440878460571
-57.5258674650593,-12.8207051710571
-57.5123674650593,-12.7973224960571
-57.4988674650593,-12.7739398210571
-57.4853674650593,-12.7505571460571
-57.4718674650593,-12.7271744710571
-57.4583674650593,-12.7037917960571
-57.4448674650593,-12.6804091210571
-57.4313674650593,-12.6570264460571
-58.3628674650594,-11.7918674710571
-57.6338674650593,-13.0545319210571
-58.0118674650593,-11.7918674710571
-58.0388674650593,-11.7918674710571
-58.0658674650593,-11.7918674710571
-58.0928674650593,-11.7918674710571
-58.1198674650593,-11.7918674710571
-58.1468674650593,-11.7918674710571
-58.1738674650593,-11.7918674710571
-58.2008674650593,-11.7918674710571
-58.2278674650593,-11.7918674710571
-58.2548674650593,-11.7918674710571
-58.2818674650593,-11.7918674710571
-58.3088674650594,-11.7918674710571
-58.3358674650594,-11.7918674710571
-58.3763674650594,-11.8152501460571
-58.3898674650594,-11.8386328210571
-58.4033674650594,-11.8620154960571
-58.4168674650594,-11.8853981710571
-58.4303674650594,-11.9087808460571
-58.4438674650594,-11.9321635210571
-58.1468674650593,-13.0545319210571
-58.1198674650593,-13.0545319210571
-58.0928674650593,-13.0545319210571
-58.0658674650593,-13.0545319210571
-58.0388674650593,-13.0545319210571
-58.0118674650593,-13.0545319210571
-57.9848674650593,-13.0545319210571
-57.9578674650593,-13.0545319210571
-57.9308674650593,-13.0545319210571
-57.9038674650593,-13.0545319210571
-57.8768674650593,-13.0545319210571
-57.8498674650593,-13.0545319210571
-57.8228674650593,-13.0545319210571
-57.7958674650593,-13.0545319210571
-57.7688674650593,-13.0545319210571
-57.7418674650593,-13.0545319210571
-57.7148674650593,-13.0545319210571
-57.6878674650593,-13.0545319210571
-57.6608674650593,-13.0545319210571
-57.6203674650593,-13.0311492460571
-57.6068674650593,-13.0077665710571
-57.5933674650593,-12.9843838960571
-57.5798674650593,-12.9610012210571
-57.5663674650593,-12.9376185460571
-57.5528674650593,-12.9142358710571
-57.5393674650593,-12.8908531960571
-57.5258674650593,-12.8674705210571
-57.5123674650593,-12.8440878460571
-57.4988674650593,-12.8207051710571
-57.4853674650593,-12.7973224960571
-57.4718674650593,-12.7739398210571
-57.4583674650593,-12.7505571460571
-57.4448674650593,-12.7271744710571
-57.4313674650593,-12.7037917960571
-57.4178674650593,-12.6804091210571
-58.3763674650594,-11.7684847960571
-57.6203674650593,-13.0779145960571
-58.0523674650593,-11.7684847960571
-58.0793674650593,-11.7684847960571
-58.1063674650593,-11.7684847960571
-58.1333674650593,-11.7684847960571
-58.1603674650593,-11.7684847960571
-58.1873674650593,-11.7684847960571
-58.2143674650593,-11.7684847960571
-58.2413674650593,-11.7684847960571
-58.2683674650593,-11.7684847960571
-58.2953674650593,-11.7684847960571
-58.3223674650594,-11.7684847960571
-58.3493674650594,-11.7684847960571
-58.3898674650594,-11.7918674710571
-58.4033674650594,-11.8152501460571
-58.4168674650594,-11.8386328210571
-58.1603674650593,-13.0779145960571
-58.1333674650593,-13.0779145960571
-58.1063674650593,-13.0779145960571
-58.0793674650593,-13.0779145960571
-58.0523674650593,-13.0779145960571
-58.0253674650593,-13.0779145960571
-57.9983674650593,-13.0779145960571
-57.9713674650593,-13.0779145960571
-57.9443674650593,-13.0779145960571
-57.9173674650593,-13.0779145960571
-57.8903674650593,-13.0779145960571
-57.8633674650593,-13.0779145960571
-57.8363674650593,-13.0779145960571
-57.8093674650593,-13.0779145960571
-57.7823674650593,-13.0779145960571
-57.7553674650593,-13.0779145960571
-57.7283674650593,-13.0779145960571
-57.7013674650593,-13.0779145960571
-57.6743674650593,-13.0779145960571
-57.6473674650593,-13.0779145960571
-57.6068674650593,-13.0545319210571
-57.5933674650593,-13.0311492460571
-57.5798674650593,-13.0077665710571
-57.5663674650593,-12.9843838960571
-57.5528674650593,-12.9610012210571
-57.5393674650593,-12.9376185460571
-57.5258674650593,-12.9142358710571
-57.5123674650593,-12.8908531960571
-57.4988674650593,-12.8674705210571
-57.4853674650593,-12.8440878460571
-57.4718674650593,-12.8207051710571
-57.4583674650593,-12.7973224960571
-57.4448674650593,-12.7739398210571
-57.4313674650593,-12.7505571460571
-57.4178674650593,-12.7271744710571
-57.4043674650593,-12.7037917960571
-58.3898674650594,-11.7451021210571
-57.6068674650593,-13.1012972710571
-58.0658674650593,-11.7451021210571
-58.0928674650593,-11.7451021210571
-58.1198674650593,-11.7451021210571
-58.1468674650593,-11.7451021210571
-58.1738674650593,-11.7451021210571
-58.2008674650593,-11.7451021210571
-58.2278674650593,-11.7451021210571
-58.2548674650593,-11.7451021210571
-58.2818674650593,-11.7451021210571
-58.3088674650594,-11.7451021210571
-58.3358674650594,-11.7451021210571
-58.3628674650594,-11.7451021210571
-58.1738674650593,-13.1012972710571
-58.1468674650593,-13.1012972710571
-58.1198674650593,-13.1012972710571
-58.0928674650593,-13.1012972710571
-58.0658674650593,-13.1012972710571
-58.0388674650593,-13.1012972710571
-58.0118674650593,-13.1012972710571
-57.9848674650593,-13.1012972710571
-57.9578674650593,-13.1012972710571
-57.9308674650593,-13.1012972710571
-57.9038674650593,-13.1012972710571
-57.8768674650593,-13.1012972710571
-57.8498674650593,-13.1012972710571
-57.8228674650593,-13.1012972710571
-57.7958674650593,-13.1012972710571
-57.7688674650593,-13.1012972710571
-57.7418674650593,-13.1012972710571
-57.7148674650593,-13.1012972710571
-57.6878674650593,-13.1012972710571
-57.6608674650593,-13.1012972710571
-57.6338674650593,-13.1012972710571
-57.5933674650593,-13.0779145960571
-57.5798674650593,-13.0545319210571
-57.5663674650593,-13.0311492460571
-57.5528674650593,-13.0077665710571
-57.5393674650593,-12.9843838960571
-57.5258674650593,-12.9610012210571
-57.5123674650593,-12.9376185460571
-57.4988674650593,-12.9142358710571
-57.4853674650593,-12.8908531960571
-57.4718674650593,-12.8674705210571
-57.4583674650593,-12.8440878460571
-57.4448674650593,-12.8207051710571
-57.4313674650593,-12.7973224960571
-57.4178674650593,-12.7739398210571
-57.5933674650593,-13.1246799460571
-58.0523674650593,-11.7217194460571
-58.0793674650593,-11.7217194460571
-58.1063674650593,-11.7217194460571
-58.1333674650593,-11.7217194460571
-58.1603674650593,-11.7217194460571
-58.1873674650593,-11.7217194460571
-58.2143674650593,-11.7217194460571
-58.2413674650593,-11.7217194460571
-58.2683674650593,-11.7217194460571
-58.2953674650593,-11.7217194460571
-58.3223674650594,-11.7217194460571
-58.3493674650594,-11.7217194460571
-58.3763674650594,-11.7217194460571
-58.1603674650593,-13.1246799460571
-58.1333674650593,-13.1246799460571
-58.1063674650593,-13.1246799460571
-58.0793674650593,-13.1246799460571
-58.0523674650593,-13.1246799460571
-58.0253674650593,-13.1246799460571
-57.9983674650593,-13.1246799460571
-57.9713674650593,-13.1246799460571
-57.9443674650593,-13.1246799460571
-57.9173674650593,-13.1246799460571
-57.8903674650593,-13.1246799460571
-57.8633674650593,-13.1246799460571
-57.8363674650593,-13.1246799460571
-57.8093674650593,-13.1246799460571
-57.7823674650593,-13.1246799460571
-57.7553674650593,-13.1246799460571
-57.7283674650593,-13.1246799460571
-57.7013674650593,-13.1246799460571
-57.6743674650593,-13.1246799460571
-57.6473674650593,-13.1246799460571
-57.6203674650593,-13.1246799460571
-57.5798674650593,-13.1012972710571
-57.5663674650593,-13.0779145960571
-57.5528674650593,-13.0545319210571
-57.5393674650593,-13.0311492460571
-57.5258674650593,-13.0077665710571
-57.5123674650593,-12.9843838960571
-57.4988674650593,-12.9610012210571
-57.4853674650593,-12.9376185460571
-57.4718674650593,-12.9142358710571
-57.4583674650593,-12.8908531960571
-57.4448674650593,-12.8674705210571
-57.4313674650593,-12.8440878460571
-57.4178674650593,-12.8207051710571
-57.4043674650593,-12.7973224960571
-57.5798674650593,-13.1480626210571
-58.0928674650593,-11.6983367710571
-58.1198674650593,-11.6983367710571
-58.1468674650593,-11.6983367710571
-58.1738674650593,-11.6983367710571
-58.2008674650593,-11.6983367710571
-58.2278674650593,-11.6983367710571
-58.2548674650593,-11.6983367710571
-58.2818674650593,-11.6983367710571
-58.3088674650594,-11.6983367710571
-58.3358674650594,-11.6983367710571
-58.3628674650594,-11.6983367710571
-58.3898674650594,-11.6983367710571
-58.1738674650593,-13.1480626210571
-58.1468674650593,-13.1480626210571
-58.1198674650593,-13.1480626210571
-58.0928674650593,-13.1480626210571
-58.0658674650593,-13.1480626210571
-58.0388674650593,-13.1480626210571
-58.0118674650593,-13.1480626210571
-57.9848674650593,-13.1480626210571
-57.9578674650593,-13.1480626210571
-57.9308674650593,-13.1480626210571
-57.9038674650593,-13.1480626210571
-57.8768674650593,-13.1480626210571
-57.8498674650593,-13.1480626210571
-57.8228674650593,-13.1480626210571
-57.7958674650593,-13.1480626210571
-57.7688674650593,-13.1480626210571
-57.7418674650593,-13.1480626210571
-57.7148674650593,-13.1480626210571
-57.6878674650593,-13.1480626210571
-57.6608674650593,-13.1480626210571
-57.6338674650593,-13.1480626210571
-57.6068674650593,-13.1480626210571
-57.5663674650593,-13.1246799460571
-57.5528674650593,-13.1012972710571
-57.5393674650593,-13.0779145960571
-57.5258674650593,-13.0545319210571
-57.5123674650593,-13.0311492460571
-57.4988674650593,-13.0077665710571
-57.4853674650593,-12.9843838960571
-57.4718674650593,-12.9610012210571
-57.4583674650593,-12.9376185460571
-57.4448674650593,-12.9142358710571
-57.4313674650593,-12.8908531960571
-57.4178674650593,-12.8674705210571
-57.4043674650593,-12.8440878460571
-57.3908674650593,-12.8207051710571
-58.0793674650593,-11.6749540960571
-58.1063674650593,-11.6749540960571
-58.1333674650593,-11.6749540960571
-58.1603674650593,-11.6749540960571
-58.1873674650593,-11.6749540960571
-58.2143674650593,-11.6749540960571
-58.2413674650593,-11.6749540960571
-58.2683674650593,-11.6749540960571
-58.2953674650593,-11.6749540960571
-58.3223674650594,-11.6749540960571
-58.3493674650594,-11.6749540960571
-58.3763674650594,-11.6749540960571
-58.1603674650593,-13.1714452960571
-58.1333674650593,-13.1714452960571
-58.1063674650593,-13.1714452960571
-58.0793674650593,-13.1714452960571
-58.0523674650593,-13.1714452960571
-58.0253674650593,-13.1714452960571
-57.9983674650593,-13.1714452960571
-57.9713674650593,-13.1714452960571
-57.9443674650593,-13.1714452960571
-57.9173674650593,-13.1714452960571
-57.8903674650593,-13.1714452960571
-57.8633674650593,-13.1714452960571
-57.8363674650593,-13.1714452960571
-57.8093674650593,-13.1714452960571
-57.7823674650593,-13.1714452960571
-57.7553674650593,-13.1714452960571
-57.7283674650593,-13.1714452960571
-57.7013674650593,-13.1714452960571
-57.5933674650593,-13.1714452960571
-57.5528674650593,-13.1480626210571
-57.5393674650593,-13.1246799460571
-57.5258674650593,-13.1012972710571
-57.5123674650593,-13.0779145960571
-57.4988674650593,-13.0545319210571
-57.4853674650593,-13.0311492460571
-57.4718674650593,-13.0077665710571
-57.4583674650593,-12.9843838960571
-57.4448674650593,-12.9610012210571
-57.4313674650593,-12.9376185460571
-57.4178674650593,-12.9142358710571
-57.4043674650593,-12.8908531960571
-57.3908674650593,-12.8674705210571
-57.3773674650593,-12.8440878460571
-58.0928674650593,-11.6515714210571
-58.1198674650593,-11.6515714210571
-58.1468674650593,-11.6515714210571
-58.1738674650593,-11.6515714210571
-58.2008674650593,-11.6515714210571
-58.2278674650593,-11.6515714210571
-58.2548674650593,-11.6515714210571
-58.2818674650593,-11.6515714210571
-58.3088674650594,-11.6515714210571
-58.3358674650594,-11.6515714210571
-58.3628674650594,-11.6515714210571
-58.3898674650594,-11.6515714210571
-58.1468674650593,-13.1948279710571
-58.1198674650593,-13.1948279710571
-58.0928674650593,-13.1948279710571
-58.0658674650593,-13.1948279710571
-58.0388674650593,-13.1948279710571
-58.0118674650593,-13.1948279710571
-57.9848674650593,-13.1948279710571
-57.9578674650593,-13.1948279710571
-57.9308674650593,-13.1948279710571
-57.9038674650593,-13.1948279710571
-57.8768674650593,-13.1948279710571
-57.8498674650593,-13.1948279710571
-57.8228674650593,-13.1948279710571
-57.7958674650593,-13.1948279710571
-57.7688674650593,-13.1948279710571
-57.7418674650593,-13.1948279710571
-57.7148674650593,-13.1948279710571
-57.5258674650593,-13.1480626210571
-57.5123674650593,-13.1246799460571
-57.4988674650593,-13.1012972710571
-57.4853674650593,-13.0779145960571
-57.4718674650593,-13.0545319210571
-57.4583674650593,-13.0311492460571
-57.4448674650593,-13.0077665710571
-57.4313674650593,-12.9843838960571
-57.4178674650593,-12.9610012210571
-57.4043674650593,-12.9376185460571
-57.3908674650593,-12.9142358710571
-57.3773674650593,-12.8908531960571
-57.3638674650593,-12.8674705210571
-58.0793674650593,-11.6281887460571
-58.1063674650593,-11.6281887460571
-58.1333674650593,-11.6281887460571
-58.1603674650593,-11.6281887460571
-58.1873674650593,-11.6281887460571
-58.2143674650593,-11.6281887460571
-58.2413674650593,-11.6281887460571
-58.2683674650593,-11.6281887460571
-58.2953674650593,-11.6281887460571
-58.3223674650594,-11.6281887460571
-58.3493674650594,-11.6281887460571
-58.3763674650594,-11.6281887460571
-58.4033674650594,-11.6281887460571
-58.1333674650593,-13.2182106460571
-58.1063674650593,-13.2182106460571
-58.0793674650593,-13.2182106460571
-58.0523674650593,-13.2182106460571
-58.0253674650593,-13.2182106460571
-57.9983674650593,-13.2182106460571
-57.9713674650593,-13.2182106460571
-57.8633674650593,-13.2182106460571
-57.8363674650593,-13.2182106460571
-57.8093674650593,-13.2182106460571
-57.7823674650593,-13.2182106460571
-57.7553674650593,-13.2182106460571
-57.7283674650593,-13.2182106460571
-57.4988674650593,-13.1480626210571
-57.4853674650593,-13.1246799460571
-57.4718674650593,-13.1012972710571
-57.4583674650593,-13.0779145960571
-57.4448674650593,-13.0545319210571
-57.4313674650593,-13.0311492460571
-57.4178674650593,-13.0077665710571
-57.4043674650593,-12.9843838960571
-57.3908674650593,-12.9610012210571
-57.3773674650593,-12.9376185460571
-57.3638674650593,-12.9142358710571
-57.3503674650593,-12.8908531960571
-58.0928674650593,-11.6048060710571
-58.1198674650593,-11.6048060710571
-58.1468674650593,-11.6048060710571
-58.1738674650593,-11.6048060710571
-58.2008674650593,-11.6048060710571
-58.2278674650593,-11.6048060710571
-58.2548674650593,-11.6048060710571
-58.2818674650593,-11.6048060710571
-58.3088674650594,-11.6048060710571
-58.3358674650594,-11.6048060710571
-58.3628674650594,-11.6048060710571
-58.3898674650594,-11.6048060710571
-58.0658674650593,-13.2415933210571
-57.8228674650593,-13.2415933210571
-57.7958674650593,-13.2415933210571
-57.7688674650593,-13.2415933210571
-57.7418674650593,-13.2415933210571
-57.4583674650593,-13.1246799460571
-57.4448674650593,-13.1012972710571
-57.4313674650593,-13.0779145960571
-57.4178674650593,-13.0545319210571
-57.4043674650593,-13.0311492460571
-57.3908674650593,-13.0077665710571
-57.3773674650593,-12.9843838960571
-57.3638674650593,-12.9610012210571
-57.3503674650593,-12.9376185460571
-57.3368674650593,-12.9142358710571
-58.1063674650593,-11.5814233960571
-58.1333674650593,-11.5814233960571
-58.1603674650593,-11.5814233960571
-58.1873674650593,-11.5814233960571
-58.2143674650593,-11.5814233960571
-58.2413674650593,-11.5814233960571
-58.2683674650593,-11.5814233960571
-58.2953674650593,-11.5814233960571
-58.3223674650594,-11.5814233960571
-58.3493674650594,-11.5814233960571
-58.3763674650594,-11.5814233960571
-57.7553674650593,-13.2649759960571
-57.4313674650593,-13.1246799460571
-57.4178674650593,-13.1012972710571
-57.4043674650593,-13.0779145960571
-57.3908674650593,-13.0545319210571
-57.3773674650593,-13.0311492460571
-57.3638674650593,-13.0077665710571
-57.3503674650593,-12.9843838960571
-57.3368674650593,-12.9610012210571
-57.3233674650593,-12.9376185460571
-57.3098674650593,-12.9142358710571
-58.1468674650593,-11.5580407210571
-58.1738674650593,-11.5580407210571
-58.2008674650593,-11.5580407210571
-58.2278674650593,-11.5580407210571
-58.2548674650593,-11.5580407210571
-58.2818674650593,-11.5580407210571
-58.3088674650594,-11.5580407210571
-58.3358674650594,-11.5580407210571
-58.3628674650594,-11.5580407210571
-57.3638674650593,-13.0545319210571
-57.3503674650593,-13.0311492460571
-57.3368674650593,-13.0077665710571
-57.3233674650593,-12.9843838960571
-57.3098674650593,-12.9610012210571
-57.2963674650593,-12.9376185460571
-58.1603674650593,-11.5346580460571
-58.1873674650593,-11.5346580460571
-58.2143674650593,-11.5346580460571
-58.2413674650593,-11.5346580460571
-58.2683674650593,-11.5346580460571
-58.2953674650593,-11.5346580460571
-58.3223674650594,-11.5346580460571
-58.3493674650594,-11.5346580460571
-58.3763674650594,-11.5346580460571
-57.3233674650593,-13.0311492460571
-58.1738674650593,-11.5112753710571
-58.2008674650593,-11.5112753710571
-58.2278674650593,-11.5112753710571
-58.2548674650593,-11.5112753710571
-58.2818674650593,-11.5112753710571
-58.3088674650594,-11.5112753710571
-58.3358674650594,-11.5112753710571
-58.1873674650593,-11.4878926960571
-58.2143674650593,-11.4878926960571
-58.2413674650593,-11.4878926960571
-58.2683674650593,-11.4878926960571
-58.2953674650593,-11.4878926960571
-58.3223674650594,-11.4878926960571
-58.1738674650593,-11.4645100210571
-58.2008674650593,-11.4645100210571
-58.2278674650593,-11.4645100210571
-58.2548674650593,-11.4645100210571
-58.2818674650593,-11.4645100210571
-58.3088674650594,-11.4645100210571
-58.1603674650593,-11.4411273460571
-58.1873674650593,-11.4411273460571
-58.2143674650593,-11.4411273460571
-58.2413674650593,-11.4411273460571
-58.2683674650593,-11.4411273460571
-58.2953674650593,-11.4411273460571
-58.1738674650593,-11.4177446710571
-58.2008674650593,-11.4177446710571
-58.2278674650593,-11.4177446710571
-58.2548674650593,-11.4177446710571
-58.2818674650593,-11.4177446710571
-58.3088674650594,-11.4177446710571
-58.1603674650593,-11.3943619960571
-58.1873674650593,-11.3943619960571
-58.2143674650593,-11.3943619960571
-58.2413674650593,-11.3943619960571
-58.2683674650593,-11.3943619960571
-58.2953674650593,-11.3943619960571
-58.3223674650594,-11.3943619960571
-58.1468674650593,-11.3709793210571
-58.1738674650593,-11.3709793210571
-58.2008674650593,-11.3709793210571
-58.2278674650593,-11.3709793210571
-58.2548674650593,-11.3709793210571
-58.2818674650593,-11.3709793210571
-58.3088674650594,-11.3709793210571
-58.3358674650594,-11.3709793210571
-58.1333674650593,-11.3475966460571
-58.1603674650593,-11.3475966460571
-58.1873674650593,-11.3475966460571
-58.2143674650593,-11.3475966460571
-58.2413674650593,-11.3475966460571
-58.2683674650593,-11.3475966460571
-58.2953674650593,-11.3475966460571
-58.3223674650594,-11.3475966460571
-58.1468674650593,-11.3242139710571
-58.1738674650593,-11.3242139710571
-58.2008674650593,-11.3242139710571
-58.2278674650593,-11.3242139710571
-58.2548674650593,-11.3242139710571
-58.2818674650593,-11.3242139710571
-58.3088674650594,-11.3242139710571
-58.1333674650593,-11.3008312960571
-58.1603674650593,-11.3008312960571
-58.1873674650593,-11.3008312960571
-58.2143674650593,-11.3008312960571
-58.2413674650593,-11.3008312960571
-58.2683674650593,-11.3008312960571
-58.2953674650593,-11.3008312960571
-58.3223674650594,-11.3008312960571
-58.1468674650593,-11.2774486210571
-58.2008674650593,-11.2774486210571
-58.2278674650593,-11.2774486210571
-58.2548674650593,-11.2774486210571
-58.2818674650593,-11.2774486210571
-58.3088674650594,-11.2774486210571
-58.3358674650594,-11.2774486210571
-58.2143674650593,-11.2540659460571
-58.2413674650593,-11.2540659460571
-58.2683674650593,-11.2540659460571
-58.2953674650593,-11.2540659460571
-58.3223674650594,-11.2540659460571
-58.3493674650594,-11.2540659460571
-58.3763674650594,-11.2540659460571
-58.2548674650593,-11.2306832710571
-58.2818674650593,-11.2306832710571
-58.3088674650594,-11.2306832710571
-58.3358674650594,-11.2306832710571
-58.3628674650594,-11.2306832710571
-58.2683674650593,-11.2073005960571
-58.2953674650593,-11.2073005960571
-58.3223674650594,-11.2073005960571
-58.3493674650594,-11.2073005960571
-58.2818674650593,-11.1839179210571
-58.3088674650594,-11.1839179210571
-58.3358674650594,-11.1839179210571
-58.2683674650593,-11.1605352460571
-58.2953674650593,-11.1605352460571
-58.3223674650594,-11.1605352460571
-58.2548674650593,-11.1371525710571
-58.2818674650593,-11.1371525710571
-58.3088674650594,-11.1371525710571
-58.3358674650594,-11.1371525710571
-58.2683674650593,-11.1137698960571
-58.2953674650593,-11.1137698960571
-58.3223674650594,-11.1137698960571
-58.3493674650594,-11.1137698960571
-58.2548674650593,-11.0903872210571
-58.2818674650593,-11.0903872210571
-58.3088674650594,-11.0903872210571
-58.3358674650594,-11.0903872210571
-58.2683674650593,-11.0670045460571
-58.2953674650593,-11.0670045460571
-58.3223674650594,-11.0670045460571
-58.3493674650594,-11.0670045460571
-58.2818674650593,-11.0436218710571
-58.3088674650594,-11.0436218710571
-58.3358674650594,-11.0436218710571
-58.3628674650594,-11.0436218710571
-58.2953674650593,-11.0202391960571
-58.3223674650594,-11.0202391960571
-58.3493674650594,-11.0202391960571
-58.3358674650594,-10.9968565210571
-58.3628674650594,-10.9968565210571
-58.3223674650594,-10.9734738460571
-58.3493674650594,-10.9734738460571
