-56.8118848031572,-13.5534178067788
-56.7848848031572,-13.5534178067788
-56.7983848031572,-13.5300351317788
-56.8253848031572,-13.5300351317788
-56.8388848031572,-13.5534178067788
-56.8253848031572,-13.5768004817789
-56.7983848031572,-13.5768004817789
-56.7578848031572,-13.5534178067788
-56.7848848031572,-13.5066524567788
-56.8388848031572,-13.5066524567788
-56.8658848031572,-13.5534178067788
-56.8388848031572,-13.6001831567789
-56.7848848031572,-13.6001831567789
-56.7713848031572,-13.5300351317788
-56.8118848031572,-13.5066524567788
-56.8523848031572,-13.5300351317788
-56.8523848031572,-13.5768004817789
-56.8118848031572,-13.6001831567789
-56.7713848031572,-13.5768004817789
-56.7308848031572,-13.5534178067788
-56.7713848031572,-13.4832697817788
-56.8523848031572,-13.4832697817788
-56.8928848031572,-13.5534178067788
-56.8523848031572,-13.6235658317789
-56.7713848031572,-13.6235658317789
-56.7443848031572,-13.5300351317788
-56.7578848031572,-13.5066524567788
-56.7983848031572,-13.4832697817788
-56.8253848031572,-13.4832697817788
-56.8658848031572,-13.5066524567788
-56.8793848031572,-13.5300351317788
-56.8793848031572,-13.5768004817789
-56.8658848031572,-13.6001831567789
-56.8253848031572,-13.6235658317789
-56.7983848031572,-13.6235658317789
-56.7578848031572,-13.6001831567789
-56.7443848031572,-13.5768004817789
-56.7038848031572,-13.5534178067788
-56.7578848031572,-13.4598871067788
-56.8658848031572,-13.4598871067788
-56.9198848031572,-13.5534178067788
-56.8658848031572,-13.6469485067789
-56.7578848031572,-13.6469485067789
-56.7173848031572,-13.5300351317788
-56.7308848031572,-13.5066524567788
-56.7443848031572,-13.4832697817788
-56.7848848031572,-13.4598871067788
-56.8118848031572,-13.4598871067788
-56.8388848031572,-13.4598871067788
-56.8793848031572,-13.4832697817788
-56.8928848031572,-13.5066524567788
-56.9063848031572,-13.5300351317788
-56.9063848031572,-13.5768004817789
-56.8928848031572,-13.6001831567789
-56.8793848031572,-13.6235658317789
-56.8388848031572,-13.6469485067789
-56.8118848031572,-13.6469485067789
-56.7848848031572,-13.6469485067789
-56.7443848031572,-13.6235658317789
-56.7308848031572,-13.6001831567789
-56.7173848031572,-13.5768004817789
-56.6768848031572,-13.5534178067788
-56.7443848031572,-13.4365044317788
-56.8793848031572,-13.4365044317788
-56.9468848031572,-13.5534178067788
-56.8793848031572,-13.6703311817789
-56.6903848031572,-13.5300351317788
-56.7038848031572,-13.5066524567788
-56.7173848031572,-13.4832697817788
-56.7308848031572,-13.4598871067788
-56.7713848031572,-13.4365044317788
-56.7983848031572,-13.4365044317788
-56.8253848031572,-13.4365044317788
-56.8523848031572,-13.4365044317788
-56.8928848031572,-13.4598871067788
-56.9063848031572,-13.4832697817788
-56.9198848031572,-13.5066524567788
-56.9333848031572,-13.5300351317788
-56.9333848031572,-13.5768004817789
-56.9198848031572,-13.6001831567789
-56.9063848031572,-13.6235658317789
-56.8928848031572,-13.6469485067789
-56.8523848031572,-13.6703311817789
-56.8253848031572,-13.6703311817789
-56.7983848031572,-13.6703311817789
-56.7713848031572,-13.6703311817789
-56.7308848031572,-13.6469485067789
-56.7173848031572,-13.6235658317789
-56.7038848031572,-13.6001831567789
-56.6903848031572,-13.5768004817789
-56.6498848031572,-13.5534178067788
-56.7308848031572,-13.4131217567788
-56.8928848031572,-13.4131217567788
-56.9738848031572,-13.5534178067788
-56.8928848031572,-13.6937138567789
-56.6633848031572,-13.5300351317788
-56.6768848031572,-13.5066524567788
-56.6903848031572,-13.4832697817788
-56.7038848031572,-13.4598871067788
-56.7173848031572,-13.4365044317788
-56.7578848031572,-13.4131217567788
-56.7848848031572,-13.4131217567788
-56.8118848031572,-13.4131217567788
-56.8388848031572,-13.4131217567788
-56.8658848031572,-13.4131217567788
-56.9063848031572,-13.4365044317788
-56.9198848031572,-13.4598871067788
-56.9333848031572,-13.4832697817788
-56.9468848031572,-13.5066524567788
-56.9603848031572,-13.5300351317788
-56.9603848031572,-13.5768004817789
-56.9468848031572,-13.6001831567789
-56.9333848031572,-13.6235658317789
-56.9198848031572,-13.6469485067789
-56.9063848031572,-13.6703311817789
-56.8658848031572,-13.6937138567789
-56.8388848031572,-13.6937138567789
-56.8118848031572,-13.6937138567789
-56.7848848031572,-13.6937138567789
-56.7038848031572,-13.6469485067789
-56.6903848031572,-13.6235658317789
-56.6768848031572,-13.6001831567789
-56.6633848031572,-13.5768004817789
-56.6228848031572,-13.5534178067788
-56.7173848031572,-13.3897390817788
-56.9063848031572,-13.3897390817788
-57.0008848031572,-13.5534178067788
-56.9063848031572,-13.7170965317789
-56.6363848031572,-13.5300351317788
-56.6498848031572,-13.5066524567788
-56.6633848031572,-13.4832697817788
-56.6768848031572,-13.4598871067788
-56.6903848031572,-13.4365044317788
-56.7038848031572,-13.4131217567788
-56.7443848031572,-13.3897390817788
-56.7713848031572,-13.3897390817788
-56.7983848031572,-13.3897390817788
-56.8253848031572,-13.3897390817788
-56.8523848031572,-13.3897390817788
-56.8793848031572,-13.3897390817788
-56.9198848031572,-13.4131217567788
-56.9333848031572,-13.4365044317788
-56.9468848031572,-13.4598871067788
-56.9603848031572,-13.4832697817788
-56.9738848031572,-13.5066524567788
-56.9873848031572,-13.5300351317788
-56.9873848031572,-13.5768004817789
-56.9738848031572,-13.6001831567789
-56.9603848031572,-13.6235658317789
-56.9468848031572,-13.6469485067789
-56.9333848031572,-13.6703311817789
-56.9198848031572,-13.6937138567789
-56.8793848031572,-13.7170965317789
-56.8523848031572,-13.7170965317789
-56.8253848031572,-13.7170965317789
-56.7983848031572,-13.7170965317789
-56.6903848031572,-13.6703311817789
-56.6768848031572,-13.6469485067789
-56.6633848031572,-13.6235658317789
-56.6498848031572,-13.6001831567789
-56.6363848031572,-13.5768004817789
-56.5958848031572,-13.5534178067788
-56.7038848031572,-13.3663564067788
-56.9198848031572,-13.3663564067788
-56.9198848031572,-13.7404792067789
-56.6093848031572,-13.5300351317788
-56.6228848031572,-13.5066524567788
-56.6363848031572,-13.4832697817788
-56.6498848031572,-13.4598871067788
-56.6633848031572,-13.4365044317788
-56.6768848031572,-13.4131217567788
-56.6903848031572,-13.3897390817788
-56.7308848031572,-13.3663564067788
-56.7578848031572,-13.3663564067788
-56.7848848031572,-13.3663564067788
-56.8118848031572,-13.3663564067788
-56.8388848031572,-13.3663564067788
-56.8658848031572,-13.3663564067788
-56.8928848031572,-13.3663564067788
-56.9333848031572,-13.3897390817788
-56.9468848031572,-13.4131217567788
-56.9603848031572,-13.4365044317788
-56.9738848031572,-13.4598871067788
-56.9873848031572,-13.4832697817788
-57.0143848031572,-13.5768004817789
-57.0008848031572,-13.6001831567789
-56.9873848031572,-13.6235658317789
-56.9738848031572,-13.6469485067789
-56.9603848031572,-13.6703311817789
-56.9468848031572,-13.6937138567789
-56.9333848031572,-13.7170965317789
-56.8928848031572,-13.7404792067789
-56.8658848031572,-13.7404792067789
-56.8388848031572,-13.7404792067789
-56.6633848031572,-13.6703311817789
-56.6498848031572,-13.6469485067789
-56.6363848031572,-13.6235658317789
-56.6228848031572,-13.6001831567789
-56.6093848031572,-13.5768004817789
-56.5688848031572,-13.5534178067788
-56.6903848031572,-13.3429737317788
-56.9333848031572,-13.3429737317788
-57.0548848031572,-13.5534178067788
-56.9333848031572,-13.7638618817789
-56.6903848031572,-13.7638618817789
-56.5823848031572,-13.5300351317788
-56.5958848031572,-13.5066524567788
-56.6093848031572,-13.4832697817788
-56.6228848031572,-13.4598871067788
-56.6363848031572,-13.4365044317788
-56.6498848031572,-13.4131217567788
-56.6633848031572,-13.3897390817788
-56.6768848031572,-13.3663564067788
-56.7173848031572,-13.3429737317788
-56.7443848031572,-13.3429737317788
-56.7713848031572,-13.3429737317788
-56.7983848031572,-13.3429737317788
-56.8253848031572,-13.3429737317788
-56.8523848031572,-13.3429737317788
-56.8793848031572,-13.3429737317788
-56.9063848031572,-13.3429737317788
-56.9468848031572,-13.3663564067788
-56.9603848031572,-13.3897390817788
-56.9738848031572,-13.4131217567788
-56.9873848031572,-13.4365044317788
-57.0008848031572,-13.4598871067788
-57.0413848031572,-13.5768004817789
-57.0278848031572,-13.6001831567789
-57.0143848031572,-13.6235658317789
-57.0008848031572,-13.6469485067789
-56.9873848031572,-13.6703311817789
-56.9738848031572,-13.6937138567789
-56.9603848031572,-13.7170965317789
-56.9468848031572,-13.7404792067789
-56.9063848031572,-13.7638618817789
-56.8793848031572,-13.7638618817789
-56.6633848031572,-13.7170965317789
-56.6498848031572,-13.6937138567789
-56.6363848031572,-13.6703311817789
-56.6228848031572,-13.6469485067789
-56.6093848031572,-13.6235658317789
-56.5958848031572,-13.6001831567789
-56.5823848031572,-13.5768004817789
-56.5418848031572,-13.5534178067788
-56.6768848031572,-13.3195910567788
-56.9468848031572,-13.3195910567788
-56.9468848031572,-13.7872445567789
-56.6768848031572,-13.7872445567789
-56.5553848031572,-13.5300351317788
-56.5688848031572,-13.5066524567788
-56.5823848031572,-13.4832697817788
-56.5958848031572,-13.4598871067788
-56.6093848031572,-13.4365044317788
-56.6228848031572,-13.4131217567788
-56.6363848031572,-13.3897390817788
-56.6498848031572,-13.3663564067788
-56.6633848031572,-13.3429737317788
-56.7038848031572,-13.3195910567788
-56.7308848031572,-13.3195910567788
-56.7578848031572,-13.3195910567788
-56.7848848031572,-13.3195910567788
-56.8118848031572,-13.3195910567788
-56.8388848031572,-13.3195910567788
-56.8658848031572,-13.3195910567788
-56.8928848031572,-13.3195910567788
-56.9198848031572,-13.3195910567788
-56.9603848031572,-13.3429737317788
-56.9738848031572,-13.3663564067788
-56.9873848031572,-13.3897390817788
-57.0008848031572,-13.4131217567788
-57.0143848031572,-13.4365044317788
-57.0683848031572,-13.5768004817789
-57.0548848031572,-13.6001831567789
-57.0413848031572,-13.6235658317789
-57.0278848031572,-13.6469485067789
-57.0143848031572,-13.6703311817789
-57.0008848031572,-13.6937138567789
-56.9873848031572,-13.7170965317789
-56.9738848031572,-13.7404792067789
-56.9603848031572,-13.7638618817789
-56.9198848031572,-13.7872445567789
-56.6633848031572,-13.7638618817789
-56.6498848031572,-13.7404792067789
-56.6363848031572,-13.7170965317789
-56.6228848031572,-13.6937138567789
-56.6093848031572,-13.6703311817789
-56.5958848031572,-13.6469485067789
-56.5823848031572,-13.6235658317789
-56.5688848031572,-13.6001831567789
-56.5553848031572,-13.5768004817789
-56.5148848031572,-13.5534178067788
-56.6633848031572,-13.2962083817788
-56.9603848031572,-13.2962083817788
-56.6633848031572,-13.8106272317789
-56.5283848031572,-13.5300351317788
-56.5418848031572,-13.5066524567788
-56.5553848031572,-13.4832697817788
-56.5688848031572,-13.4598871067788
-56.5823848031572,-13.4365044317788
-56.5958848031572,-13.4131217567788
-56.6228848031572,-13.3663564067788
-56.6363848031572,-13.3429737317788
-56.6498848031572,-13.3195910567788
-56.6903848031572,-13.2962083817788
-56.7173848031572,-13.2962083817788
-56.7443848031572,-13.2962083817788
-56.7713848031572,-13.2962083817788
-56.7983848031572,-13.2962083817788
-56.8253848031572,-13.2962083817788
-56.8523848031572,-13.2962083817788
-56.8793848031572,-13.2962083817788
-56.9063848031572,-13.2962083817788
-56.9333848031572,-13.2962083817788
-56.9738848031572,-13.3195910567788
-56.9873848031572,-13.3429737317788
-57.0008848031572,-13.3663564067788
-57.0143848031572,-13.3897390817788
-57.0818848031572,-13.6001831567789
-57.0683848031572,-13.6235658317789
-57.0548848031572,-13.6469485067789
-57.0413848031572,-13.6703311817789
-57.0278848031572,-13.6937138567789
-57.0143848031572,-13.7170965317789
-57.0008848031572,-13.7404792067789
-56.9873848031572,-13.7638618817789
-56.9738848031572,-13.7872445567789
-56.6903848031572,-13.8106272317789
-56.6498848031572,-13.7872445567789
-56.6363848031572,-13.7638618817789
-56.6228848031572,-13.7404792067789
-56.6093848031572,-13.7170965317789
-56.5958848031572,-13.6937138567789
-56.5823848031572,-13.6703311817789
-56.5688848031572,-13.6469485067789
-56.5553848031572,-13.6235658317789
-56.5418848031572,-13.6001831567789
-56.5283848031572,-13.5768004817789
-56.4878848031572,-13.5534178067788
-56.6498848031572,-13.2728257067788
-56.6498848031572,-13.8340099067789
-56.6768848031572,-13.2728257067788
-56.7038848031572,-13.2728257067788
-56.7308848031572,-13.2728257067788
-56.7578848031572,-13.2728257067788
-56.7848848031572,-13.2728257067788
-56.8118848031572,-13.2728257067788
-56.8388848031572,-13.2728257067788
-56.8658848031572,-13.2728257067788
-56.8928848031572,-13.2728257067788
-56.9198848031572,-13.2728257067788
-56.9468848031572,-13.2728257067788
-57.1088848031572,-13.6001831567789
-57.0953848031572,-13.6235658317789
-57.0818848031572,-13.6469485067789
-57.0683848031572,-13.6703311817789
-57.0548848031572,-13.6937138567789
-57.0413848031572,-13.7170965317789
-57.0278848031572,-13.7404792067789
-57.0143848031572,-13.7638618817789
-57.0008848031572,-13.7872445567789
-56.9873848031572,-13.8106272317789
-56.6768848031572,-13.8340099067789
-56.6363848031572,-13.8106272317789
-56.6228848031572,-13.7872445567789
-56.6093848031572,-13.7638618817789
-56.5958848031572,-13.7404792067789
-56.5823848031572,-13.7170965317789
-56.5688848031572,-13.6937138567789
-56.5553848031572,-13.6703311817789
-56.5418848031572,-13.6469485067789
-56.5283848031572,-13.6235658317789
-56.5148848031572,-13.6001831567789
-56.5013848031572,-13.5768004817789
-56.6363848031572,-13.8573925817789
-56.6633848031572,-13.2494430317788
-56.6903848031572,-13.2494430317788
-56.7173848031572,-13.2494430317788
-56.7443848031572,-13.2494430317788
-56.7713848031572,-13.2494430317788
-56.7983848031572,-13.2494430317788
-56.8253848031572,-13.2494430317788
-56.8523848031572,-13.2494430317788
-56.8793848031572,-13.2494430317788
-56.9063848031572,-13.2494430317788
-56.9333848031572,-13.2494430317788
-57.1223848031572,-13.6235658317789
-57.1088848031572,-13.6469485067789
-57.0953848031572,-13.6703311817789
-57.0818848031572,-13.6937138567789
-57.0683848031572,-13.7170965317789
-57.0548848031572,-13.7404792067789
-57.0413848031572,-13.7638618817789
-57.0278848031572,-13.7872445567789
-57.0143848031572,-13.8106272317789
-56.6633848031572,-13.8573925817789
-56.6228848031572,-13.8340099067789
-56.6093848031572,-13.8106272317789
-56.5958848031572,-13.7872445567789
-56.5823848031572,-13.7638618817789
-56.5688848031572,-13.7404792067789
-56.5553848031572,-13.7170965317789
-56.5418848031572,-13.6937138567789
-56.5283848031572,-13.6703311817789
-56.5148848031572,-13.6469485067789
-56.5013848031572,-13.6235658317789
-56.4878848031572,-13.6001831567789
-56.4743848031572,-13.5768004817789
-56.6768848031572,-13.2260603567788
-56.7038848031572,-13.2260603567788
-56.7308848031572,-13.2260603567788
-56.7578848031572,-13.2260603567788
-56.7848848031572,-13.2260603567788
-56.8118848031572,-13.2260603567788
-56.8388848031572,-13.2260603567788
-56.8658848031572,-13.2260603567788
-56.8928848031572,-13.2260603567788
-56.9198848031572,-13.2260603567788
-57.1358848031572,-13.6469485067789
-57.1223848031572,-13.6703311817789
-57.1088848031572,-13.6937138567789
-57.0953848031572,-13.7170965317789
-57.0818848031572,-13.7404792067789
-57.0683848031572,-13.7638618817789
-57.0548848031572,-13.7872445567789
-57.0413848031572,-13.8106272317789
-56.6093848031572,-13.8573925817789
-56.5958848031572,-13.8340099067789
-56.5823848031572,-13.8106272317789
-56.5688848031572,-13.7872445567789
-56.5553848031572,-13.7638618817789
-56.5418848031572,-13.7404792067789
-56.5283848031572,-13.7170965317789
-56.5148848031572,-13.6937138567789
-56.5013848031572,-13.6703311817789
-56.4878848031572,-13.6469485067789
-56.4743848031572,-13.6235658317789
-56.4608848031571,-13.6001831567789
-56.4473848031571,-13.5768004817789
-56.6903848031572,-13.2026776817788
-56.7173848031572,-13.2026776817788
-56.7443848031572,-13.2026776817788
-56.7713848031572,-13.2026776817788
-56.7983848031572,-13.2026776817788
-56.8253848031572,-13.2026776817788
-56.8523848031572,-13.2026776817788
-56.8793848031572,-13.2026776817788
-56.9063848031572,-13.2026776817788
-57.1493848031572,-13.6703311817789
-57.1358848031572,-13.6937138567789
-57.1223848031572,-13.7170965317789
-57.1088848031572,-13.7404792067789
-57.0953848031572,-13.7638618817789
-57.0818848031572,-13.7872445567789
-57.0683848031572,-13.8106272317789
-57.0548848031572,-13.8340099067789
-56.5823848031572,-13.8573925817789
-56.5688848031572,-13.8340099067789
-56.5553848031572,-13.8106272317789
-56.5418848031572,-13.7872445567789
-56.5283848031572,-13.7638618817789
-56.5148848031572,-13.7404792067789
-56.5013848031572,-13.7170965317789
-56.4878848031572,-13.6937138567789
-56.4743848031572,-13.6703311817789
-56.4608848031571,-13.6469485067789
-56.4473848031571,-13.6235658317789
-56.4338848031571,-13.6001831567789
-56.7038848031572,-13.1792950067788
-56.7308848031572,-13.1792950067788
-56.7578848031572,-13.1792950067788
-56.7848848031572,-13.1792950067788
-56.8118848031572,-13.1792950067788
-56.8388848031572,-13.1792950067788
-56.8658848031572,-13.1792950067788
-57.1628848031572,-13.6937138567789
-57.1493848031572,-13.7170965317789
-57.1358848031572,-13.7404792067789
-57.1223848031572,-13.7638618817789
-57.1088848031572,-13.7872445567789
-57.0953848031572,-13.8106272317789
-57.0818848031572,-13.8340099067789
-56.5688848031572,-13.8807752567789
-56.5553848031572,-13.8573925817789
-56.5418848031572,-13.8340099067789
-56.5283848031572,-13.8106272317789
-56.5148848031572,-13.7872445567789
-56.5013848031572,-13.7638618817789
-56.4878848031572,-13.7404792067789
-56.4743848031572,-13.7170965317789
-56.4608848031571,-13.6937138567789
-56.4473848031571,-13.6703311817789
-56.4338848031571,-13.6469485067789
-56.4203848031571,-13.6235658317789
-56.7173848031572,-13.1559123317788
-56.7443848031572,-13.1559123317788
-56.7713848031572,-13.1559123317788
-56.7983848031572,-13.1559123317788
-56.8253848031572,-13.1559123317788
-56.8523848031572,-13.1559123317788
-57.1763848031572,-13.7170965317789
-57.1628848031572,-13.7404792067789
-57.1493848031572,-13.7638618817789
-57.1358848031572,-13.7872445567789
-57.1223848031572,-13.8106272317789
-57.1088848031572,-13.8340099067789
-57.0953848031572,-13.8573925817789
-56.5148848031572,-13.8340099067789
-56.5013848031572,-13.8106272317789
-56.4878848031572,-13.7872445567789
-56.4743848031572,-13.7638618817789
-56.4608848031571,-13.7404792067789
-56.4473848031571,-13.7170965317789
-56.4338848031571,-13.6937138567789
-56.4203848031571,-13.6703311817789
-56.4068848031571,-13.6469485067789
-56.7308848031572,-13.1325296567788
-56.7578848031572,-13.1325296567788
-56.7848848031572,-13.1325296567788
-56.8118848031572,-13.1325296567788
-56.8388848031572,-13.1325296567788
-56.8658848031572,-13.1325296567788
-57.2033848031572,-13.7170965317789
-57.1898848031572,-13.7404792067789
-57.1763848031572,-13.7638618817789
-57.1628848031572,-13.7872445567789
-57.1493848031572,-13.8106272317789
-57.1358848031572,-13.8340099067789
-57.1223848031572,-13.8573925817789
-56.5013848031572,-13.8573925817789
-56.4878848031572,-13.8340099067789
-56.4743848031572,-13.8106272317789
-56.4608848031571,-13.7872445567789
-56.4473848031571,-13.7638618817789
-56.4338848031571,-13.7404792067789
-56.4203848031571,-13.7170965317789
-56.4068848031571,-13.6937138567789
-56.3933848031571,-13.6703311817789
-56.7443848031572,-13.1091469817788
-56.7713848031572,-13.1091469817788
-56.7983848031572,-13.1091469817788
-56.8253848031572,-13.1091469817788
-56.8523848031572,-13.1091469817788
-57.2303848031572,-13.7170965317789
-57.2168848031572,-13.7404792067789
-57.2033848031572,-13.7638618817789
-57.1898848031572,-13.7872445567789
-57.1763848031572,-13.8106272317789
-57.1628848031572,-13.8340099067789
-57.1493848031572,-13.8573925817789
-56.4608848031571,-13.8340099067789
-56.4473848031571,-13.8106272317789
-56.4338848031571,-13.7872445567789
-56.4203848031571,-13.7638618817789
-56.4068848031571,-13.7404792067789
-56.3933848031571,-13.7170965317789
-56.7578848031572,-13.0857643067788
-56.7848848031572,-13.0857643067788
-56.8118848031572,-13.0857643067788
-56.8388848031572,-13.0857643067788
-57.2438848031572,-13.7404792067789
-57.2303848031572,-13.7638618817789
-57.2168848031572,-13.7872445567789
-57.2033848031572,-13.8106272317789
-57.1898848031572,-13.8340099067789
-57.1763848031572,-13.8573925817789
-56.4338848031571,-13.8340099067789
-56.4203848031571,-13.8106272317789
-56.4068848031571,-13.7872445567789
-56.7443848031572,-13.0623816317788
-56.7713848031572,-13.0623816317788
-56.7983848031572,-13.0623816317788
-56.8253848031572,-13.0623816317788
-57.2573848031572,-13.7638618817789
-57.2438848031572,-13.7872445567789
-57.2303848031572,-13.8106272317789
-57.2168848031572,-13.8340099067789
-57.2033848031572,-13.8573925817789
-57.1898848031572,-13.8807752567789
-56.4068848031571,-13.8340099067789
-56.7578848031572,-13.0389989567788
-56.7848848031572,-13.0389989567788
-56.8118848031572,-13.0389989567788
-57.2708848031572,-13.7872445567789
-57.2573848031572,-13.8106272317789
-57.2438848031572,-13.8340099067789
-57.2303848031572,-13.8573925817789
-57.2168848031572,-13.8807752567789
-57.2033848031572,-13.9041579317789
-56.7443848031572,-13.0156162817788
-56.7713848031572,-13.0156162817788
-56.7983848031572,-13.0156162817788
-57.2843848031572,-13.8106272317789
-57.2708848031572,-13.8340099067789
-57.2573848031572,-13.8573925817789
-57.2438848031572,-13.8807752567789
-57.2303848031572,-13.9041579317789
-56.7308848031572,-12.9922336067788
-56.7578848031572,-12.9922336067788
-57.3383848031572,-13.7638618817789
-57.3248848031572,-13.7872445567789
-57.3113848031572,-13.8106272317789
-57.2978848031572,-13.8340099067789
-57.2843848031572,-13.8573925817789
-57.2708848031572,-13.8807752567789
-57.3248848031572,-13.8340099067789
-57.3113848031572,-13.8573925817789
-57.2978848031572,-13.8807752567789
