-45.1920176166183,-17.2865193310998
-45.1650176166183,-17.2865193310998
-45.1785176166183,-17.2631366560998
-45.2055176166183,-17.2631366560998
-45.2190176166183,-17.2865193310998
-45.2055176166183,-17.3099020060999
-45.1785176166183,-17.3099020060999
-45.1380176166182,-17.2865193310998
-45.1650176166183,-17.2397539810998
-45.2190176166183,-17.2397539810998
-45.2460176166183,-17.2865193310998
-45.2190176166183,-17.3332846810999
-45.1650176166183,-17.3332846810999
-45.1515176166182,-17.2631366560998
-45.1920176166183,-17.2397539810998
-45.2325176166183,-17.2631366560998
-45.2325176166183,-17.3099020060999
-45.1920176166183,-17.3332846810999
-45.1515176166182,-17.3099020060999
-45.1110176166182,-17.2865193310998
-45.1515176166182,-17.2163713060998
-45.2325176166183,-17.2163713060998
-45.2730176166183,-17.2865193310998
-45.2325176166183,-17.3566673560999
-45.1515176166182,-17.3566673560999
-45.1245176166182,-17.2631366560998
-45.1380176166182,-17.2397539810998
-45.1785176166183,-17.2163713060998
-45.2055176166183,-17.2163713060998
-45.2460176166183,-17.2397539810998
-45.2595176166183,-17.2631366560998
-45.2595176166183,-17.3099020060999
-45.2460176166183,-17.3332846810999
-45.2055176166183,-17.3566673560999
-45.1785176166183,-17.3566673560999
-45.1380176166182,-17.3332846810999
-45.1245176166182,-17.3099020060999
-45.0840176166182,-17.2865193310998
-45.1380176166182,-17.1929886310998
-45.2460176166183,-17.1929886310998
-45.3000176166183,-17.2865193310998
-45.2460176166183,-17.3800500310999
-45.1380176166182,-17.3800500310999
-45.0975176166182,-17.2631366560998
-45.1110176166182,-17.2397539810998
-45.1245176166182,-17.2163713060998
-45.1650176166183,-17.1929886310998
-45.1920176166183,-17.1929886310998
-45.2190176166183,-17.1929886310998
-45.2595176166183,-17.2163713060998
-45.2730176166183,-17.2397539810998
-45.2865176166183,-17.2631366560998
-45.2865176166183,-17.3099020060999
-45.2730176166183,-17.3332846810999
-45.2595176166183,-17.3566673560999
-45.2190176166183,-17.3800500310999
-45.1920176166183,-17.3800500310999
-45.1650176166183,-17.3800500310999
-45.1245176166182,-17.3566673560999
-45.1110176166182,-17.3332846810999
-45.0975176166182,-17.3099020060999
-45.0570176166182,-17.2865193310998
-45.1245176166182,-17.1696059560998
-45.2595176166183,-17.1696059560998
-45.3270176166183,-17.2865193310998
-45.2595176166183,-17.4034327060999
-45.1245176166182,-17.4034327060999
-45.0705176166182,-17.2631366560998
-45.0840176166182,-17.2397539810998
-45.0975176166182,-17.2163713060998
-45.1110176166182,-17.1929886310998
-45.1515176166182,-17.1696059560998
-45.1785176166183,-17.1696059560998
-45.2055176166183,-17.1696059560998
-45.2325176166183,-17.1696059560998
-45.2730176166183,-17.1929886310998
-45.2865176166183,-17.2163713060998
-45.3000176166183,-17.2397539810998
-45.3135176166183,-17.2631366560998
-45.3135176166183,-17.3099020060999
-45.3000176166183,-17.3332846810999
-45.2865176166183,-17.3566673560999
-45.2730176166183,-17.3800500310999
-45.2325176166183,-17.4034327060999
-45.2055176166183,-17.4034327060999
-45.1785176166183,-17.4034327060999
-45.1515176166182,-17.4034327060999
-45.1110176166182,-17.3800500310999
-45.0975176166182,-17.3566673560999
-45.0840176166182,-17.3332846810999
-45.0705176166182,-17.3099020060999
-45.0300176166182,-17.2865193310998
-45.1110176166182,-17.1462232810998
-45.2730176166183,-17.1462232810998
-45.3540176166183,-17.2865193310998
-45.2730176166183,-17.4268153810999
-45.1110176166182,-17.4268153810999
-45.0435176166182,-17.2631366560998
-45.0570176166182,-17.2397539810998
-45.0705176166182,-17.2163713060998
-45.0840176166182,-17.1929886310998
-45.0975176166182,-17.1696059560998
-45.1380176166182,-17.1462232810998
-45.1650176166183,-17.1462232810998
-45.1920176166183,-17.1462232810998
-45.2190176166183,-17.1462232810998
-45.2460176166183,-17.1462232810998
-45.2865176166183,-17.1696059560998
-45.3000176166183,-17.1929886310998
-45.3135176166183,-17.2163713060998
-45.3270176166183,-17.2397539810998
-45.3405176166183,-17.2631366560998
-45.3405176166183,-17.3099020060999
-45.3270176166183,-17.3332846810999
-45.3135176166183,-17.3566673560999
-45.3000176166183,-17.3800500310999
-45.2865176166183,-17.4034327060999
-45.2460176166183,-17.4268153810999
-45.2190176166183,-17.4268153810999
-45.1920176166183,-17.4268153810999
-45.1650176166183,-17.4268153810999
-45.1380176166182,-17.4268153810999
-45.0975176166182,-17.4034327060999
-45.0840176166182,-17.3800500310999
-45.0705176166182,-17.3566673560999
-45.0570176166182,-17.3332846810999
-45.0435176166182,-17.3099020060999
-45.0030176166182,-17.2865193310998
-45.0975176166182,-17.1228406060998
-45.2865176166183,-17.1228406060998
-45.3810176166183,-17.2865193310998
-45.2865176166183,-17.4501980560999
-45.0975176166182,-17.4501980560999
-45.0165176166182,-17.2631366560998
-45.0300176166182,-17.2397539810998
-45.0435176166182,-17.2163713060998
-45.0570176166182,-17.1929886310998
-45.0705176166182,-17.1696059560998
-45.0840176166182,-17.1462232810998
-45.1245176166182,-17.1228406060998
-45.1515176166182,-17.1228406060998
-45.1785176166183,-17.1228406060998
-45.2055176166183,-17.1228406060998
-45.2325176166183,-17.1228406060998
-45.2595176166183,-17.1228406060998
-45.3000176166183,-17.1462232810998
-45.3135176166183,-17.1696059560998
-45.3270176166183,-17.1929886310998
-45.3405176166183,-17.2163713060998
-45.3540176166183,-17.2397539810998
-45.3675176166183,-17.2631366560998
-45.3675176166183,-17.3099020060999
-45.3540176166183,-17.3332846810999
-45.3405176166183,-17.3566673560999
-45.3270176166183,-17.3800500310999
-45.3135176166183,-17.4034327060999
-45.3000176166183,-17.4268153810999
-45.2595176166183,-17.4501980560999
-45.2325176166183,-17.4501980560999
-45.2055176166183,-17.4501980560999
-45.1785176166183,-17.4501980560999
-45.1515176166182,-17.4501980560999
-45.1245176166182,-17.4501980560999
-45.0840176166182,-17.4268153810999
-45.0705176166182,-17.4034327060999
-45.0570176166182,-17.3800500310999
-45.0435176166182,-17.3566673560999
-45.0300176166182,-17.3332846810999
-45.0165176166182,-17.3099020060999
-44.9760176166182,-17.2865193310998
-45.0840176166182,-17.0994579310998
-45.3000176166183,-17.0994579310998
-45.4080176166183,-17.2865193310998
-45.3000176166183,-17.4735807310999
-45.0840176166182,-17.4735807310999
-44.9895176166182,-17.2631366560998
-45.0030176166182,-17.2397539810998
-45.0165176166182,-17.2163713060998
-45.0300176166182,-17.1929886310998
-45.0435176166182,-17.1696059560998
-45.0570176166182,-17.1462232810998
-45.0705176166182,-17.1228406060998
-45.1110176166182,-17.0994579310998
-45.1380176166182,-17.0994579310998
-45.1650176166183,-17.0994579310998
-45.1920176166183,-17.0994579310998
-45.2190176166183,-17.0994579310998
-45.2460176166183,-17.0994579310998
-45.2730176166183,-17.0994579310998
-45.3135176166183,-17.1228406060998
-45.3270176166183,-17.1462232810998
-45.3405176166183,-17.1696059560998
-45.3540176166183,-17.1929886310998
-45.3675176166183,-17.2163713060998
-45.3810176166183,-17.2397539810998
-45.3945176166183,-17.2631366560998
-45.3945176166183,-17.3099020060999
-45.3810176166183,-17.3332846810999
-45.3675176166183,-17.3566673560999
-45.3540176166183,-17.3800500310999
-45.3405176166183,-17.4034327060999
-45.3270176166183,-17.4268153810999
-45.3135176166183,-17.4501980560999
-45.2730176166183,-17.4735807310999
-45.2460176166183,-17.4735807310999
-45.2190176166183,-17.4735807310999
-45.1920176166183,-17.4735807310999
-45.1650176166183,-17.4735807310999
-45.1380176166182,-17.4735807310999
-45.1110176166182,-17.4735807310999
-45.0705176166182,-17.4501980560999
-45.0570176166182,-17.4268153810999
-45.0435176166182,-17.4034327060999
-45.0300176166182,-17.3800500310999
-45.0165176166182,-17.3566673560999
-45.0030176166182,-17.3332846810999
-44.9895176166182,-17.3099020060999
-44.9490176166182,-17.2865193310998
-45.0705176166182,-17.0760752560998
-45.3135176166183,-17.0760752560998
-45.4350176166183,-17.2865193310998
-45.3135176166183,-17.4969634060999
-45.0705176166182,-17.4969634060999
-44.9625176166182,-17.2631366560998
-44.9760176166182,-17.2397539810998
-44.9895176166182,-17.2163713060998
-45.0030176166182,-17.1929886310998
-45.0165176166182,-17.1696059560998
-45.0300176166182,-17.1462232810998
-45.0435176166182,-17.1228406060998
-45.0570176166182,-17.0994579310998
-45.0975176166182,-17.0760752560998
-45.1245176166182,-17.0760752560998
-45.1515176166182,-17.0760752560998
-45.1785176166183,-17.0760752560998
-45.2055176166183,-17.0760752560998
-45.2325176166183,-17.0760752560998
-45.2595176166183,-17.0760752560998
-45.2865176166183,-17.0760752560998
-45.3270176166183,-17.0994579310998
-45.3405176166183,-17.1228406060998
-45.3540176166183,-17.1462232810998
-45.3675176166183,-17.1696059560998
-45.3810176166183,-17.1929886310998
-45.3945176166183,-17.2163713060998
-45.4080176166183,-17.2397539810998
-45.4215176166183,-17.2631366560998
-45.4215176166183,-17.3099020060999
-45.4080176166183,-17.3332846810999
-45.3945176166183,-17.3566673560999
-45.3810176166183,-17.3800500310999
-45.3675176166183,-17.4034327060999
-45.3540176166183,-17.4268153810999
-45.3405176166183,-17.4501980560999
-45.3270176166183,-17.4735807310999
-45.2865176166183,-17.4969634060999
-45.2595176166183,-17.4969634060999
-45.2325176166183,-17.4969634060999
-45.2055176166183,-17.4969634060999
-45.1785176166183,-17.4969634060999
-45.1515176166182,-17.4969634060999
-45.1245176166182,-17.4969634060999
-45.0975176166182,-17.4969634060999
-45.0570176166182,-17.4735807310999
-45.0435176166182,-17.4501980560999
-45.0300176166182,-17.4268153810999
-45.0165176166182,-17.4034327060999
-45.0030176166182,-17.3800500310999
-44.9895176166182,-17.3566673560999
-44.9760176166182,-17.3332846810999
-44.9625176166182,-17.3099020060999
-45.0570176166182,-17.0526925810998
-45.3270176166183,-17.0526925810998
-45.4620176166183,-17.2865193310998
-45.3270176166183,-17.5203460810999
-45.0570176166182,-17.5203460810999
-44.9355176166182,-17.2631366560998
-44.9490176166182,-17.2397539810998
-44.9625176166182,-17.2163713060998
-44.9760176166182,-17.1929886310998
-44.9895176166182,-17.1696059560998
-45.0030176166182,-17.1462232810998
-45.0165176166182,-17.1228406060998
-45.0300176166182,-17.0994579310998
-45.0435176166182,-17.0760752560998
-45.0840176166182,-17.0526925810998
-45.1110176166182,-17.0526925810998
-45.1380176166182,-17.0526925810998
-45.1650176166183,-17.0526925810998
-45.1920176166183,-17.0526925810998
-45.2190176166183,-17.0526925810998
-45.2460176166183,-17.0526925810998
-45.2730176166183,-17.0526925810998
-45.3000176166183,-17.0526925810998
-45.3405176166183,-17.0760752560998
-45.3540176166183,-17.0994579310998
-45.3675176166183,-17.1228406060998
-45.3810176166183,-17.1462232810998
-45.3945176166183,-17.1696059560998
-45.4080176166183,-17.1929886310998
-45.4215176166183,-17.2163713060998
-45.4350176166183,-17.2397539810998
-45.4485176166183,-17.2631366560998
-45.4485176166183,-17.3099020060999
-45.4350176166183,-17.3332846810999
-45.4215176166183,-17.3566673560999
-45.4080176166183,-17.3800500310999
-45.3945176166183,-17.4034327060999
-45.3810176166183,-17.4268153810999
-45.3675176166183,-17.4501980560999
-45.3540176166183,-17.4735807310999
-45.3405176166183,-17.4969634060999
-45.3000176166183,-17.5203460810999
-45.2730176166183,-17.5203460810999
-45.2460176166183,-17.5203460810999
-45.2190176166183,-17.5203460810999
-45.1920176166183,-17.5203460810999
-45.1650176166183,-17.5203460810999
-45.1380176166182,-17.5203460810999
-45.1110176166182,-17.5203460810999
-45.0840176166182,-17.5203460810999
-45.0435176166182,-17.4969634060999
-45.0300176166182,-17.4735807310999
-45.0165176166182,-17.4501980560999
-45.0030176166182,-17.4268153810999
-44.9895176166182,-17.4034327060999
-44.9760176166182,-17.3800500310999
-44.9625176166182,-17.3566673560999
-44.9355176166182,-17.3099020060999
-45.0435176166182,-17.0293099060998
-45.3405176166183,-17.0293099060998
-45.4890176166183,-17.2865193310998
-45.3405176166183,-17.5437287560999
-45.0435176166182,-17.5437287560999
-44.9085176166182,-17.2631366560998
-44.9220176166182,-17.2397539810998
-44.9355176166182,-17.2163713060998
-44.9490176166182,-17.1929886310998
-44.9625176166182,-17.1696059560998
-44.9760176166182,-17.1462232810998
-44.9895176166182,-17.1228406060998
-45.0030176166182,-17.0994579310998
-45.0165176166182,-17.0760752560998
-45.0300176166182,-17.0526925810998
-45.0705176166182,-17.0293099060998
-45.0975176166182,-17.0293099060998
-45.1245176166182,-17.0293099060998
-45.1515176166182,-17.0293099060998
-45.1785176166183,-17.0293099060998
-45.2055176166183,-17.0293099060998
-45.2325176166183,-17.0293099060998
-45.2595176166183,-17.0293099060998
-45.2865176166183,-17.0293099060998
-45.3135176166183,-17.0293099060998
-45.3540176166183,-17.0526925810998
-45.3675176166183,-17.0760752560998
-45.3810176166183,-17.0994579310998
-45.3945176166183,-17.1228406060998
-45.4080176166183,-17.1462232810998
-45.4215176166183,-17.1696059560998
-45.4350176166183,-17.1929886310998
-45.4485176166183,-17.2163713060998
-45.4620176166183,-17.2397539810998
-45.4755176166183,-17.2631366560998
-45.4755176166183,-17.3099020060999
-45.4620176166183,-17.3332846810999
-45.4485176166183,-17.3566673560999
-45.4350176166183,-17.3800500310999
-45.4215176166183,-17.4034327060999
-45.4080176166183,-17.4268153810999
-45.3945176166183,-17.4501980560999
-45.3810176166183,-17.4735807310999
-45.3675176166183,-17.4969634060999
-45.3540176166183,-17.5203460810999
-45.3135176166183,-17.5437287560999
-45.2865176166183,-17.5437287560999
-45.2595176166183,-17.5437287560999
-45.2325176166183,-17.5437287560999
-45.2055176166183,-17.5437287560999
-45.1785176166183,-17.5437287560999
-45.1515176166182,-17.5437287560999
-45.1245176166182,-17.5437287560999
-45.0975176166182,-17.5437287560999
-45.0705176166182,-17.5437287560999
-45.0300176166182,-17.5203460810999
-45.0165176166182,-17.4969634060999
-45.0030176166182,-17.4735807310999
-44.9895176166182,-17.4501980560999
-44.9760176166182,-17.4268153810999
-44.9625176166182,-17.4034327060999
-44.9490176166182,-17.3800500310999
-45.0300176166182,-17.0059272310998
-45.3540176166183,-17.0059272310998
-45.3540176166183,-17.5671114310999
-45.0300176166182,-17.5671114310999
-44.8950176166182,-17.2397539810998
-44.9085176166182,-17.2163713060998
-44.9220176166182,-17.1929886310998
-44.9355176166182,-17.1696059560998
-44.9490176166182,-17.1462232810998
-44.9625176166182,-17.1228406060998
-44.9760176166182,-17.0994579310998
-44.9895176166182,-17.0760752560998
-45.0030176166182,-17.0526925810998
-45.0165176166182,-17.0293099060998
-45.0570176166182,-17.0059272310998
-45.0840176166182,-17.0059272310998
-45.1110176166182,-17.0059272310998
-45.1380176166182,-17.0059272310998
-45.1650176166183,-17.0059272310998
-45.1920176166183,-17.0059272310998
-45.2190176166183,-17.0059272310998
-45.2460176166183,-17.0059272310998
-45.2730176166183,-17.0059272310998
-45.3000176166183,-17.0059272310998
-45.3270176166183,-17.0059272310998
-45.3675176166183,-17.0293099060998
-45.3810176166183,-17.0526925810998
-45.3945176166183,-17.0760752560998
-45.4080176166183,-17.0994579310998
-45.4215176166183,-17.1228406060998
-45.4350176166183,-17.1462232810998
-45.4485176166183,-17.1696059560998
-45.4620176166183,-17.1929886310998
-45.4755176166183,-17.2163713060998
-45.4890176166183,-17.2397539810998
-45.5025176166183,-17.2631366560998
-45.5025176166183,-17.3099020060999
-45.4890176166183,-17.3332846810999
-45.4755176166183,-17.3566673560999
-45.4620176166183,-17.3800500310999
-45.4485176166183,-17.4034327060999
-45.4350176166183,-17.4268153810999
-45.4215176166183,-17.4501980560999
-45.4080176166183,-17.4735807310999
-45.3945176166183,-17.4969634060999
-45.3810176166183,-17.5203460810999
-45.3675176166183,-17.5437287560999
-45.3270176166183,-17.5671114310999
-45.3000176166183,-17.5671114310999
-45.2730176166183,-17.5671114310999
-45.2460176166183,-17.5671114310999
-45.2190176166183,-17.5671114310999
-45.1920176166183,-17.5671114310999
-45.1650176166183,-17.5671114310999
-45.1380176166182,-17.5671114310999
-45.1110176166182,-17.5671114310999
-45.0840176166182,-17.5671114310999
-45.0570176166182,-17.5671114310999
-45.0165176166182,-17.5437287560999
-45.0030176166182,-17.5203460810999
-44.9895176166182,-17.4969634060999
-44.9760176166182,-17.4735807310999
-44.9625176166182,-17.4501980560999
-44.9490176166182,-17.4268153810999
-45.0165176166182,-16.9825445560998
-45.3675176166183,-16.9825445560998
-45.3675176166183,-17.5904941060999
-44.8680176166182,-17.2397539810998
-44.8815176166182,-17.2163713060998
-44.8950176166182,-17.1929886310998
-44.9085176166182,-17.1696059560998
-44.9220176166182,-17.1462232810998
-44.9355176166182,-17.1228406060998
-44.9490176166182,-17.0994579310998
-44.9625176166182,-17.0760752560998
-44.9760176166182,-17.0526925810998
-44.9895176166182,-17.0293099060998
-45.0030176166182,-17.0059272310998
-45.0435176166182,-16.9825445560998
-45.0705176166182,-16.9825445560998
-45.0975176166182,-16.9825445560998
-45.1245176166182,-16.9825445560998
-45.1515176166182,-16.9825445560998
-45.1785176166183,-16.9825445560998
-45.2055176166183,-16.9825445560998
-45.2325176166183,-16.9825445560998
-45.2595176166183,-16.9825445560998
-45.2865176166183,-16.9825445560998
-45.3135176166183,-16.9825445560998
-45.3405176166183,-16.9825445560998
-45.3810176166183,-17.0059272310998
-45.3945176166183,-17.0293099060998
-45.4080176166183,-17.0526925810998
-45.4215176166183,-17.0760752560998
-45.4350176166183,-17.0994579310998
-45.5160176166183,-17.3332846810999
-45.5025176166183,-17.3566673560999
-45.4890176166183,-17.3800500310999
-45.4755176166183,-17.4034327060999
-45.4620176166183,-17.4268153810999
-45.4485176166183,-17.4501980560999
-45.4350176166183,-17.4735807310999
-45.3810176166183,-17.5671114310999
-45.3405176166183,-17.5904941060999
-45.3135176166183,-17.5904941060999
-45.2865176166183,-17.5904941060999
-45.2595176166183,-17.5904941060999
-45.2325176166183,-17.5904941060999
-45.2055176166183,-17.5904941060999
-45.1785176166183,-17.5904941060999
-45.1515176166182,-17.5904941060999
-45.1245176166182,-17.5904941060999
-45.0975176166182,-17.5904941060999
-45.0705176166182,-17.5904941060999
-45.0435176166182,-17.5904941060999
-45.0030176166182,-17.5671114310999
-44.9895176166182,-17.5437287560999
-45.0030176166182,-16.9591618810998
-45.3810176166183,-16.9591618810998
-45.3810176166183,-17.6138767810999
-44.8545176166182,-17.2163713060998
-44.8680176166182,-17.1929886310998
-44.8815176166182,-17.1696059560998
-44.8950176166182,-17.1462232810998
-44.9085176166182,-17.1228406060998
-44.9220176166182,-17.0994579310998
-44.9355176166182,-17.0760752560998
-44.9490176166182,-17.0526925810998
-44.9625176166182,-17.0293099060998
-44.9760176166182,-17.0059272310998
-44.9895176166182,-16.9825445560998
-45.0300176166182,-16.9591618810998
-45.0570176166182,-16.9591618810998
-45.0840176166182,-16.9591618810998
-45.1110176166182,-16.9591618810998
-45.1380176166182,-16.9591618810998
-45.1650176166183,-16.9591618810998
-45.1920176166183,-16.9591618810998
-45.2190176166183,-16.9591618810998
-45.2460176166183,-16.9591618810998
-45.2730176166183,-16.9591618810998
-45.3000176166183,-16.9591618810998
-45.3270176166183,-16.9591618810998
-45.3540176166183,-16.9591618810998
-45.3945176166183,-16.9825445560998
-45.4080176166183,-17.0059272310998
-45.4215176166183,-17.0293099060998
-45.4350176166183,-17.0526925810998
-45.4485176166183,-17.0760752560998
-45.4620176166183,-17.0994579310998
-45.5160176166183,-17.3800500310999
-45.5025176166183,-17.4034327060999
-45.4890176166183,-17.4268153810999
-45.4755176166183,-17.4501980560999
-45.4620176166183,-17.4735807310999
-45.3945176166183,-17.5904941060999
-45.3540176166183,-17.6138767810999
-45.3270176166183,-17.6138767810999
-45.3000176166183,-17.6138767810999
-45.2730176166183,-17.6138767810999
-45.2460176166183,-17.6138767810999
-45.2190176166183,-17.6138767810999
-45.1920176166183,-17.6138767810999
-45.1650176166183,-17.6138767810999
-45.1380176166182,-17.6138767810999
-45.1110176166182,-17.6138767810999
-45.0840176166182,-17.6138767810999
-45.0570176166182,-17.6138767810999
-44.9895176166182,-16.9357792060998
-45.3945176166183,-16.9357792060998
-45.3945176166183,-17.6372594560999
-44.8545176166182,-17.1696059560998
-44.8680176166182,-17.1462232810998
-44.8815176166182,-17.1228406060998
-44.8950176166182,-17.0994579310998
-44.9085176166182,-17.0760752560998
-44.9220176166182,-17.0526925810998
-44.9355176166182,-17.0293099060998
-44.9490176166182,-17.0059272310998
-44.9625176166182,-16.9825445560998
-44.9760176166182,-16.9591618810998
-45.0165176166182,-16.9357792060998
-45.0435176166182,-16.9357792060998
-45.0705176166182,-16.9357792060998
-45.0975176166182,-16.9357792060998
-45.1245176166182,-16.9357792060998
-45.1515176166182,-16.9357792060998
-45.1785176166183,-16.9357792060998
-45.2055176166183,-16.9357792060998
-45.2325176166183,-16.9357792060998
-45.2595176166183,-16.9357792060998
-45.2865176166183,-16.9357792060998
-45.3135176166183,-16.9357792060998
-45.3405176166183,-16.9357792060998
-45.3675176166183,-16.9357792060998
-45.4080176166183,-16.9591618810998
-45.4215176166183,-16.9825445560998
-45.4350176166183,-17.0059272310998
-45.4485176166183,-17.0293099060998
-45.4620176166183,-17.0526925810998
-45.4755176166183,-17.0760752560998
-45.5430176166183,-17.3800500310999
-45.5295176166183,-17.4034327060999
-45.5025176166183,-17.4501980560999
-45.4080176166183,-17.6138767810999
-45.3675176166183,-17.6372594560999
-45.3405176166183,-17.6372594560999
-45.3135176166183,-17.6372594560999
-45.2865176166183,-17.6372594560999
-45.2595176166183,-17.6372594560999
-45.2325176166183,-17.6372594560999
-45.2055176166183,-17.6372594560999
-45.1785176166183,-17.6372594560999
-45.1515176166182,-17.6372594560999
-45.1245176166182,-17.6372594560999
-45.0975176166182,-17.6372594560999
-45.0705176166182,-17.6372594560999
-45.0435176166182,-17.6372594560999
-44.9760176166182,-16.9123965310998
-45.4080176166183,-17.6606421310999
-44.8410176166182,-17.1462232810998
-44.8545176166182,-17.1228406060998
-44.8680176166182,-17.0994579310998
-44.8815176166182,-17.0760752560998
-44.8950176166182,-17.0526925810998
-44.9085176166182,-17.0293099060998
-44.9220176166182,-17.0059272310998
-44.9355176166182,-16.9825445560998
-44.9490176166182,-16.9591618810998
-44.9625176166182,-16.9357792060998
-45.0030176166182,-16.9123965310998
-45.0300176166182,-16.9123965310998
-45.0570176166182,-16.9123965310998
-45.0840176166182,-16.9123965310998
-45.1110176166182,-16.9123965310998
-45.1380176166182,-16.9123965310998
-45.1650176166183,-16.9123965310998
-45.1920176166183,-16.9123965310998
-45.2190176166183,-16.9123965310998
-45.2460176166183,-16.9123965310998
-45.2730176166183,-16.9123965310998
-45.3000176166183,-16.9123965310998
-45.3270176166183,-16.9123965310998
-45.3540176166183,-16.9123965310998
-45.3810176166183,-16.9123965310998
-45.4215176166183,-16.9357792060998
-45.4350176166183,-16.9591618810998
-45.4485176166183,-16.9825445560998
-45.4620176166183,-17.0059272310998
-45.4755176166183,-17.0293099060998
-45.4890176166183,-17.0526925810998
-45.5025176166183,-17.0760752560998
-45.5160176166183,-17.0994579310998
-45.4350176166183,-17.6138767810999
-45.4215176166183,-17.6372594560999
-45.3810176166183,-17.6606421310999
-45.3540176166183,-17.6606421310999
-45.3270176166183,-17.6606421310999
-45.3000176166183,-17.6606421310999
-45.2730176166183,-17.6606421310999
-45.2460176166183,-17.6606421310999
-45.2190176166183,-17.6606421310999
-45.1920176166183,-17.6606421310999
-45.1650176166183,-17.6606421310999
-45.1380176166182,-17.6606421310999
-45.1110176166182,-17.6606421310999
-45.0840176166182,-17.6606421310999
-45.0570176166182,-17.6606421310999
-44.9625176166182,-16.8890138560998
-44.8410176166182,-17.0994579310998
-44.8545176166182,-17.0760752560998
-44.8680176166182,-17.0526925810998
-44.8815176166182,-17.0293099060998
-44.8950176166182,-17.0059272310998
-44.9085176166182,-16.9825445560998
-44.9220176166182,-16.9591618810998
-44.9355176166182,-16.9357792060998
-44.9490176166182,-16.9123965310998
-44.9895176166182,-16.8890138560998
-45.0165176166182,-16.8890138560998
-45.0435176166182,-16.8890138560998
-45.0705176166182,-16.8890138560998
-45.0975176166182,-16.8890138560998
-45.1245176166182,-16.8890138560998
-45.1515176166182,-16.8890138560998
-45.1785176166183,-16.8890138560998
-45.2055176166183,-16.8890138560998
-45.2325176166183,-16.8890138560998
-45.2595176166183,-16.8890138560998
-45.2865176166183,-16.8890138560998
-45.3135176166183,-16.8890138560998
-45.4755176166183,-16.9825445560998
-45.4890176166183,-17.0059272310998
-45.5025176166183,-17.0293099060998
-45.5160176166183,-17.0526925810998
-45.5295176166183,-17.0760752560998
-45.3945176166183,-17.6840248060999
-45.3675176166183,-17.6840248060999
-45.3405176166183,-17.6840248060999
-45.3135176166183,-17.6840248060999
-45.2865176166183,-17.6840248060999
-45.2595176166183,-17.6840248060999
-45.2325176166183,-17.6840248060999
-45.2055176166183,-17.6840248060999
-45.1785176166183,-17.6840248060999
-45.1515176166182,-17.6840248060999
-45.1245176166182,-17.6840248060999
-45.0975176166182,-17.6840248060999
-45.0705176166182,-17.6840248060999
-45.0435176166182,-17.6840248060999
-45.0165176166182,-17.6840248060999
-44.9490176166182,-16.8656311810998
-44.8140176166182,-17.0994579310998
-44.8275176166182,-17.0760752560998
-44.8410176166182,-17.0526925810998
-44.8545176166182,-17.0293099060998
-44.8680176166182,-17.0059272310998
-44.8815176166182,-16.9825445560998
-44.8950176166182,-16.9591618810998
-44.9085176166182,-16.9357792060998
-44.9220176166182,-16.9123965310998
-44.9355176166182,-16.8890138560998
-44.9760176166182,-16.8656311810998
-45.0030176166182,-16.8656311810998
-45.0300176166182,-16.8656311810998
-45.0570176166182,-16.8656311810998
-45.0840176166182,-16.8656311810998
-45.1110176166182,-16.8656311810998
-45.1380176166182,-16.8656311810998
-45.1650176166183,-16.8656311810998
-45.1920176166183,-16.8656311810998
-45.2190176166183,-16.8656311810998
-45.2460176166183,-16.8656311810998
-45.2730176166183,-16.8656311810998
-45.3000176166183,-16.8656311810998
-45.4890176166183,-16.9591618810998
-45.5025176166183,-16.9825445560998
-45.5430176166183,-17.0526925810998
-45.4080176166183,-17.7074074810999
-45.3810176166183,-17.7074074810999
-45.3540176166183,-17.7074074810999
-45.3270176166183,-17.7074074810999
-45.3000176166183,-17.7074074810999
-45.2730176166183,-17.7074074810999
-45.2460176166183,-17.7074074810999
-45.2190176166183,-17.7074074810999
-45.1920176166183,-17.7074074810999
-45.1650176166183,-17.7074074810999
-45.1380176166182,-17.7074074810999
-45.1110176166182,-17.7074074810999
-45.0840176166182,-17.7074074810999
-45.0570176166182,-17.7074074810999
-45.0300176166182,-17.7074074810999
-44.9355176166182,-16.8422485060998
-44.8005176166182,-17.0760752560998
-44.8140176166182,-17.0526925810998
-44.8275176166182,-17.0293099060998
-44.8410176166182,-17.0059272310998
-44.8815176166182,-16.9357792060998
-44.9220176166182,-16.8656311810998
-44.9625176166182,-16.8422485060998
-44.9895176166182,-16.8422485060998
-45.0165176166182,-16.8422485060998
-45.0435176166182,-16.8422485060998
-45.0705176166182,-16.8422485060998
-45.0975176166182,-16.8422485060998
-45.1245176166182,-16.8422485060998
-45.1515176166182,-16.8422485060998
-45.1785176166183,-16.8422485060998
-45.2055176166183,-16.8422485060998
-45.2325176166183,-16.8422485060998
-45.2595176166183,-16.8422485060998
-45.2865176166183,-16.8422485060998
-45.4215176166183,-17.7307901560999
-45.3945176166183,-17.7307901560999
-45.3675176166183,-17.7307901560999
-45.3405176166183,-17.7307901560999
-45.3135176166183,-17.7307901560999
-45.2865176166183,-17.7307901560999
-45.2595176166183,-17.7307901560999
-45.2325176166183,-17.7307901560999
-45.2055176166183,-17.7307901560999
-45.1785176166183,-17.7307901560999
-45.1515176166182,-17.7307901560999
-45.1245176166182,-17.7307901560999
-45.0975176166182,-17.7307901560999
-45.0705176166182,-17.7307901560999
-45.0435176166182,-17.7307901560999
-45.0165176166182,-17.7307901560999
-44.9490176166182,-16.8188658310998
-44.9760176166182,-16.8188658310998
-45.0030176166182,-16.8188658310998
-45.0300176166182,-16.8188658310998
-45.0570176166182,-16.8188658310998
-45.0840176166182,-16.8188658310998
-45.1110176166182,-16.8188658310998
-45.1380176166182,-16.8188658310998
-45.1650176166183,-16.8188658310998
-45.1920176166183,-16.8188658310998
-45.2190176166183,-16.8188658310998
-45.2460176166183,-16.8188658310998
-45.2730176166183,-16.8188658310998
-45.4350176166183,-17.7541728310999
-45.4080176166183,-17.7541728310999
-45.3810176166183,-17.7541728310999
-45.3540176166183,-17.7541728310999
-45.3270176166183,-17.7541728310999
-45.3000176166183,-17.7541728310999
-45.2730176166183,-17.7541728310999
-45.2460176166183,-17.7541728310999
-45.2190176166183,-17.7541728310999
-45.1920176166183,-17.7541728310999
-45.1650176166183,-17.7541728310999
-45.1380176166182,-17.7541728310999
-45.1110176166182,-17.7541728310999
-45.0840176166182,-17.7541728310999
-45.0570176166182,-17.7541728310999
-45.0300176166182,-17.7541728310999
-44.9625176166182,-16.7954831560998
-44.9895176166182,-16.7954831560998
-45.0165176166182,-16.7954831560998
-45.0435176166182,-16.7954831560998
-45.0705176166182,-16.7954831560998
-45.0975176166182,-16.7954831560998
-45.1245176166182,-16.7954831560998
-45.1515176166182,-16.7954831560998
-45.1785176166183,-16.7954831560998
-45.2055176166183,-16.7954831560998
-45.2325176166183,-16.7954831560998
-45.2595176166183,-16.7954831560998
-45.2865176166183,-16.7954831560998
-45.3945176166183,-17.7775555060999
-45.3675176166183,-17.7775555060999
-45.3405176166183,-17.7775555060999
-45.3135176166183,-17.7775555060999
-45.2865176166183,-17.7775555060999
-45.2595176166183,-17.7775555060999
-45.2325176166183,-17.7775555060999
-45.2055176166183,-17.7775555060999
-45.1785176166183,-17.7775555060999
-45.1515176166182,-17.7775555060999
-45.1245176166182,-17.7775555060999
-45.0975176166182,-17.7775555060999
-45.0705176166182,-17.7775555060999
-45.0435176166182,-17.7775555060999
-45.0030176166182,-16.7721004810998
-45.0300176166182,-16.7721004810998
-45.0570176166182,-16.7721004810998
-45.0840176166182,-16.7721004810998
-45.1110176166182,-16.7721004810998
-45.1380176166182,-16.7721004810998
-45.1650176166183,-16.7721004810998
-45.1920176166183,-16.7721004810998
-45.2190176166183,-16.7721004810998
-45.2730176166183,-16.7721004810998
-45.4350176166183,-17.8009381810999
-45.4080176166183,-17.8009381810999
-45.3810176166183,-17.8009381810999
-45.3540176166183,-17.8009381810999
-45.3270176166183,-17.8009381810999
-45.3000176166183,-17.8009381810999
-45.2730176166183,-17.8009381810999
-45.2460176166183,-17.8009381810999
-45.2190176166183,-17.8009381810999
-45.1920176166183,-17.8009381810999
-45.1650176166183,-17.8009381810999
-45.1380176166182,-17.8009381810999
-45.1110176166182,-17.8009381810999
-45.0435176166182,-16.7487178060998
-45.0705176166182,-16.7487178060998
-45.0975176166182,-16.7487178060998
-45.1245176166182,-16.7487178060998
-45.1515176166182,-16.7487178060998
-45.1785176166183,-16.7487178060998
-45.2055176166183,-16.7487178060998
-45.2325176166183,-16.7487178060998
-45.4485176166183,-17.8243208560999
-45.4215176166183,-17.8243208560999
-45.3945176166183,-17.8243208560999
-45.3675176166183,-17.8243208560999
-45.3405176166183,-17.8243208560999
-45.3135176166183,-17.8243208560999
-45.2865176166183,-17.8243208560999
-45.2595176166183,-17.8243208560999
-45.2325176166183,-17.8243208560999
-45.2055176166183,-17.8243208560999
-45.1785176166183,-17.8243208560999
-45.1515176166182,-17.8243208560999
-45.1245176166182,-17.8243208560999
-45.0030176166182,-16.7253351310998
-45.0300176166182,-16.7253351310998
-45.0570176166182,-16.7253351310998
-45.0840176166182,-16.7253351310998
-45.1110176166182,-16.7253351310998
-45.1380176166182,-16.7253351310998
-45.1650176166183,-16.7253351310998
-45.1920176166183,-16.7253351310998
-45.2190176166183,-16.7253351310998
-45.4350176166183,-17.8477035310999
-45.4080176166183,-17.8477035310999
-45.3810176166183,-17.8477035310999
-45.3540176166183,-17.8477035310999
-45.3270176166183,-17.8477035310999
-45.3000176166183,-17.8477035310999
-45.2730176166183,-17.8477035310999
-45.2460176166183,-17.8477035310999
-45.2190176166183,-17.8477035310999
-45.1920176166183,-17.8477035310999
-45.1650176166183,-17.8477035310999
-45.1380176166182,-17.8477035310999
-45.0165176166182,-16.7019524560998
-45.0435176166182,-16.7019524560998
-45.0705176166182,-16.7019524560998
-45.0975176166182,-16.7019524560998
-45.1245176166182,-16.7019524560998
-45.1515176166182,-16.7019524560998
-45.1785176166183,-16.7019524560998
-45.2055176166183,-16.7019524560998
-45.2325176166183,-16.7019524560998
-45.4485176166183,-17.8710862060999
-45.4215176166183,-17.8710862060999
-45.3945176166183,-17.8710862060999
-45.3675176166183,-17.8710862060999
-45.3405176166183,-17.8710862060999
-45.3135176166183,-17.8710862060999
-45.2865176166183,-17.8710862060999
-45.2595176166183,-17.8710862060999
-45.2325176166183,-17.8710862060999
-45.2055176166183,-17.8710862060999
-45.1785176166183,-17.8710862060999
-45.1515176166182,-17.8710862060999
-45.1245176166182,-17.8710862060999
-45.0840176166182,-16.6785697810998
-45.1110176166182,-16.6785697810998
-45.1380176166182,-16.6785697810998
-45.1650176166183,-16.6785697810998
-45.2190176166183,-16.6785697810998
-45.4620176166183,-17.8944688810999
-45.4350176166183,-17.8944688810999
-45.4080176166183,-17.8944688810999
-45.3540176166183,-17.8944688810999
-45.3270176166183,-17.8944688810999
-45.3000176166183,-17.8944688810999
-45.2730176166183,-17.8944688810999
-45.2460176166183,-17.8944688810999
-45.2190176166183,-17.8944688810999
-45.1920176166183,-17.8944688810999
-45.1650176166183,-17.8944688810999
-45.1380176166182,-17.8944688810999
-45.0975176166182,-16.6551871060998
-45.1245176166182,-16.6551871060998
-45.1515176166182,-16.6551871060998
-45.1785176166183,-16.6551871060998
-45.4485176166183,-17.9178515560999
-45.3405176166183,-17.9178515560999
-45.3135176166183,-17.9178515560999
-45.2865176166183,-17.9178515560999
-45.2595176166183,-17.9178515560999
-45.2325176166183,-17.9178515560999
-45.2055176166183,-17.9178515560999
-45.1785176166183,-17.9178515560999
-45.1515176166182,-17.9178515560999
-45.1245176166182,-17.9178515560999
-45.0840176166182,-16.6318044310998
-45.1110176166182,-16.6318044310998
-45.1380176166182,-16.6318044310998
-45.1650176166183,-16.6318044310998
-45.3270176166183,-17.9412342310999
-45.3000176166183,-17.9412342310999
-45.2730176166183,-17.9412342310999
-45.2460176166183,-17.9412342310999
-45.2190176166183,-17.9412342310999
-45.1920176166183,-17.9412342310999
-45.1650176166183,-17.9412342310999
-45.1380176166182,-17.9412342310999
-45.0975176166182,-16.6084217560998
-45.1245176166182,-16.6084217560998
-45.2865176166183,-17.9646169060999
-45.2595176166183,-17.9646169060999
-45.2325176166183,-17.9646169060999
-45.2055176166183,-17.9646169060999
-45.1110176166182,-16.5850390810998
