-48.2219091447444,-18.5775009719370
-48.1949091447444,-18.5775009719370
-48.2084091447444,-18.5541182969370
-48.2354091447444,-18.5541182969370
-48.2489091447444,-18.5775009719370
-48.2354091447444,-18.6008836469370
-48.2084091447444,-18.6008836469370
-48.1679091447444,-18.5775009719370
-48.1949091447444,-18.5307356219370
-48.2489091447444,-18.5307356219370
-48.2759091447444,-18.5775009719370
-48.2489091447444,-18.6242663219370
-48.1949091447444,-18.6242663219370
-48.1814091447444,-18.5541182969370
-48.2219091447444,-18.5307356219370
-48.2624091447444,-18.5541182969370
-48.2624091447444,-18.6008836469370
-48.2219091447444,-18.6242663219370
-48.1814091447444,-18.6008836469370
-48.1409091447444,-18.5775009719370
-48.1814091447444,-18.5073529469370
-48.2624091447444,-18.5073529469370
-48.3029091447444,-18.5775009719370
-48.2624091447444,-18.6476489969370
-48.1814091447444,-18.6476489969370
-48.1544091447444,-18.5541182969370
-48.1679091447444,-18.5307356219370
-48.2084091447444,-18.5073529469370
-48.2354091447444,-18.5073529469370
-48.2759091447444,-18.5307356219370
-48.2894091447444,-18.5541182969370
-48.2894091447444,-18.6008836469370
-48.2759091447444,-18.6242663219370
-48.2354091447444,-18.6476489969370
-48.2084091447444,-18.6476489969370
-48.1679091447444,-18.6242663219370
-48.1544091447444,-18.6008836469370
-48.1139091447444,-18.5775009719370
-48.1679091447444,-18.4839702719370
-48.2759091447444,-18.4839702719370
-48.3299091447444,-18.5775009719370
-48.2759091447444,-18.6710316719370
-48.1679091447444,-18.6710316719370
-48.1274091447444,-18.5541182969370
-48.1409091447444,-18.5307356219370
-48.1544091447444,-18.5073529469370
-48.1949091447444,-18.4839702719370
-48.2219091447444,-18.4839702719370
-48.2489091447444,-18.4839702719370
-48.2894091447444,-18.5073529469370
-48.3029091447444,-18.5307356219370
-48.3164091447444,-18.5541182969370
-48.3164091447444,-18.6008836469370
-48.3029091447444,-18.6242663219370
-48.2894091447444,-18.6476489969370
-48.2489091447444,-18.6710316719370
-48.2219091447444,-18.6710316719370
-48.1949091447444,-18.6710316719370
-48.1544091447444,-18.6476489969370
-48.1409091447444,-18.6242663219370
-48.1274091447444,-18.6008836469370
-48.0869091447444,-18.5775009719370
-48.1544091447444,-18.4605875969370
-48.2894091447444,-18.4605875969370
-48.3569091447444,-18.5775009719370
-48.2894091447444,-18.6944143469370
-48.1544091447444,-18.6944143469370
-48.1004091447444,-18.5541182969370
-48.1139091447444,-18.5307356219370
-48.1274091447444,-18.5073529469370
-48.1409091447444,-18.4839702719370
-48.1814091447444,-18.4605875969370
-48.2084091447444,-18.4605875969370
-48.2354091447444,-18.4605875969370
-48.2624091447444,-18.4605875969370
-48.3029091447444,-18.4839702719370
-48.3164091447444,-18.5073529469370
-48.3299091447444,-18.5307356219370
-48.3434091447444,-18.5541182969370
-48.3434091447444,-18.6008836469370
-48.3299091447444,-18.6242663219370
-48.3164091447444,-18.6476489969370
-48.3029091447444,-18.6710316719370
-48.2624091447444,-18.6944143469370
-48.2354091447444,-18.6944143469370
-48.2084091447444,-18.6944143469370
-48.1814091447444,-18.6944143469370
-48.1409091447444,-18.6710316719370
-48.1274091447444,-18.6476489969370
-48.1139091447444,-18.6242663219370
-48.1004091447444,-18.6008836469370
-48.0599091447444,-18.5775009719370
-48.1409091447444,-18.4372049219370
-48.3029091447444,-18.4372049219370
-48.3839091447444,-18.5775009719370
-48.3029091447444,-18.7177970219370
-48.1409091447444,-18.7177970219370
-48.0734091447444,-18.5541182969370
-48.0869091447444,-18.5307356219370
-48.1004091447444,-18.5073529469370
-48.1139091447444,-18.4839702719370
-48.1274091447444,-18.4605875969370
-48.1679091447444,-18.4372049219370
-48.1949091447444,-18.4372049219370
-48.2219091447444,-18.4372049219370
-48.2489091447444,-18.4372049219370
-48.2759091447444,-18.4372049219370
-48.3164091447444,-18.4605875969370
-48.3299091447444,-18.4839702719370
-48.3434091447444,-18.5073529469370
-48.3569091447444,-18.5307356219370
-48.3704091447444,-18.5541182969370
-48.3704091447444,-18.6008836469370
-48.3569091447444,-18.6242663219370
-48.3299091447444,-18.6710316719370
-48.3164091447444,-18.6944143469370
-48.2759091447444,-18.7177970219370
-48.2489091447444,-18.7177970219370
-48.2219091447444,-18.7177970219370
-48.1949091447444,-18.7177970219370
-48.1679091447444,-18.7177970219370
-48.1274091447444,-18.6944143469370
-48.1139091447444,-18.6710316719370
-48.1004091447444,-18.6476489969370
-48.0869091447444,-18.6242663219370
-48.0734091447444,-18.6008836469370
-48.0329091447444,-18.5775009719370
-48.3164091447444,-18.4138222469370
-48.4109091447444,-18.5775009719370
-48.1274091447444,-18.7411796969370
-48.0464091447444,-18.5541182969370
-48.0599091447444,-18.5307356219370
-48.0734091447444,-18.5073529469370
-48.0869091447444,-18.4839702719370
-48.1004091447444,-18.4605875969370
-48.1139091447444,-18.4372049219370
-48.1544091447444,-18.4138222469370
-48.1814091447444,-18.4138222469370
-48.2084091447444,-18.4138222469370
-48.2354091447444,-18.4138222469370
-48.2624091447444,-18.4138222469370
-48.2894091447444,-18.4138222469370
-48.3299091447444,-18.4372049219370
-48.3434091447444,-18.4605875969370
-48.3569091447444,-18.4839702719370
-48.3704091447444,-18.5073529469370
-48.3839091447444,-18.5307356219370
-48.3974091447444,-18.5541182969370
-48.3974091447444,-18.6008836469370
-48.3839091447444,-18.6242663219370
-48.2624091447444,-18.7411796969370
-48.2354091447444,-18.7411796969370
-48.2084091447444,-18.7411796969370
-48.1814091447444,-18.7411796969370
-48.1544091447444,-18.7411796969370
-48.1139091447444,-18.7177970219370
-48.1004091447444,-18.6944143469370
-48.0869091447444,-18.6710316719370
-48.0734091447444,-18.6476489969370
-48.0599091447444,-18.6242663219370
-48.0464091447444,-18.6008836469370
-48.0059091447444,-18.5775009719370
-48.3299091447444,-18.3904395719370
-48.4379091447444,-18.5775009719370
-48.1139091447444,-18.7645623719370
-48.0194091447444,-18.5541182969370
-48.0329091447444,-18.5307356219370
-48.0464091447444,-18.5073529469370
-48.0599091447444,-18.4839702719370
-48.0734091447444,-18.4605875969370
-48.0869091447444,-18.4372049219370
-48.1679091447444,-18.3904395719370
-48.1949091447444,-18.3904395719370
-48.2219091447444,-18.3904395719370
-48.2489091447444,-18.3904395719370
-48.2759091447444,-18.3904395719370
-48.3029091447444,-18.3904395719370
-48.3434091447444,-18.4138222469370
-48.3569091447444,-18.4372049219370
-48.3704091447444,-18.4605875969370
-48.3839091447444,-18.4839702719370
-48.3974091447444,-18.5073529469370
-48.4109091447444,-18.5307356219370
-48.4244091447444,-18.5541182969370
-48.4244091447444,-18.6008836469370
-48.4109091447444,-18.6242663219370
-48.2489091447444,-18.7645623719370
-48.1679091447444,-18.7645623719370
-48.1409091447444,-18.7645623719370
-48.1004091447444,-18.7411796969370
-48.0869091447444,-18.7177970219370
-48.0734091447444,-18.6944143469370
-48.0599091447444,-18.6710316719370
-48.0464091447444,-18.6476489969370
-48.0329091447444,-18.6242663219370
-48.0194091447444,-18.6008836469370
-47.9789091447443,-18.5775009719370
-48.4649091447444,-18.5775009719370
-48.1004091447444,-18.7879450469370
-47.9924091447444,-18.5541182969370
-48.0059091447444,-18.5307356219370
-48.0194091447444,-18.5073529469370
-48.0329091447444,-18.4839702719370
-48.0464091447444,-18.4605875969370
-48.0599091447444,-18.4372049219370
-48.2084091447444,-18.3670568969370
-48.2354091447444,-18.3670568969370
-48.2624091447444,-18.3670568969370
-48.2894091447444,-18.3670568969370
-48.3569091447444,-18.3904395719370
-48.3704091447444,-18.4138222469370
-48.3839091447444,-18.4372049219370
-48.3974091447444,-18.4605875969370
-48.4109091447444,-18.4839702719370
-48.4244091447444,-18.5073529469370
-48.4379091447444,-18.5307356219370
-48.4514091447444,-18.5541182969370
-48.4514091447444,-18.6008836469370
-48.4379091447444,-18.6242663219370
-48.4244091447444,-18.6476489969370
-48.1544091447444,-18.7879450469370
-48.1274091447444,-18.7879450469370
-48.0869091447444,-18.7645623719370
-48.0734091447444,-18.7411796969370
-48.0599091447444,-18.7177970219370
-48.0464091447444,-18.6944143469370
-48.0329091447444,-18.6710316719370
-48.0194091447444,-18.6476489969370
-48.0059091447444,-18.6242663219370
-47.9924091447444,-18.6008836469370
-48.4919091447444,-18.5775009719370
-48.0869091447444,-18.8113277219370
-47.9789091447443,-18.5307356219370
-47.9924091447444,-18.5073529469370
-48.0059091447444,-18.4839702719370
-48.0194091447444,-18.4605875969370
-48.0329091447444,-18.4372049219370
-48.2489091447444,-18.3436742219370
-48.2759091447444,-18.3436742219370
-48.3839091447444,-18.3904395719370
-48.3974091447444,-18.4138222469370
-48.4109091447444,-18.4372049219370
-48.4244091447444,-18.4605875969370
-48.4379091447444,-18.4839702719370
-48.4514091447444,-18.5073529469370
-48.4649091447444,-18.5307356219370
-48.4784091447444,-18.5541182969370
-48.4784091447444,-18.6008836469370
-48.4649091447444,-18.6242663219370
-48.0734091447444,-18.7879450469370
-48.0599091447444,-18.7645623719370
-48.0464091447444,-18.7411796969370
-48.0329091447444,-18.7177970219370
-48.0194091447444,-18.6944143469370
-48.0059091447444,-18.6710316719370
-47.9924091447444,-18.6476489969370
-47.9789091447443,-18.6242663219370
-48.5189091447444,-18.5775009719370
-48.0734091447444,-18.8347103969370
-47.9519091447443,-18.5307356219370
-47.9654091447443,-18.5073529469370
-47.9789091447443,-18.4839702719370
-47.9924091447444,-18.4605875969370
-48.4109091447444,-18.3904395719370
-48.4244091447444,-18.4138222469370
-48.4379091447444,-18.4372049219370
-48.4514091447444,-18.4605875969370
-48.4649091447444,-18.4839702719370
-48.4784091447444,-18.5073529469370
-48.4919091447444,-18.5307356219370
-48.5054091447444,-18.5541182969370
-48.0599091447444,-18.8113277219370
-48.0464091447444,-18.7879450469370
-48.0329091447444,-18.7645623719370
-48.0194091447444,-18.7411796969370
-48.0059091447444,-18.7177970219370
-47.9924091447444,-18.6944143469370
-47.9789091447443,-18.6710316719370
-47.9654091447443,-18.6476489969370
-48.0599091447444,-18.8580930719370
-48.4244091447444,-18.3670568969370
-48.4379091447444,-18.3904395719370
-48.4514091447444,-18.4138222469370
-48.4649091447444,-18.4372049219370
-48.4784091447444,-18.4605875969370
-48.4919091447444,-18.4839702719370
-48.5054091447444,-18.5073529469370
-48.5189091447444,-18.5307356219370
-48.5324091447444,-18.5541182969370
-48.0869091447444,-18.8580930719370
-48.0464091447444,-18.8347103969370
-48.0329091447444,-18.8113277219370
-48.0194091447444,-18.7879450469370
-48.0059091447444,-18.7645623719370
-47.9924091447444,-18.7411796969370
-47.9789091447443,-18.7177970219370
-47.9654091447443,-18.6944143469370
-47.9519091447443,-18.6710316719370
-48.0464091447444,-18.8814757469370
-48.4514091447444,-18.3670568969370
-48.4649091447444,-18.3904395719370
-48.4784091447444,-18.4138222469370
-48.4919091447444,-18.4372049219370
-48.5054091447444,-18.4605875969370
-48.5189091447444,-18.4839702719370
-48.5324091447444,-18.5073529469370
-48.5459091447444,-18.5307356219370
-48.5594091447444,-18.5541182969370
-48.0734091447444,-18.8814757469370
-48.0329091447444,-18.8580930719370
-48.0194091447444,-18.8347103969370
-48.0059091447444,-18.8113277219370
-47.9924091447444,-18.7879450469370
-47.9789091447443,-18.7645623719370
-47.9654091447443,-18.7411796969370
-47.9519091447443,-18.7177970219370
-47.9384091447443,-18.6944143469370
-47.9249091447443,-18.6710316719370
-48.4919091447444,-18.3904395719370
-48.5054091447444,-18.4138222469370
-48.5189091447444,-18.4372049219370
-48.5324091447444,-18.4605875969370
-48.5459091447444,-18.4839702719370
-48.5594091447444,-18.5073529469370
-48.5729091447444,-18.5307356219370
-48.0059091447444,-18.8580930719370
-47.9924091447444,-18.8347103969370
-47.9789091447443,-18.8113277219370
-47.9654091447443,-18.7879450469370
-47.9519091447443,-18.7645623719370
-47.9384091447443,-18.7411796969370
-47.9249091447443,-18.7177970219370
-47.9114091447443,-18.6944143469370
-47.8979091447443,-18.6710316719370
-48.5054091447444,-18.3670568969370
-48.5189091447444,-18.3904395719370
-48.5324091447444,-18.4138222469370
-48.5459091447444,-18.4372049219370
-48.5594091447444,-18.4605875969370
-48.5729091447444,-18.4839702719370
-48.5999091447444,-18.5307356219370
-47.9789091447443,-18.8580930719370
-47.9654091447443,-18.8347103969370
-47.9519091447443,-18.8113277219370
-47.9384091447443,-18.7879450469370
-47.9249091447443,-18.7645623719370
-47.9114091447443,-18.7411796969370
-47.8979091447443,-18.7177970219370
-48.5324091447444,-18.3670568969370
-48.5459091447444,-18.3904395719370
-48.5594091447444,-18.4138222469370
-48.5729091447444,-18.4372049219370
-48.5864091447444,-18.4605875969370
-47.9384091447443,-18.8347103969370
-47.9249091447443,-18.8113277219370
-47.9114091447443,-18.7879450469370
-47.8979091447443,-18.7645623719370
-47.8844091447443,-18.7411796969370
-48.5594091447444,-18.3670568969370
-48.5729091447444,-18.3904395719370
-48.5864091447444,-18.4138222469370
-47.8979091447443,-18.8113277219370
-47.8844091447443,-18.7879450469370
-48.5729091447444,-18.3436742219370
-48.5864091447444,-18.3670568969370
-48.5999091447444,-18.3436742219370
-48.6134091447444,-18.3670568969370
-48.6269091447444,-18.3436742219370
