-40.7239354396084,-16.0918652528874
-40.6969354396084,-16.0918652528874
-40.7104354396084,-16.0684825778874
-40.7374354396084,-16.0684825778874
-40.7509354396084,-16.0918652528874
-40.7374354396084,-16.1152479278874
-40.7104354396084,-16.1152479278874
-40.6699354396084,-16.0918652528874
-40.6969354396084,-16.0450999028874
-40.7509354396084,-16.0450999028874
-40.7779354396084,-16.0918652528874
-40.7509354396084,-16.1386306028874
-40.6969354396084,-16.1386306028874
-40.6834354396084,-16.0684825778874
-40.7239354396084,-16.0450999028874
-40.7644354396084,-16.0684825778874
-40.7644354396084,-16.1152479278874
-40.7239354396084,-16.1386306028874
-40.6834354396084,-16.1152479278874
-40.6429354396084,-16.0918652528874
-40.6834354396084,-16.0217172278874
-40.7644354396084,-16.0217172278874
-40.8049354396084,-16.0918652528874
-40.7644354396084,-16.1620132778874
-40.6834354396084,-16.1620132778874
-40.6564354396084,-16.0684825778874
-40.6699354396084,-16.0450999028874
-40.7104354396084,-16.0217172278874
-40.7374354396084,-16.0217172278874
-40.7779354396084,-16.0450999028874
-40.7914354396084,-16.0684825778874
-40.7914354396084,-16.1152479278874
-40.7779354396084,-16.1386306028874
-40.7374354396084,-16.1620132778874
-40.7104354396084,-16.1620132778874
-40.6699354396084,-16.1386306028874
-40.6564354396084,-16.1152479278874
-40.6159354396084,-16.0918652528874
-40.7779354396084,-15.9983345528874
-40.8319354396084,-16.0918652528874
-40.7779354396084,-16.1853959528874
-40.6699354396084,-16.1853959528874
-40.6294354396084,-16.0684825778874
-40.6429354396084,-16.0450999028874
-40.6564354396084,-16.0217172278874
-40.6969354396084,-15.9983345528874
-40.7239354396084,-15.9983345528874
-40.7509354396084,-15.9983345528874
-40.7914354396084,-16.0217172278874
-40.8049354396084,-16.0450999028874
-40.8184354396084,-16.0684825778874
-40.8184354396084,-16.1152479278874
-40.8049354396084,-16.1386306028874
-40.7914354396084,-16.1620132778874
-40.7509354396084,-16.1853959528874
-40.7239354396084,-16.1853959528874
-40.6969354396084,-16.1853959528874
-40.6564354396084,-16.1620132778874
-40.6429354396084,-16.1386306028874
-40.6294354396084,-16.1152479278874
-40.5889354396084,-16.0918652528874
-40.6564354396084,-15.9749518778874
-40.7914354396084,-15.9749518778874
-40.8589354396084,-16.0918652528874
-40.7914354396084,-16.2087786278874
-40.6564354396084,-16.2087786278874
-40.6024354396084,-16.0684825778874
-40.6159354396084,-16.0450999028874
-40.6294354396084,-16.0217172278874
-40.6429354396084,-15.9983345528874
-40.7104354396084,-15.9749518778874
-40.7374354396084,-15.9749518778874
-40.7644354396084,-15.9749518778874
-40.8049354396084,-15.9983345528874
-40.8184354396084,-16.0217172278874
-40.8319354396084,-16.0450999028874
-40.8454354396084,-16.0684825778874
-40.8454354396084,-16.1152479278874
-40.8319354396084,-16.1386306028874
-40.8184354396084,-16.1620132778874
-40.8049354396084,-16.1853959528874
-40.7644354396084,-16.2087786278874
-40.7374354396084,-16.2087786278874
-40.7104354396084,-16.2087786278874
-40.6834354396084,-16.2087786278874
-40.6429354396084,-16.1853959528874
-40.6294354396084,-16.1620132778874
-40.6159354396084,-16.1386306028874
-40.6024354396084,-16.1152479278874
-40.5619354396084,-16.0918652528874
-40.6429354396084,-15.9515692028874
-40.8049354396084,-15.9515692028874
-40.8859354396084,-16.0918652528874
-40.8049354396084,-16.2321613028874
-40.6429354396084,-16.2321613028874
-40.5754354396084,-16.0684825778874
-40.5889354396084,-16.0450999028874
-40.6024354396084,-16.0217172278874
-40.6159354396084,-15.9983345528874
-40.6294354396084,-15.9749518778874
-40.7239354396084,-15.9515692028874
-40.7509354396084,-15.9515692028874
-40.7779354396084,-15.9515692028874
-40.8184354396084,-15.9749518778874
-40.8319354396084,-15.9983345528874
-40.8454354396084,-16.0217172278874
-40.8589354396084,-16.0450999028874
-40.8724354396084,-16.0684825778874
-40.8724354396084,-16.1152479278874
-40.8589354396084,-16.1386306028874
-40.8454354396084,-16.1620132778874
-40.8319354396084,-16.1853959528874
-40.8184354396084,-16.2087786278874
-40.7779354396084,-16.2321613028874
-40.7509354396084,-16.2321613028874
-40.7239354396084,-16.2321613028874
-40.6969354396084,-16.2321613028874
-40.6699354396084,-16.2321613028874
-40.6294354396084,-16.2087786278874
-40.6159354396084,-16.1853959528874
-40.6024354396084,-16.1620132778874
-40.5889354396084,-16.1386306028874
-40.5754354396084,-16.1152479278874
-40.5349354396084,-16.0918652528874
-40.6294354396084,-15.9281865278874
-40.8184354396084,-15.9281865278874
-40.9129354396084,-16.0918652528874
-40.6294354396084,-16.2555439778874
-40.5484354396084,-16.0684825778874
-40.5619354396084,-16.0450999028874
-40.5754354396084,-16.0217172278874
-40.5889354396084,-15.9983345528874
-40.6024354396084,-15.9749518778874
-40.6159354396084,-15.9515692028874
-40.7374354396084,-15.9281865278874
-40.7644354396084,-15.9281865278874
-40.7914354396084,-15.9281865278874
-40.8319354396084,-15.9515692028874
-40.8454354396084,-15.9749518778874
-40.8589354396084,-15.9983345528874
-40.8724354396084,-16.0217172278874
-40.8859354396084,-16.0450999028874
-40.8994354396084,-16.0684825778874
-40.8994354396084,-16.1152479278874
-40.8859354396084,-16.1386306028874
-40.8724354396084,-16.1620132778874
-40.8589354396084,-16.1853959528874
-40.8454354396084,-16.2087786278874
-40.8319354396084,-16.2321613028874
-40.7914354396084,-16.2555439778874
-40.7644354396084,-16.2555439778874
-40.7104354396084,-16.2555439778874
-40.6834354396084,-16.2555439778874
-40.6564354396084,-16.2555439778874
-40.6159354396084,-16.2321613028874
-40.6024354396084,-16.2087786278874
-40.5889354396084,-16.1853959528874
-40.5754354396084,-16.1620132778874
-40.5619354396084,-16.1386306028874
-40.5484354396084,-16.1152479278874
-40.5079354396084,-16.0918652528874
-40.8319354396084,-15.9048038528874
-40.6159354396084,-16.2789266528874
-40.5214354396084,-16.0684825778874
-40.5349354396084,-16.0450999028874
-40.5484354396084,-16.0217172278874
-40.5619354396084,-15.9983345528874
-40.5754354396084,-15.9749518778874
-40.5889354396084,-15.9515692028874
-40.7239354396084,-15.9048038528874
-40.7509354396084,-15.9048038528874
-40.7779354396084,-15.9048038528874
-40.8049354396084,-15.9048038528874
-40.8454354396084,-15.9281865278874
-40.8589354396084,-15.9515692028874
-40.8724354396084,-15.9749518778874
-40.8859354396084,-15.9983345528874
-40.8994354396084,-16.0217172278874
-40.9129354396084,-16.0450999028874
-40.9264354396084,-16.1152479278874
-40.9129354396084,-16.1386306028874
-40.8994354396084,-16.1620132778874
-40.8859354396084,-16.1853959528874
-40.8724354396084,-16.2087786278874
-40.8589354396084,-16.2321613028874
-40.6969354396084,-16.2789266528874
-40.6699354396084,-16.2789266528874
-40.6429354396084,-16.2789266528874
-40.6024354396084,-16.2555439778874
-40.5889354396084,-16.2321613028874
-40.5754354396084,-16.2087786278874
-40.5619354396084,-16.1853959528874
-40.5484354396084,-16.1620132778874
-40.5349354396084,-16.1386306028874
-40.5214354396084,-16.1152479278874
-40.4809354396084,-16.0918652528874
-40.8454354396084,-15.8814211778874
-40.6024354396084,-16.3023093278874
-40.4944354396084,-16.0684825778874
-40.5079354396084,-16.0450999028874
-40.5214354396084,-16.0217172278874
-40.5349354396084,-15.9983345528874
-40.5484354396084,-15.9749518778874
-40.5619354396084,-15.9515692028874
-40.7644354396084,-15.8814211778874
-40.7914354396084,-15.8814211778874
-40.8184354396084,-15.8814211778874
-40.8589354396084,-15.9048038528874
-40.8724354396084,-15.9281865278874
-40.8859354396084,-15.9515692028874
-40.8994354396084,-15.9749518778874
-40.9129354396084,-15.9983345528874
-40.9534354396084,-16.1152479278874
-40.9399354396084,-16.1386306028874
-40.9264354396084,-16.1620132778874
-40.9129354396084,-16.1853959528874
-40.8994354396084,-16.2087786278874
-40.8859354396084,-16.2321613028874
-40.7104354396084,-16.3023093278874
-40.6834354396084,-16.3023093278874
-40.6564354396084,-16.3023093278874
-40.6294354396084,-16.3023093278874
-40.5889354396084,-16.2789266528874
-40.5754354396084,-16.2555439778874
-40.5619354396084,-16.2321613028874
-40.5484354396084,-16.2087786278874
-40.5349354396084,-16.1853959528874
-40.5214354396084,-16.1620132778874
-40.5079354396084,-16.1386306028874
-40.4944354396084,-16.1152479278874
-40.4539354396084,-16.0918652528874
-40.8589354396084,-15.8580385028874
-40.5889354396084,-16.3256920028874
-40.4674354396084,-16.0684825778874
-40.4809354396084,-16.0450999028874
-40.4944354396084,-16.0217172278874
-40.5079354396084,-15.9983345528874
-40.5214354396084,-15.9749518778874
-40.7779354396084,-15.8580385028874
-40.8049354396084,-15.8580385028874
-40.8319354396084,-15.8580385028874
-40.8724354396084,-15.8814211778874
-40.8859354396084,-15.9048038528874
-40.8994354396084,-15.9281865278874
-40.9129354396084,-15.9515692028874
-40.9669354396084,-16.1386306028874
-40.9534354396084,-16.1620132778874
-40.9399354396084,-16.1853959528874
-40.9264354396084,-16.2087786278874
-40.9129354396084,-16.2321613028874
-40.6429354396084,-16.3256920028874
-40.6159354396084,-16.3256920028874
-40.5754354396084,-16.3023093278874
-40.5619354396084,-16.2789266528874
-40.5484354396084,-16.2555439778874
-40.5349354396084,-16.2321613028874
-40.5214354396084,-16.2087786278874
-40.5079354396084,-16.1853959528874
-40.4944354396084,-16.1620132778874
-40.4809354396084,-16.1386306028874
-40.4674354396084,-16.1152479278874
-40.8724354396084,-15.8346558278874
-40.4404354396084,-16.0684825778874
-40.8184354396084,-15.8346558278874
-40.8454354396084,-15.8346558278874
-40.8859354396084,-15.8580385028874
-40.8994354396084,-15.8814211778874
-40.9129354396084,-15.9048038528874
-40.9264354396084,-15.9281865278874
-40.9399354396084,-15.9515692028874
-40.9669354396084,-16.1853959528874
-40.9534354396084,-16.2087786278874
-40.9399354396084,-16.2321613028874
-40.9264354396084,-16.2555439778874
-40.6564354396084,-16.3490746778874
-40.6294354396084,-16.3490746778874
-40.6024354396084,-16.3490746778874
-40.5214354396084,-16.2555439778874
-40.5079354396084,-16.2321613028874
-40.4944354396084,-16.2087786278874
-40.4809354396084,-16.1853959528874
-40.4674354396084,-16.1620132778874
-40.4539354396084,-16.1386306028874
-40.4404354396084,-16.1152479278874
-40.8994354396084,-15.8346558278874
-40.9129354396084,-15.8580385028874
-40.9264354396084,-15.8814211778874
-40.9399354396084,-15.9048038528874
-40.9534354396084,-15.9281865278874
-40.9804354396084,-16.2087786278874
-40.9669354396084,-16.2321613028874
-40.9534354396084,-16.2555439778874
-40.6429354396084,-16.3724573528874
-40.9264354396084,-15.8346558278874
-40.9399354396084,-15.8580385028874
-40.9534354396084,-15.8814211778874
-40.9669354396084,-15.9048038528874
-40.6294354396084,-16.3958400278874
-40.9534354396084,-15.8346558278874
-40.9669354396084,-15.8580385028874
-40.6429354396084,-16.4192227028874
-40.9669354396084,-15.8112731528874
-40.9804354396084,-15.8346558278874
-40.9939354396084,-15.8580385028874
-40.6564354396084,-16.4426053778874
