-44.2290086652049,-17.0680566419764
-44.2020086652049,-17.0680566419764
-44.2155086652049,-17.0446739669764
-44.2425086652049,-17.0446739669764
-44.2560086652049,-17.0680566419764
-44.2425086652049,-17.0914393169764
-44.2155086652049,-17.0914393169764
-44.2020086652049,-17.0212912919764
-44.2560086652049,-17.0212912919764
-44.2830086652049,-17.0680566419764
-44.2560086652049,-17.1148219919764
-44.2020086652049,-17.1148219919764
-44.1885086652049,-17.0446739669764
-44.2290086652049,-17.0212912919764
-44.2695086652049,-17.0446739669764
-44.2695086652049,-17.0914393169764
-44.2290086652049,-17.1148219919764
-44.1885086652049,-16.9979086169764
-44.2695086652049,-16.9979086169764
-44.3100086652049,-17.0680566419764
-44.2695086652049,-17.1382046669764
-44.1885086652049,-17.1382046669764
-44.1750086652049,-17.0212912919764
-44.2155086652049,-16.9979086169764
-44.2425086652049,-16.9979086169764
-44.2830086652049,-17.0212912919764
-44.2965086652049,-17.0446739669764
-44.2965086652049,-17.0914393169764
-44.2830086652049,-17.1148219919764
-44.2425086652049,-17.1382046669764
-44.2155086652049,-17.1382046669764
-44.1750086652049,-17.1148219919764
-44.1750086652049,-16.9745259419764
-44.2830086652049,-16.9745259419764
-44.3370086652049,-17.0680566419764
-44.1750086652049,-17.1615873419764
-44.1615086652049,-16.9979086169764
-44.2020086652049,-16.9745259419764
-44.2290086652049,-16.9745259419764
-44.2560086652049,-16.9745259419764
-44.3235086652049,-17.0914393169764
-44.3100086652049,-17.1148219919764
-44.2965086652049,-17.1382046669764
-44.2560086652049,-17.1615873419764
-44.2290086652049,-17.1615873419764
-44.2020086652049,-17.1615873419764
-44.1615086652049,-17.1382046669764
-44.1480086652049,-17.1148219919764
-44.1615086652049,-16.9511432669764
-44.2965086652049,-16.9511432669764
-44.1615086652049,-17.1849700169764
-44.1885086652049,-16.9511432669764
-44.2155086652049,-16.9511432669764
-44.2425086652049,-16.9511432669764
-44.2695086652049,-16.9511432669764
-44.2695086652049,-17.1849700169764
-44.2425086652049,-17.1849700169764
-44.2155086652049,-17.1849700169764
-44.1885086652049,-17.1849700169764
-44.1480086652049,-17.1615873419764
-44.1345086652049,-17.1382046669764
-44.1480086652049,-16.9277605919764
-44.1750086652049,-16.9277605919764
-44.2020086652049,-16.9277605919764
-44.2290086652049,-16.9277605919764
-44.2560086652049,-16.9277605919764
-44.3235086652049,-16.9511432669764
-44.2830086652049,-17.2083526919764
-44.2560086652049,-17.2083526919764
-44.2290086652049,-17.2083526919764
-44.2020086652049,-17.2083526919764
-44.1750086652049,-17.2083526919764
-44.1210086652049,-17.1615873419764
-44.1345086652049,-16.9043779169764
-44.3235086652049,-17.2317353669764
-44.1615086652049,-16.9043779169764
-44.1885086652049,-16.9043779169764
-44.2155086652049,-16.9043779169764
-44.2425086652049,-16.9043779169764
-44.2965086652049,-17.2317353669764
-44.2695086652049,-17.2317353669764
-44.2425086652049,-17.2317353669764
-44.2155086652049,-17.2317353669764
-44.1210086652049,-16.8809952419764
-44.1480086652049,-16.8809952419764
-44.2020086652049,-16.8809952419764
-44.2290086652049,-16.8809952419764
-44.3100086652049,-17.2551180419764
-44.2830086652049,-17.2551180419764
-44.2560086652049,-17.2551180419764
-44.2290086652049,-17.2551180419764
-44.1345086652049,-16.8576125669764
-44.1480086652049,-16.8342298919764
