-49.8696030692992,-19.0982761462437
-49.8426030692992,-19.0982761462437
-49.8561030692992,-19.0748934712437
-49.8831030692992,-19.0748934712437
-49.8966030692992,-19.0982761462437
-49.8831030692992,-19.1216588212437
-49.8561030692992,-19.1216588212437
-49.8156030692992,-19.0982761462437
-49.8426030692992,-19.0515107962437
-49.8966030692992,-19.0515107962437
-49.9236030692992,-19.0982761462437
-49.8966030692992,-19.1450414962437
-49.8426030692992,-19.1450414962437
-49.8291030692992,-19.0748934712437
-49.8696030692992,-19.0515107962437
-49.9101030692992,-19.0748934712437
-49.9101030692992,-19.1216588212437
-49.8696030692992,-19.1450414962437
-49.8291030692992,-19.1216588212437
-49.7886030692992,-19.0982761462437
-49.8291030692992,-19.0281281212437
-49.9101030692992,-19.0281281212437
-49.9506030692992,-19.0982761462437
-49.9101030692992,-19.1684241712437
-49.8291030692992,-19.1684241712437
-49.8021030692992,-19.0748934712437
-49.8156030692992,-19.0515107962437
-49.8561030692992,-19.0281281212437
-49.8831030692992,-19.0281281212437
-49.9236030692992,-19.0515107962437
-49.9371030692992,-19.0748934712437
-49.9371030692992,-19.1216588212437
-49.9236030692992,-19.1450414962437
-49.8831030692992,-19.1684241712437
-49.8561030692992,-19.1684241712437
-49.8156030692992,-19.1450414962437
-49.8021030692992,-19.1216588212437
-49.7616030692992,-19.0982761462437
-49.8156030692992,-19.0047454462437
-49.9236030692992,-19.0047454462437
-49.9776030692992,-19.0982761462437
-49.9236030692992,-19.1918068462437
-49.8156030692992,-19.1918068462437
-49.7751030692992,-19.0748934712437
-49.7886030692992,-19.0515107962437
-49.8021030692992,-19.0281281212437
-49.8426030692992,-19.0047454462437
-49.8696030692992,-19.0047454462437
-49.8966030692992,-19.0047454462437
-49.9371030692992,-19.0281281212437
-49.9506030692992,-19.0515107962437
-49.9641030692992,-19.0748934712437
-49.9641030692992,-19.1216588212437
-49.9506030692992,-19.1450414962437
-49.9371030692992,-19.1684241712437
-49.8966030692992,-19.1918068462437
-49.8696030692992,-19.1918068462437
-49.8426030692992,-19.1918068462437
-49.8021030692992,-19.1684241712437
-49.7886030692992,-19.1450414962437
-49.7751030692992,-19.1216588212437
-49.7346030692992,-19.0982761462437
-49.8021030692992,-18.9813627712437
-49.9371030692992,-18.9813627712437
-50.0046030692992,-19.0982761462437
-49.9371030692992,-19.2151895212437
-49.8021030692992,-19.2151895212437
-49.7481030692992,-19.0748934712437
-49.7616030692992,-19.0515107962437
-49.7751030692992,-19.0281281212437
-49.7886030692992,-19.0047454462437
-49.8291030692992,-18.9813627712437
-49.8561030692992,-18.9813627712437
-49.8831030692992,-18.9813627712437
-49.9101030692992,-18.9813627712437
-49.9506030692992,-19.0047454462437
-49.9641030692992,-19.0281281212437
-49.9776030692992,-19.0515107962437
-49.9911030692992,-19.0748934712437
-49.9911030692992,-19.1216588212437
-49.9776030692992,-19.1450414962437
-49.9641030692992,-19.1684241712437
-49.9506030692992,-19.1918068462437
-49.9101030692992,-19.2151895212437
-49.8831030692992,-19.2151895212437
-49.8561030692992,-19.2151895212437
-49.8291030692992,-19.2151895212437
-49.7886030692992,-19.1918068462437
-49.7751030692992,-19.1684241712437
-49.7616030692992,-19.1450414962437
-49.7481030692992,-19.1216588212437
-49.7076030692992,-19.0982761462437
-49.7886030692992,-18.9579800962437
-49.9506030692992,-18.9579800962437
-50.0316030692992,-19.0982761462437
-49.9506030692992,-19.2385721962437
-49.7886030692992,-19.2385721962437
-49.7211030692992,-19.0748934712437
-49.7346030692992,-19.0515107962437
-49.7481030692992,-19.0281281212437
-49.7616030692992,-19.0047454462437
-49.7751030692992,-18.9813627712437
-49.8156030692992,-18.9579800962437
-49.8426030692992,-18.9579800962437
-49.8696030692992,-18.9579800962437
-49.8966030692992,-18.9579800962437
-49.9236030692992,-18.9579800962437
-49.9641030692992,-18.9813627712437
-49.9776030692992,-19.0047454462437
-49.9911030692992,-19.0281281212437
-50.0046030692992,-19.0515107962437
-50.0181030692992,-19.0748934712437
-50.0181030692992,-19.1216588212437
-50.0046030692992,-19.1450414962437
-49.9911030692992,-19.1684241712437
-49.9776030692992,-19.1918068462437
-49.9641030692992,-19.2151895212437
-49.9236030692992,-19.2385721962437
-49.8966030692992,-19.2385721962437
-49.8696030692992,-19.2385721962437
-49.8426030692992,-19.2385721962437
-49.8156030692992,-19.2385721962437
-49.7751030692992,-19.2151895212437
-49.7616030692992,-19.1918068462437
-49.7481030692992,-19.1684241712437
-49.7346030692992,-19.1450414962437
-49.7211030692992,-19.1216588212437
-49.6806030692992,-19.0982761462437
-49.9641030692992,-18.9345974212437
-50.0586030692992,-19.0982761462437
-49.9641030692992,-19.2619548712437
-49.7751030692992,-19.2619548712437
-49.6941030692992,-19.0748934712437
-49.7076030692992,-19.0515107962437
-49.7211030692992,-19.0281281212437
-49.7346030692992,-19.0047454462437
-49.7481030692992,-18.9813627712437
-49.8021030692992,-18.9345974212437
-49.8291030692992,-18.9345974212437
-49.8561030692992,-18.9345974212437
-49.8831030692992,-18.9345974212437
-49.9101030692992,-18.9345974212437
-49.9371030692992,-18.9345974212437
-50.0451030692992,-19.0748934712437
-50.0451030692992,-19.1216588212437
-50.0316030692992,-19.1450414962437
-50.0181030692992,-19.1684241712437
-50.0046030692992,-19.1918068462437
-49.9911030692992,-19.2151895212437
-49.9776030692992,-19.2385721962437
-49.9371030692992,-19.2619548712437
-49.9101030692992,-19.2619548712437
-49.8831030692992,-19.2619548712437
-49.8561030692992,-19.2619548712437
-49.8291030692992,-19.2619548712437
-49.8021030692992,-19.2619548712437
-49.7616030692992,-19.2385721962437
-49.7481030692992,-19.2151895212437
-49.7346030692992,-19.1918068462437
-49.7211030692992,-19.1684241712437
-49.7076030692992,-19.1450414962437
-49.6941030692992,-19.1216588212437
-49.6536030692992,-19.0982761462437
-49.9776030692992,-18.9112147462437
-49.9776030692992,-19.2853375462437
-49.7616030692992,-19.2853375462437
-49.6671030692992,-19.0748934712437
-49.8156030692992,-18.9112147462437
-49.8426030692992,-18.9112147462437
-49.8696030692992,-18.9112147462437
-49.8966030692992,-18.9112147462437
-49.9236030692992,-18.9112147462437
-49.9506030692992,-18.9112147462437
-50.0721030692992,-19.0748934712437
-50.0721030692992,-19.1216588212437
-50.0586030692992,-19.1450414962437
-50.0451030692992,-19.1684241712437
-50.0316030692992,-19.1918068462437
-50.0181030692992,-19.2151895212437
-50.0046030692992,-19.2385721962437
-49.9911030692992,-19.2619548712437
-49.9506030692992,-19.2853375462437
-49.8426030692992,-19.2853375462437
-49.8156030692992,-19.2853375462437
-49.7886030692992,-19.2853375462437
-49.7481030692992,-19.2619548712437
-49.7346030692992,-19.2385721962437
-49.7211030692992,-19.2151895212437
-49.7076030692992,-19.1918068462437
-49.6941030692992,-19.1684241712437
-49.6806030692992,-19.1450414962437
-49.6671030692992,-19.1216588212437
-49.9911030692992,-18.8878320712437
-49.8561030692992,-18.8878320712437
-49.8831030692992,-18.8878320712437
-49.9101030692992,-18.8878320712437
-49.9371030692992,-18.8878320712437
-49.9641030692992,-18.8878320712437
-50.0991030692992,-19.1216588212437
-50.0856030692992,-19.1450414962437
-50.0721030692992,-19.1684241712437
-50.0586030692992,-19.1918068462437
-50.0451030692992,-19.2151895212437
-50.0316030692992,-19.2385721962437
-50.0181030692992,-19.2619548712437
-49.8021030692992,-19.3087202212437
-49.7751030692992,-19.3087202212437
-49.7211030692992,-19.2619548712437
-49.7076030692992,-19.2385721962437
-49.6941030692992,-19.2151895212437
-49.6806030692992,-19.1918068462437
-49.6671030692992,-19.1684241712437
-49.6536030692992,-19.1450414962437
-49.6401030692992,-19.1216588212437
-50.0046030692992,-18.8644493962437
-49.8696030692992,-18.8644493962437
-49.8966030692992,-18.8644493962437
-49.9236030692992,-18.8644493962437
-49.9506030692992,-18.8644493962437
-49.9776030692992,-18.8644493962437
-50.1126030692992,-19.1450414962437
-50.0991030692992,-19.1684241712437
-50.0856030692992,-19.1918068462437
-50.0721030692992,-19.2151895212437
-50.0586030692992,-19.2385721962437
-50.0451030692992,-19.2619548712437
-49.6941030692992,-19.2619548712437
-49.6806030692992,-19.2385721962437
-49.6671030692992,-19.2151895212437
-49.6536030692992,-19.1918068462437
-49.6401030692992,-19.1684241712437
-49.6266030692992,-19.1450414962437
-49.6131030692992,-19.1216588212437
-49.8831030692992,-18.8410667212437
-49.9101030692992,-18.8410667212437
-49.9371030692992,-18.8410667212437
-49.9641030692992,-18.8410667212437
-49.9911030692992,-18.8410667212437
-50.1261030692992,-19.1684241712437
-50.1126030692992,-19.1918068462437
-50.0856030692992,-19.2385721962437
-49.8696030692992,-18.8176840462437
-49.8966030692992,-18.8176840462437
-49.9236030692992,-18.8176840462437
-49.9506030692992,-18.8176840462437
-49.9776030692992,-18.8176840462437
-49.9641030692992,-18.7943013712437
