-46.5009015348195,-17.7627997298429
-46.4739015348195,-17.7627997298429
-46.4874015348195,-17.7394170548429
-46.5144015348195,-17.7394170548429
-46.5279015348195,-17.7627997298429
-46.5144015348195,-17.7861824048429
-46.4874015348195,-17.7861824048429
-46.4469015348195,-17.7627997298429
-46.4739015348195,-17.7160343798429
-46.5279015348195,-17.7160343798429
-46.5549015348195,-17.7627997298429
-46.5279015348195,-17.8095650798429
-46.4739015348195,-17.8095650798429
-46.4604015348195,-17.7394170548429
-46.5009015348195,-17.7160343798429
-46.5414015348195,-17.7394170548429
-46.5414015348195,-17.7861824048429
-46.5009015348195,-17.8095650798429
-46.4604015348195,-17.7861824048429
-46.4199015348195,-17.7627997298429
-46.4604015348195,-17.6926517048429
-46.5414015348195,-17.6926517048429
-46.5414015348195,-17.8329477548429
-46.4604015348195,-17.8329477548429
-46.4334015348195,-17.7394170548429
-46.4469015348195,-17.7160343798429
-46.4874015348195,-17.6926517048429
-46.5144015348195,-17.6926517048429
-46.5549015348195,-17.7160343798429
-46.5684015348195,-17.7394170548429
-46.5684015348195,-17.7861824048429
-46.5549015348195,-17.8095650798429
-46.5144015348195,-17.8329477548429
-46.4874015348195,-17.8329477548429
-46.4469015348195,-17.8095650798429
-46.4334015348195,-17.7861824048429
-46.3929015348195,-17.7627997298429
-46.4469015348195,-17.6692690298429
-46.5549015348195,-17.6692690298429
-46.5549015348195,-17.8563304298429
-46.4469015348195,-17.8563304298429
-46.4064015348195,-17.7394170548429
-46.4199015348195,-17.7160343798429
-46.4334015348195,-17.6926517048429
-46.4739015348195,-17.6692690298429
-46.5009015348195,-17.6692690298429
-46.5279015348195,-17.6692690298429
-46.5684015348195,-17.6926517048429
-46.5819015348195,-17.7160343798429
-46.5954015348195,-17.7861824048429
-46.5819015348195,-17.8095650798429
-46.5684015348195,-17.8329477548429
-46.5279015348195,-17.8563304298429
-46.5009015348195,-17.8563304298429
-46.4739015348195,-17.8563304298429
-46.4334015348195,-17.8329477548429
-46.4199015348195,-17.8095650798429
-46.4064015348195,-17.7861824048429
-46.3659015348195,-17.7627997298429
-46.4334015348195,-17.6458863548429
-46.5684015348195,-17.6458863548429
-46.5684015348195,-17.8797131048429
-46.4334015348195,-17.8797131048429
-46.3794015348195,-17.7394170548429
-46.3929015348195,-17.7160343798429
-46.4064015348195,-17.6926517048429
-46.4199015348195,-17.6692690298429
-46.4604015348195,-17.6458863548429
-46.4874015348195,-17.6458863548429
-46.5144015348195,-17.6458863548429
-46.5414015348195,-17.6458863548429
-46.5819015348195,-17.6692690298429
-46.6089015348195,-17.8095650798429
-46.5954015348195,-17.8329477548429
-46.5819015348195,-17.8563304298429
-46.5414015348195,-17.8797131048429
-46.5144015348195,-17.8797131048429
-46.4874015348195,-17.8797131048429
-46.4604015348195,-17.8797131048429
-46.4199015348195,-17.8563304298429
-46.4064015348195,-17.8329477548429
-46.3929015348195,-17.8095650798429
-46.3794015348195,-17.7861824048429
-46.4199015348195,-17.6225036798429
-46.5819015348195,-17.6225036798429
-46.5819015348195,-17.9030957798429
-46.4199015348195,-17.9030957798429
-46.3524015348195,-17.7394170548429
-46.3659015348195,-17.7160343798429
-46.3794015348195,-17.6926517048429
-46.3929015348195,-17.6692690298429
-46.4064015348195,-17.6458863548429
-46.4469015348195,-17.6225036798429
-46.4739015348195,-17.6225036798429
-46.5009015348195,-17.6225036798429
-46.5279015348195,-17.6225036798429
-46.5549015348195,-17.6225036798429
-46.5954015348195,-17.6458863548429
-46.6089015348195,-17.6692690298429
-46.6224015348195,-17.8329477548429
-46.6089015348195,-17.8563304298429
-46.5954015348195,-17.8797131048429
-46.5549015348195,-17.9030957798429
-46.5279015348195,-17.9030957798429
-46.5009015348195,-17.9030957798429
-46.4739015348195,-17.9030957798429
-46.4469015348195,-17.9030957798429
-46.4064015348195,-17.8797131048429
-46.3794015348195,-17.8329477548429
-46.3659015348195,-17.8095650798429
-46.4064015348195,-17.5991210048429
-46.5954015348195,-17.9264784548429
-46.4064015348195,-17.9264784548429
-46.3659015348195,-17.6692690298429
-46.3794015348195,-17.6458863548429
-46.3929015348195,-17.6225036798429
-46.4334015348195,-17.5991210048429
-46.4604015348195,-17.5991210048429
-46.4874015348195,-17.5991210048429
-46.5144015348195,-17.5991210048429
-46.5414015348195,-17.5991210048429
-46.5684015348195,-17.5991210048429
-46.6359015348195,-17.8563304298429
-46.6224015348195,-17.8797131048429
-46.6089015348195,-17.9030957798429
-46.5684015348195,-17.9264784548429
-46.5414015348195,-17.9264784548429
-46.5144015348195,-17.9264784548429
-46.4874015348195,-17.9264784548429
-46.4604015348195,-17.9264784548429
-46.4334015348195,-17.9264784548429
-46.3929015348195,-17.9030957798429
-46.3524015348195,-17.8329477548429
-46.6089015348195,-17.9498611298429
-46.4469015348195,-17.5757383298429
-46.4739015348195,-17.5757383298429
-46.5009015348195,-17.5757383298429
-46.5279015348195,-17.5757383298429
-46.5549015348195,-17.5757383298429
-46.5819015348195,-17.5757383298429
-46.6494015348195,-17.8797131048429
-46.6359015348195,-17.9030957798429
-46.6224015348195,-17.9264784548429
-46.5819015348195,-17.9498611298429
-46.5549015348195,-17.9498611298429
-46.5279015348195,-17.9498611298429
-46.5009015348195,-17.9498611298429
-46.4739015348195,-17.9498611298429
-46.4469015348195,-17.9498611298429
-46.4604015348195,-17.5523556548429
-46.4874015348195,-17.5523556548429
-46.5144015348195,-17.5523556548429
-46.5414015348195,-17.5523556548429
-46.5684015348195,-17.5523556548429
-46.6629015348195,-17.9030957798429
-46.6494015348195,-17.9264784548429
-46.5414015348195,-17.9732438048429
-46.5144015348195,-17.9732438048429
-46.4874015348195,-17.9732438048429
-46.4604015348195,-17.9732438048429
-46.5009015348195,-17.5289729798429
-46.5279015348195,-17.5289729798429
-46.5549015348195,-17.5289729798429
-46.5819015348195,-17.5289729798429
-46.6764015348195,-17.9264784548429
-46.6629015348195,-17.9498611298429
-46.5414015348195,-17.5055903048429
-46.5684015348195,-17.5055903048429
