-46.8846553984593,-17.1736175366329
-46.8576553984593,-17.1736175366329
-46.8711553984593,-17.1502348616329
-46.8981553984593,-17.1502348616329
-46.9116553984593,-17.1736175366329
-46.8981553984593,-17.1970002116329
-46.8711553984593,-17.1970002116329
-46.8306553984593,-17.1736175366329
-46.8576553984593,-17.1268521866329
-46.9116553984593,-17.1268521866329
-46.9386553984593,-17.1736175366329
-46.9116553984593,-17.2203828866329
-46.8576553984593,-17.2203828866329
-46.8441553984593,-17.1502348616329
-46.8846553984593,-17.1268521866329
-46.9251553984593,-17.1502348616329
-46.9251553984593,-17.1970002116329
-46.8846553984593,-17.2203828866329
-46.8441553984593,-17.1970002116329
-46.8036553984593,-17.1736175366329
-46.8441553984593,-17.1034695116329
-46.9251553984593,-17.1034695116329
-46.9656553984593,-17.1736175366329
-46.9251553984593,-17.2437655616329
-46.8441553984593,-17.2437655616329
-46.8171553984593,-17.1502348616329
-46.8306553984593,-17.1268521866329
-46.8711553984593,-17.1034695116329
-46.8981553984593,-17.1034695116329
-46.9386553984593,-17.1268521866329
-46.9521553984593,-17.1502348616329
-46.9521553984593,-17.1970002116329
-46.9386553984593,-17.2203828866329
-46.8981553984593,-17.2437655616329
-46.8711553984593,-17.2437655616329
-46.8306553984593,-17.2203828866329
-46.8171553984593,-17.1970002116329
-46.7766553984593,-17.1736175366329
-46.8306553984593,-17.0800868366329
-46.9386553984593,-17.0800868366329
-46.9926553984593,-17.1736175366329
-46.9386553984593,-17.2671482366329
-46.8306553984593,-17.2671482366329
-46.7901553984593,-17.1502348616329
-46.8036553984593,-17.1268521866329
-46.8171553984593,-17.1034695116329
-46.8576553984593,-17.0800868366329
-46.8846553984593,-17.0800868366329
-46.9116553984593,-17.0800868366329
-46.9521553984593,-17.1034695116329
-46.9656553984593,-17.1268521866329
-46.9791553984593,-17.1502348616329
-46.9791553984593,-17.1970002116329
-46.9656553984593,-17.2203828866329
-46.9521553984593,-17.2437655616329
-46.9116553984593,-17.2671482366329
-46.8846553984593,-17.2671482366329
-46.8576553984593,-17.2671482366329
-46.8171553984593,-17.2437655616329
-46.8036553984593,-17.2203828866329
-46.7901553984593,-17.1970002116329
-46.7496553984593,-17.1736175366329
-46.8171553984593,-17.0567041616329
-46.9521553984593,-17.0567041616329
-47.0196553984593,-17.1736175366329
-46.9521553984593,-17.2905309116329
-46.8171553984593,-17.2905309116329
-46.7631553984593,-17.1502348616329
-46.7766553984593,-17.1268521866329
-46.7901553984593,-17.1034695116329
-46.8036553984593,-17.0800868366329
-46.8441553984593,-17.0567041616329
-46.8711553984593,-17.0567041616329
-46.8981553984593,-17.0567041616329
-46.9251553984593,-17.0567041616329
-46.9656553984593,-17.0800868366329
-46.9791553984593,-17.1034695116329
-46.9926553984593,-17.1268521866329
-47.0061553984593,-17.1502348616329
-47.0061553984593,-17.1970002116329
-46.9926553984593,-17.2203828866329
-46.9791553984593,-17.2437655616329
-46.9656553984593,-17.2671482366329
-46.9251553984593,-17.2905309116329
-46.8981553984593,-17.2905309116329
-46.8711553984593,-17.2905309116329
-46.8441553984593,-17.2905309116329
-46.8036553984593,-17.2671482366329
-46.7901553984593,-17.2437655616329
-46.7766553984593,-17.2203828866329
-46.7631553984593,-17.1970002116329
-46.7226553984593,-17.1736175366329
-46.8036553984593,-17.0333214866329
-46.9656553984593,-17.0333214866329
-47.0466553984593,-17.1736175366329
-46.9656553984593,-17.3139135866329
-46.8036553984593,-17.3139135866329
-46.7361553984593,-17.1502348616329
-46.7496553984593,-17.1268521866329
-46.7631553984593,-17.1034695116329
-46.7766553984593,-17.0800868366329
-46.7901553984593,-17.0567041616329
-46.8306553984593,-17.0333214866329
-46.8576553984593,-17.0333214866329
-46.8846553984593,-17.0333214866329
-46.9116553984593,-17.0333214866329
-46.9386553984593,-17.0333214866329
-46.9791553984593,-17.0567041616329
-46.9926553984593,-17.0800868366329
-47.0061553984593,-17.1034695116329
-47.0196553984593,-17.1268521866329
-47.0331553984593,-17.1502348616329
-47.0331553984593,-17.1970002116329
-47.0196553984593,-17.2203828866329
-47.0061553984593,-17.2437655616329
-46.9926553984593,-17.2671482366329
-46.9791553984593,-17.2905309116329
-46.9386553984593,-17.3139135866329
-46.9116553984593,-17.3139135866329
-46.8846553984593,-17.3139135866329
-46.8576553984593,-17.3139135866329
-46.8306553984593,-17.3139135866329
-46.7901553984593,-17.2905309116329
-46.7766553984593,-17.2671482366329
-46.7631553984593,-17.2437655616329
-46.7496553984593,-17.2203828866329
-46.7361553984593,-17.1970002116329
-46.6956553984593,-17.1736175366329
-46.7901553984593,-17.0099388116329
-46.9791553984593,-17.0099388116329
-47.0736553984593,-17.1736175366329
-46.9791553984593,-17.3372962616329
-46.7901553984593,-17.3372962616329
-46.7091553984593,-17.1502348616329
-46.7226553984593,-17.1268521866329
-46.7361553984593,-17.1034695116329
-46.7496553984593,-17.0800868366329
-46.7631553984593,-17.0567041616329
-46.7766553984593,-17.0333214866329
-46.8171553984593,-17.0099388116329
-46.8441553984593,-17.0099388116329
-46.8711553984593,-17.0099388116329
-46.8981553984593,-17.0099388116329
-46.9251553984593,-17.0099388116329
-46.9521553984593,-17.0099388116329
-46.9926553984593,-17.0333214866329
-47.0061553984593,-17.0567041616329
-47.0196553984593,-17.0800868366329
-47.0331553984593,-17.1034695116329
-47.0466553984593,-17.1268521866329
-47.0601553984593,-17.1502348616329
-47.0601553984593,-17.1970002116329
-47.0466553984593,-17.2203828866329
-47.0331553984593,-17.2437655616329
-47.0196553984593,-17.2671482366329
-47.0061553984593,-17.2905309116329
-46.9926553984593,-17.3139135866329
-46.9521553984593,-17.3372962616329
-46.9251553984593,-17.3372962616329
-46.8981553984593,-17.3372962616329
-46.8711553984593,-17.3372962616329
-46.8441553984593,-17.3372962616329
-46.8171553984593,-17.3372962616329
-46.7766553984593,-17.3139135866329
-46.7631553984593,-17.2905309116329
-46.7496553984593,-17.2671482366329
-46.7361553984593,-17.2437655616329
-46.7226553984593,-17.2203828866329
-46.7091553984593,-17.1970002116329
-46.6686553984593,-17.1736175366329
-46.7766553984593,-16.9865561366329
-46.9926553984593,-16.9865561366329
-47.1006553984593,-17.1736175366329
-46.9926553984593,-17.3606789366329
-46.7766553984593,-17.3606789366329
-46.6821553984593,-17.1502348616329
-46.6956553984593,-17.1268521866329
-46.7091553984593,-17.1034695116329
-46.7226553984593,-17.0800868366329
-46.7361553984593,-17.0567041616329
-46.7496553984593,-17.0333214866329
-46.7631553984593,-17.0099388116329
-46.8036553984593,-16.9865561366329
-46.8306553984593,-16.9865561366329
-46.8576553984593,-16.9865561366329
-46.8846553984593,-16.9865561366329
-46.9116553984593,-16.9865561366329
-46.9386553984593,-16.9865561366329
-46.9656553984593,-16.9865561366329
-47.0061553984593,-17.0099388116329
-47.0196553984593,-17.0333214866329
-47.0331553984593,-17.0567041616329
-47.0466553984593,-17.0800868366329
-47.0601553984593,-17.1034695116329
-47.0736553984593,-17.1268521866329
-47.0871553984593,-17.1502348616329
-47.0871553984593,-17.1970002116329
-47.0736553984593,-17.2203828866329
-47.0601553984593,-17.2437655616329
-47.0466553984593,-17.2671482366329
-47.0331553984593,-17.2905309116329
-47.0196553984593,-17.3139135866329
-47.0061553984593,-17.3372962616329
-46.9656553984593,-17.3606789366329
-46.9386553984593,-17.3606789366329
-46.9116553984593,-17.3606789366329
-46.8846553984593,-17.3606789366329
-46.8576553984593,-17.3606789366329
-46.8306553984593,-17.3606789366329
-46.8036553984593,-17.3606789366329
-46.7631553984593,-17.3372962616329
-46.7496553984593,-17.3139135866329
-46.7361553984593,-17.2905309116329
-46.7226553984593,-17.2671482366329
-46.7091553984593,-17.2437655616329
-46.6956553984593,-17.2203828866329
-46.6821553984593,-17.1970002116329
-46.6416553984593,-17.1736175366329
-46.7631553984593,-16.9631734616329
-47.0061553984593,-16.9631734616329
-47.1276553984593,-17.1736175366329
-47.0061553984593,-17.3840616116329
-46.7631553984593,-17.3840616116329
-46.6551553984593,-17.1502348616329
-46.6686553984593,-17.1268521866329
-46.6821553984593,-17.1034695116329
-46.6956553984593,-17.0800868366329
-46.7091553984593,-17.0567041616329
-46.7226553984593,-17.0333214866329
-46.7361553984593,-17.0099388116329
-46.7496553984593,-16.9865561366329
-46.7901553984593,-16.9631734616329
-46.8171553984593,-16.9631734616329
-46.8441553984593,-16.9631734616329
-46.8711553984593,-16.9631734616329
-46.8981553984593,-16.9631734616329
-46.9251553984593,-16.9631734616329
-46.9521553984593,-16.9631734616329
-46.9791553984593,-16.9631734616329
-47.0196553984593,-16.9865561366329
-47.0331553984593,-17.0099388116329
-47.0466553984593,-17.0333214866329
-47.0601553984593,-17.0567041616329
-47.0736553984593,-17.0800868366329
-47.0871553984593,-17.1034695116329
-47.1006553984593,-17.1268521866329
-47.1141553984593,-17.1502348616329
-47.1141553984593,-17.1970002116329
-47.1006553984593,-17.2203828866329
-47.0871553984593,-17.2437655616329
-47.0736553984593,-17.2671482366329
-47.0601553984593,-17.2905309116329
-47.0466553984593,-17.3139135866329
-47.0331553984593,-17.3372962616329
-47.0196553984593,-17.3606789366329
-46.9791553984593,-17.3840616116329
-46.9521553984593,-17.3840616116329
-46.9251553984593,-17.3840616116329
-46.8981553984593,-17.3840616116329
-46.8711553984593,-17.3840616116329
-46.8441553984593,-17.3840616116329
-46.8171553984593,-17.3840616116329
-46.7901553984593,-17.3840616116329
-46.7496553984593,-17.3606789366329
-46.7361553984593,-17.3372962616329
-46.7226553984593,-17.3139135866329
-46.7091553984593,-17.2905309116329
-46.6956553984593,-17.2671482366329
-46.6821553984593,-17.2437655616329
-46.6686553984593,-17.2203828866329
-46.6551553984593,-17.1970002116329
-46.6146553984593,-17.1736175366329
-46.7496553984593,-16.9397907866329
-47.0196553984593,-16.9397907866329
-47.1546553984593,-17.1736175366329
-47.0196553984593,-17.4074442866329
-46.7496553984593,-17.4074442866329
-46.6281553984593,-17.1502348616329
-46.6416553984593,-17.1268521866329
-46.6551553984593,-17.1034695116329
-46.6686553984593,-17.0800868366329
-46.6821553984593,-17.0567041616329
-46.6956553984593,-17.0333214866329
-46.7091553984593,-17.0099388116329
-46.7226553984593,-16.9865561366329
-46.7361553984593,-16.9631734616329
-46.7766553984593,-16.9397907866329
-46.8036553984593,-16.9397907866329
-46.8306553984593,-16.9397907866329
-46.8576553984593,-16.9397907866329
-46.8846553984593,-16.9397907866329
-46.9116553984593,-16.9397907866329
-46.9386553984593,-16.9397907866329
-46.9656553984593,-16.9397907866329
-46.9926553984593,-16.9397907866329
-47.0331553984593,-16.9631734616329
-47.0466553984593,-16.9865561366329
-47.0601553984593,-17.0099388116329
-47.0736553984593,-17.0333214866329
-47.0871553984593,-17.0567041616329
-47.1006553984593,-17.0800868366329
-47.1141553984593,-17.1034695116329
-47.1276553984593,-17.1268521866329
-47.1411553984593,-17.1502348616329
-47.1411553984593,-17.1970002116329
-47.1276553984593,-17.2203828866329
-47.1141553984593,-17.2437655616329
-47.1006553984593,-17.2671482366329
-47.0871553984593,-17.2905309116329
-47.0736553984593,-17.3139135866329
-47.0601553984593,-17.3372962616329
-47.0466553984593,-17.3606789366329
-47.0331553984593,-17.3840616116329
-46.9926553984593,-17.4074442866329
-46.9656553984593,-17.4074442866329
-46.9386553984593,-17.4074442866329
-46.9116553984593,-17.4074442866329
-46.8846553984593,-17.4074442866329
-46.8576553984593,-17.4074442866329
-46.8306553984593,-17.4074442866329
-46.8036553984593,-17.4074442866329
-46.7766553984593,-17.4074442866329
-46.7361553984593,-17.3840616116329
-46.7226553984593,-17.3606789366329
-46.7091553984593,-17.3372962616329
-46.6956553984593,-17.3139135866329
-46.6821553984593,-17.2905309116329
-46.6686553984593,-17.2671482366329
-46.6551553984593,-17.2437655616329
-46.6416553984593,-17.2203828866329
-46.6281553984593,-17.1970002116329
-46.5876553984593,-17.1736175366329
-46.7361553984593,-16.9164081116329
-47.0331553984593,-16.9164081116329
-47.1816553984593,-17.1736175366329
-47.0331553984593,-17.4308269616329
-46.7361553984593,-17.4308269616329
-46.6011553984593,-17.1502348616329
-46.6146553984593,-17.1268521866329
-46.6281553984593,-17.1034695116329
-46.6416553984593,-17.0800868366329
-46.6551553984593,-17.0567041616329
-46.6686553984593,-17.0333214866329
-46.6821553984593,-17.0099388116329
-46.6956553984593,-16.9865561366329
-46.7091553984593,-16.9631734616329
-46.7226553984593,-16.9397907866329
-46.7631553984593,-16.9164081116329
-46.7901553984593,-16.9164081116329
-46.8171553984593,-16.9164081116329
-46.8711553984593,-16.9164081116329
-46.8981553984593,-16.9164081116329
-46.9251553984593,-16.9164081116329
-46.9521553984593,-16.9164081116329
-46.9791553984593,-16.9164081116329
-47.0061553984593,-16.9164081116329
-47.0466553984593,-16.9397907866329
-47.0601553984593,-16.9631734616329
-47.0736553984593,-16.9865561366329
-47.0871553984593,-17.0099388116329
-47.1006553984593,-17.0333214866329
-47.1141553984593,-17.0567041616329
-47.1276553984593,-17.0800868366329
-47.1411553984593,-17.1034695116329
-47.1546553984593,-17.1268521866329
-47.1681553984593,-17.1502348616329
-47.1681553984593,-17.1970002116329
-47.1546553984593,-17.2203828866329
-47.1411553984593,-17.2437655616329
-47.1276553984593,-17.2671482366329
-47.1141553984593,-17.2905309116329
-47.1006553984593,-17.3139135866329
-47.0871553984593,-17.3372962616329
-47.0736553984593,-17.3606789366329
-47.0601553984593,-17.3840616116329
-47.0466553984593,-17.4074442866329
-47.0061553984593,-17.4308269616329
-46.9791553984593,-17.4308269616329
-46.9521553984593,-17.4308269616329
-46.9251553984593,-17.4308269616329
-46.8981553984593,-17.4308269616329
-46.8711553984593,-17.4308269616329
-46.8441553984593,-17.4308269616329
-46.8171553984593,-17.4308269616329
-46.7901553984593,-17.4308269616329
-46.7631553984593,-17.4308269616329
-46.7226553984593,-17.4074442866329
-46.7091553984593,-17.3840616116329
-46.6956553984593,-17.3606789366329
-46.6821553984593,-17.3372962616329
-46.6686553984593,-17.3139135866329
-46.6551553984593,-17.2905309116329
-46.6416553984593,-17.2671482366329
-46.6281553984593,-17.2437655616329
-46.6146553984593,-17.2203828866329
-46.6011553984593,-17.1970002116329
-46.5606553984593,-17.1736175366329
-46.7226553984593,-16.8930254366329
-47.0466553984593,-16.8930254366329
-47.2086553984593,-17.1736175366329
-47.0466553984593,-17.4542096366329
-46.7226553984593,-17.4542096366329
-46.5741553984593,-17.1502348616329
-46.5876553984593,-17.1268521866329
-46.6011553984593,-17.1034695116329
-46.6146553984593,-17.0800868366329
-46.6281553984593,-17.0567041616329
-46.6416553984593,-17.0333214866329
-46.6551553984593,-17.0099388116329
-46.6686553984593,-16.9865561366329
-46.6821553984593,-16.9631734616329
-46.6956553984593,-16.9397907866329
-46.7091553984593,-16.9164081116329
-46.7496553984593,-16.8930254366329
-46.7766553984593,-16.8930254366329
-46.8036553984593,-16.8930254366329
-46.8846553984593,-16.8930254366329
-46.9116553984593,-16.8930254366329
-46.9386553984593,-16.8930254366329
-46.9656553984593,-16.8930254366329
-46.9926553984593,-16.8930254366329
-47.0196553984593,-16.8930254366329
-47.0601553984593,-16.9164081116329
-47.0736553984593,-16.9397907866329
-47.0871553984593,-16.9631734616329
-47.1006553984593,-16.9865561366329
-47.1141553984593,-17.0099388116329
-47.1276553984593,-17.0333214866329
-47.1411553984593,-17.0567041616329
-47.1546553984593,-17.0800868366329
-47.1681553984593,-17.1034695116329
-47.1816553984593,-17.1268521866329
-47.1951553984593,-17.1502348616329
-47.1951553984593,-17.1970002116329
-47.1816553984593,-17.2203828866329
-47.1681553984593,-17.2437655616329
-47.1546553984593,-17.2671482366329
-47.1411553984593,-17.2905309116329
-47.1276553984593,-17.3139135866329
-47.1141553984593,-17.3372962616329
-47.1006553984593,-17.3606789366329
-47.0871553984593,-17.3840616116329
-47.0736553984593,-17.4074442866329
-47.0601553984593,-17.4308269616329
-47.0196553984593,-17.4542096366329
-46.9926553984593,-17.4542096366329
-46.9656553984593,-17.4542096366329
-46.9386553984593,-17.4542096366329
-46.9116553984593,-17.4542096366329
-46.8846553984593,-17.4542096366329
-46.8576553984593,-17.4542096366329
-46.8306553984593,-17.4542096366329
-46.8036553984593,-17.4542096366329
-46.7766553984593,-17.4542096366329
-46.7496553984593,-17.4542096366329
-46.7091553984593,-17.4308269616329
-46.6956553984593,-17.4074442866329
-46.6821553984593,-17.3840616116329
-46.6686553984593,-17.3606789366329
-46.6551553984593,-17.3372962616329
-46.6416553984593,-17.3139135866329
-46.6281553984593,-17.2905309116329
-46.6146553984593,-17.2671482366329
-46.6011553984593,-17.2437655616329
-46.5876553984593,-17.2203828866329
-46.5741553984593,-17.1970002116329
-46.5336553984593,-17.1736175366329
-46.7091553984593,-16.8696427616329
-47.0601553984593,-16.8696427616329
-47.2356553984593,-17.1736175366329
-47.0601553984593,-17.4775923116329
-46.7091553984593,-17.4775923116329
-46.5471553984593,-17.1502348616329
-46.5606553984593,-17.1268521866329
-46.5741553984593,-17.1034695116329
-46.5876553984593,-17.0800868366329
-46.6011553984593,-17.0567041616329
-46.6146553984593,-17.0333214866329
-46.6281553984593,-17.0099388116329
-46.6416553984593,-16.9865561366329
-46.6551553984593,-16.9631734616329
-46.6686553984593,-16.9397907866329
-46.6821553984593,-16.9164081116329
-46.6956553984593,-16.8930254366329
-46.7361553984593,-16.8696427616329
-46.7631553984593,-16.8696427616329
-46.8981553984593,-16.8696427616329
-46.9251553984593,-16.8696427616329
-46.9521553984593,-16.8696427616329
-46.9791553984593,-16.8696427616329
-47.0061553984593,-16.8696427616329
-47.0331553984593,-16.8696427616329
-47.0736553984593,-16.8930254366329
-47.0871553984593,-16.9164081116329
-47.1006553984593,-16.9397907866329
-47.1141553984593,-16.9631734616329
-47.1276553984593,-16.9865561366329
-47.1546553984593,-17.0333214866329
-47.1681553984593,-17.0567041616329
-47.1816553984593,-17.0800868366329
-47.1951553984593,-17.1034695116329
-47.2086553984593,-17.1268521866329
-47.2221553984593,-17.1502348616329
-47.2221553984593,-17.1970002116329
-47.2086553984593,-17.2203828866329
-47.1951553984593,-17.2437655616329
-47.1816553984593,-17.2671482366329
-47.1681553984593,-17.2905309116329
-47.1546553984593,-17.3139135866329
-47.1411553984593,-17.3372962616329
-47.1276553984593,-17.3606789366329
-47.1141553984593,-17.3840616116329
-47.1006553984593,-17.4074442866329
-47.0871553984593,-17.4308269616329
-47.0736553984593,-17.4542096366329
-47.0331553984593,-17.4775923116329
-47.0061553984593,-17.4775923116329
-46.9791553984593,-17.4775923116329
-46.9521553984593,-17.4775923116329
-46.8711553984593,-17.4775923116329
-46.8441553984593,-17.4775923116329
-46.8171553984593,-17.4775923116329
-46.7901553984593,-17.4775923116329
-46.7631553984593,-17.4775923116329
-46.7361553984593,-17.4775923116329
-46.6956553984593,-17.4542096366329
-46.6821553984593,-17.4308269616329
-46.6686553984593,-17.4074442866329
-46.6551553984593,-17.3840616116329
-46.6416553984593,-17.3606789366329
-46.6281553984593,-17.3372962616329
-46.6146553984593,-17.3139135866329
-46.6011553984593,-17.2905309116329
-46.5876553984593,-17.2671482366329
-46.5741553984593,-17.2437655616329
-46.5606553984593,-17.2203828866329
-46.5471553984593,-17.1970002116329
-46.5066553984593,-17.1736175366329
-46.6956553984593,-16.8462600866329
-47.0736553984593,-16.8462600866329
-47.2626553984593,-17.1736175366329
-47.0736553984593,-17.5009749866329
-46.6956553984593,-17.5009749866329
-46.5201553984593,-17.1502348616329
-46.5336553984593,-17.1268521866329
-46.5471553984593,-17.1034695116329
-46.5606553984593,-17.0800868366329
-46.5741553984593,-17.0567041616329
-46.5876553984593,-17.0333214866329
-46.6011553984593,-17.0099388116329
-46.6146553984593,-16.9865561366329
-46.6281553984593,-16.9631734616329
-46.6416553984593,-16.9397907866329
-46.6551553984593,-16.9164081116329
-46.6686553984593,-16.8930254366329
-46.6821553984593,-16.8696427616329
-46.7226553984593,-16.8462600866329
-46.9386553984593,-16.8462600866329
-46.9656553984593,-16.8462600866329
-46.9926553984593,-16.8462600866329
-47.0196553984593,-16.8462600866329
-47.0466553984593,-16.8462600866329
-47.0871553984593,-16.8696427616329
-47.1006553984593,-16.8930254366329
-47.1141553984593,-16.9164081116329
-47.1276553984593,-16.9397907866329
-47.1411553984593,-16.9631734616329
-47.2086553984593,-17.0800868366329
-47.2221553984593,-17.1034695116329
-47.2356553984593,-17.1268521866329
-47.2491553984593,-17.1502348616329
-47.2491553984593,-17.1970002116329
-47.2356553984593,-17.2203828866329
-47.2221553984593,-17.2437655616329
-47.2086553984593,-17.2671482366329
-47.1951553984593,-17.2905309116329
-47.1816553984593,-17.3139135866329
-47.1681553984593,-17.3372962616329
-47.1546553984593,-17.3606789366329
-47.1411553984593,-17.3840616116329
-47.1276553984593,-17.4074442866329
-47.1141553984593,-17.4308269616329
-47.1006553984593,-17.4542096366329
-47.0871553984593,-17.4775923116329
-47.0466553984593,-17.5009749866329
-47.0196553984593,-17.5009749866329
-46.9926553984593,-17.5009749866329
-46.8576553984593,-17.5009749866329
-46.8306553984593,-17.5009749866329
-46.8036553984593,-17.5009749866329
-46.7766553984593,-17.5009749866329
-46.7496553984593,-17.5009749866329
-46.7226553984593,-17.5009749866329
-46.6821553984593,-17.4775923116329
-46.6686553984593,-17.4542096366329
-46.6551553984593,-17.4308269616329
-46.6416553984593,-17.4074442866329
-46.6281553984593,-17.3840616116329
-46.6146553984593,-17.3606789366329
-46.6011553984593,-17.3372962616329
-46.5876553984593,-17.3139135866329
-46.5741553984593,-17.2905309116329
-46.5606553984593,-17.2671482366329
-46.5471553984593,-17.2437655616329
-46.5336553984593,-17.2203828866329
-46.5201553984593,-17.1970002116329
-46.4796553984593,-17.1736175366329
-46.6821553984593,-16.8228774116329
-47.0871553984593,-16.8228774116329
-47.2896553984593,-17.1736175366329
-47.0871553984593,-17.5243576616329
-46.6821553984593,-17.5243576616329
-46.4931553984593,-17.1502348616329
-46.5066553984593,-17.1268521866329
-46.5201553984593,-17.1034695116329
-46.5336553984593,-17.0800868366329
-46.5471553984593,-17.0567041616329
-46.5606553984593,-17.0333214866329
-46.5741553984593,-17.0099388116329
-46.5876553984593,-16.9865561366329
-46.6011553984593,-16.9631734616329
-46.6146553984593,-16.9397907866329
-46.6281553984593,-16.9164081116329
-46.6416553984593,-16.8930254366329
-46.6551553984593,-16.8696427616329
-46.6686553984593,-16.8462600866329
-46.9251553984593,-16.8228774116329
-46.9521553984593,-16.8228774116329
-46.9791553984593,-16.8228774116329
-47.0061553984593,-16.8228774116329
-47.0331553984593,-16.8228774116329
-47.0601553984593,-16.8228774116329
-47.1006553984593,-16.8462600866329
-47.1141553984593,-16.8696427616329
-47.1276553984593,-16.8930254366329
-47.1411553984593,-16.9164081116329
-47.1546553984593,-16.9397907866329
-47.2491553984593,-17.1034695116329
-47.2626553984593,-17.1268521866329
-47.2761553984593,-17.1502348616329
-47.2761553984593,-17.1970002116329
-47.2626553984593,-17.2203828866329
-47.2491553984593,-17.2437655616329
-47.2356553984593,-17.2671482366329
-47.2221553984593,-17.2905309116329
-47.2086553984593,-17.3139135866329
-47.1951553984593,-17.3372962616329
-47.1816553984593,-17.3606789366329
-47.1681553984593,-17.3840616116329
-47.1546553984593,-17.4074442866329
-47.1411553984593,-17.4308269616329
-47.1276553984593,-17.4542096366329
-47.1141553984593,-17.4775923116329
-47.1006553984593,-17.5009749866329
-47.0601553984593,-17.5243576616329
-47.0331553984593,-17.5243576616329
-47.0061553984593,-17.5243576616329
-46.8711553984593,-17.5243576616329
-46.8441553984593,-17.5243576616329
-46.8171553984593,-17.5243576616329
-46.7901553984593,-17.5243576616329
-46.7631553984593,-17.5243576616329
-46.7361553984593,-17.5243576616329
-46.7091553984593,-17.5243576616329
-46.6686553984593,-17.5009749866329
-46.6551553984593,-17.4775923116329
-46.6416553984593,-17.4542096366329
-46.6281553984593,-17.4308269616329
-46.6146553984593,-17.4074442866329
-46.6011553984593,-17.3840616116329
-46.5876553984593,-17.3606789366329
-46.5741553984593,-17.3372962616329
-46.5606553984593,-17.3139135866329
-46.5471553984593,-17.2905309116329
-46.5336553984593,-17.2671482366329
-46.5201553984593,-17.2437655616329
-46.5066553984593,-17.2203828866329
-46.4931553984593,-17.1970002116329
-46.4526553984593,-17.1736175366329
-46.6686553984593,-16.7994947366329
-47.1006553984593,-16.7994947366329
-47.3166553984593,-17.1736175366329
-46.4661553984593,-17.1502348616329
-46.4796553984593,-17.1268521866329
-46.4931553984593,-17.1034695116329
-46.5066553984593,-17.0800868366329
-46.5201553984593,-17.0567041616329
-46.5336553984593,-17.0333214866329
-46.5471553984593,-17.0099388116329
-46.5606553984593,-16.9865561366329
-46.5741553984593,-16.9631734616329
-46.5876553984593,-16.9397907866329
-46.6011553984593,-16.9164081116329
-46.6146553984593,-16.8930254366329
-46.6281553984593,-16.8696427616329
-46.6416553984593,-16.8462600866329
-46.6551553984593,-16.8228774116329
-46.9386553984593,-16.7994947366329
-46.9656553984593,-16.7994947366329
-46.9926553984593,-16.7994947366329
-47.0196553984593,-16.7994947366329
-47.0466553984593,-16.7994947366329
-47.0736553984593,-16.7994947366329
-47.1141553984593,-16.8228774116329
-47.1276553984593,-16.8462600866329
-47.1411553984593,-16.8696427616329
-47.1546553984593,-16.8930254366329
-47.3031553984593,-17.1502348616329
-47.3031553984593,-17.1970002116329
-47.2896553984593,-17.2203828866329
-47.2761553984593,-17.2437655616329
-47.2626553984593,-17.2671482366329
-47.2491553984593,-17.2905309116329
-47.2356553984593,-17.3139135866329
-47.2221553984593,-17.3372962616329
-47.2086553984593,-17.3606789366329
-47.1951553984593,-17.3840616116329
-47.1816553984593,-17.4074442866329
-47.1681553984593,-17.4308269616329
-47.1546553984593,-17.4542096366329
-47.1411553984593,-17.4775923116329
-47.1276553984593,-17.5009749866329
-47.1141553984593,-17.5243576616329
-47.0736553984593,-17.5477403366329
-47.0466553984593,-17.5477403366329
-47.0196553984593,-17.5477403366329
-46.8846553984593,-17.5477403366329
-46.8576553984593,-17.5477403366329
-46.8306553984593,-17.5477403366329
-46.8036553984593,-17.5477403366329
-46.7766553984593,-17.5477403366329
-46.7496553984593,-17.5477403366329
-46.7226553984593,-17.5477403366329
-46.6956553984593,-17.5477403366329
-46.6551553984593,-17.5243576616329
-46.6416553984593,-17.5009749866329
-46.6281553984593,-17.4775923116329
-46.6146553984593,-17.4542096366329
-46.6011553984593,-17.4308269616329
-46.5876553984593,-17.4074442866329
-46.5741553984593,-17.3840616116329
-46.5606553984593,-17.3606789366329
-46.5471553984593,-17.3372962616329
-46.5336553984593,-17.3139135866329
-46.5201553984593,-17.2905309116329
-46.5066553984593,-17.2671482366329
-46.4931553984593,-17.2437655616329
-46.4796553984593,-17.2203828866329
-46.4661553984593,-17.1970002116329
-46.4256553984593,-17.1736175366329
-47.1141553984593,-16.7761120616329
-47.3436553984593,-17.1736175366329
-46.4391553984593,-17.1502348616329
-46.4526553984593,-17.1268521866329
-46.4661553984593,-17.1034695116329
-46.4796553984593,-17.0800868366329
-46.4931553984593,-17.0567041616329
-46.5066553984593,-17.0333214866329
-46.5201553984593,-17.0099388116329
-46.5336553984593,-16.9865561366329
-46.5471553984593,-16.9631734616329
-46.5606553984593,-16.9397907866329
-46.5741553984593,-16.9164081116329
-46.5876553984593,-16.8930254366329
-46.6011553984593,-16.8696427616329
-46.6146553984593,-16.8462600866329
-46.9521553984593,-16.7761120616329
-46.9791553984593,-16.7761120616329
-47.0061553984593,-16.7761120616329
-47.0331553984593,-16.7761120616329
-47.0601553984593,-16.7761120616329
-47.0871553984593,-16.7761120616329
-47.1276553984593,-16.7994947366329
-47.1411553984593,-16.8228774116329
-47.1546553984593,-16.8462600866329
-47.1681553984593,-16.8696427616329
-47.1816553984593,-16.8930254366329
-47.3301553984593,-17.1970002116329
-47.3166553984593,-17.2203828866329
-47.3031553984593,-17.2437655616329
-47.2896553984593,-17.2671482366329
-47.2761553984593,-17.2905309116329
-47.2626553984593,-17.3139135866329
-47.2491553984593,-17.3372962616329
-47.2356553984593,-17.3606789366329
-47.2221553984593,-17.3840616116329
-47.2086553984593,-17.4074442866329
-47.1951553984593,-17.4308269616329
-47.1816553984593,-17.4542096366329
-47.1681553984593,-17.4775923116329
-47.1411553984593,-17.5243576616329
-47.1276553984593,-17.5477403366329
-47.0601553984593,-17.5711230116329
-47.0331553984593,-17.5711230116329
-46.8711553984593,-17.5711230116329
-46.8441553984593,-17.5711230116329
-46.8171553984593,-17.5711230116329
-46.7901553984593,-17.5711230116329
-46.7631553984593,-17.5711230116329
-46.7361553984593,-17.5711230116329
-46.7091553984593,-17.5711230116329
-46.6821553984593,-17.5711230116329
-46.6011553984593,-17.4775923116329
-46.5876553984593,-17.4542096366329
-46.5741553984593,-17.4308269616329
-46.5606553984593,-17.4074442866329
-46.5471553984593,-17.3840616116329
-46.5336553984593,-17.3606789366329
-46.5201553984593,-17.3372962616329
-46.5066553984593,-17.3139135866329
-46.4931553984593,-17.2905309116329
-46.4796553984593,-17.2671482366329
-46.4661553984593,-17.2437655616329
-46.4526553984593,-17.2203828866329
-46.4391553984593,-17.1970002116329
-46.3986553984593,-17.1736175366329
-47.1276553984593,-16.7527293866329
-46.4121553984593,-17.1502348616329
-46.4256553984593,-17.1268521866329
-46.4391553984593,-17.1034695116329
-46.4526553984593,-17.0800868366329
-46.4661553984593,-17.0567041616329
-46.4796553984593,-17.0333214866329
-46.4931553984593,-17.0099388116329
-46.5066553984593,-16.9865561366329
-46.5201553984593,-16.9631734616329
-46.5336553984593,-16.9397907866329
-46.5471553984593,-16.9164081116329
-46.5606553984593,-16.8930254366329
-46.9656553984593,-16.7527293866329
-46.9926553984593,-16.7527293866329
-47.0196553984593,-16.7527293866329
-47.0466553984593,-16.7527293866329
-47.0736553984593,-16.7527293866329
-47.1006553984593,-16.7527293866329
-47.1411553984593,-16.7761120616329
-47.1546553984593,-16.7994947366329
-47.1681553984593,-16.8228774116329
-47.1816553984593,-16.8462600866329
-47.1951553984593,-16.8696427616329
-47.3436553984593,-17.2203828866329
-47.3301553984593,-17.2437655616329
-47.3166553984593,-17.2671482366329
-47.3031553984593,-17.2905309116329
-47.2896553984593,-17.3139135866329
-47.2761553984593,-17.3372962616329
-47.2626553984593,-17.3606789366329
-47.2491553984593,-17.3840616116329
-47.2356553984593,-17.4074442866329
-47.2221553984593,-17.4308269616329
-47.2086553984593,-17.4542096366329
-47.1951553984593,-17.4775923116329
-46.8846553984593,-17.5945056866329
-46.8576553984593,-17.5945056866329
-46.8306553984593,-17.5945056866329
-46.7766553984593,-17.5945056866329
-46.7496553984593,-17.5945056866329
-46.7226553984593,-17.5945056866329
-46.5876553984593,-17.5009749866329
-46.5741553984593,-17.4775923116329
-46.5606553984593,-17.4542096366329
-46.5471553984593,-17.4308269616329
-46.5336553984593,-17.4074442866329
-46.5201553984593,-17.3840616116329
-46.5066553984593,-17.3606789366329
-46.4931553984593,-17.3372962616329
-46.4796553984593,-17.3139135866329
-46.4391553984593,-17.2437655616329
-46.4256553984593,-17.2203828866329
-46.4121553984593,-17.1970002116329
-46.3716553984593,-17.1736175366329
-47.1411553984593,-16.7293467116329
-46.3851553984593,-17.1502348616329
-46.3986553984593,-17.1268521866329
-46.4121553984593,-17.1034695116329
-46.4256553984593,-17.0800868366329
-46.4391553984593,-17.0567041616329
-46.4526553984593,-17.0333214866329
-46.4661553984593,-17.0099388116329
-46.4796553984593,-16.9865561366329
-46.4931553984593,-16.9631734616329
-46.5066553984593,-16.9397907866329
-46.5201553984593,-16.9164081116329
-46.5336553984593,-16.8930254366329
-46.9521553984593,-16.7293467116329
-46.9791553984593,-16.7293467116329
-47.0061553984593,-16.7293467116329
-47.0331553984593,-16.7293467116329
-47.0601553984593,-16.7293467116329
-47.0871553984593,-16.7293467116329
-47.1141553984593,-16.7293467116329
-47.1546553984593,-16.7527293866329
-47.1681553984593,-16.7761120616329
-47.1816553984593,-16.7994947366329
-47.3706553984593,-17.2203828866329
-47.3571553984593,-17.2437655616329
-47.3436553984593,-17.2671482366329
-47.3301553984593,-17.2905309116329
-47.3166553984593,-17.3139135866329
-47.3031553984593,-17.3372962616329
-47.2896553984593,-17.3606789366329
-47.2761553984593,-17.3840616116329
-47.2626553984593,-17.4074442866329
-47.2491553984593,-17.4308269616329
-47.2356553984593,-17.4542096366329
-47.2221553984593,-17.4775923116329
-46.5066553984593,-17.4074442866329
-46.4931553984593,-17.3840616116329
-46.4121553984593,-17.2437655616329
-46.3986553984593,-17.2203828866329
-46.3851553984593,-17.1970002116329
-46.3446553984593,-17.1736175366329
-47.1546553984593,-16.7059640366329
-46.3581553984593,-17.1502348616329
-46.3716553984593,-17.1268521866329
-46.3851553984593,-17.1034695116329
-46.3986553984593,-17.0800868366329
-46.4121553984593,-17.0567041616329
-46.4256553984593,-17.0333214866329
-46.4391553984593,-17.0099388116329
-46.4526553984593,-16.9865561366329
-46.4661553984593,-16.9631734616329
-46.4796553984593,-16.9397907866329
-46.4931553984593,-16.9164081116329
-46.5066553984593,-16.8930254366329
-46.9386553984593,-16.7059640366329
-46.9656553984593,-16.7059640366329
-46.9926553984593,-16.7059640366329
-47.0196553984593,-16.7059640366329
-47.0466553984593,-16.7059640366329
-47.0736553984593,-16.7059640366329
-47.1006553984593,-16.7059640366329
-47.1276553984593,-16.7059640366329
-47.1681553984593,-16.7293467116329
-47.1816553984593,-16.7527293866329
-47.1951553984593,-16.7761120616329
-47.2086553984593,-16.7994947366329
-47.3706553984593,-17.2671482366329
-47.3571553984593,-17.2905309116329
-47.3436553984593,-17.3139135866329
-47.3301553984593,-17.3372962616329
-47.3166553984593,-17.3606789366329
-47.3031553984593,-17.3840616116329
-47.2896553984593,-17.4074442866329
-47.2761553984593,-17.4308269616329
-47.2626553984593,-17.4542096366329
-47.2491553984593,-17.4775923116329
-47.2356553984593,-17.5009749866329
-46.3716553984593,-17.2203828866329
-46.3176553984593,-17.1736175366329
-46.3311553984593,-17.1502348616329
-46.3446553984593,-17.1268521866329
-46.3581553984593,-17.1034695116329
-46.3716553984593,-17.0800868366329
-46.3851553984593,-17.0567041616329
-46.3986553984593,-17.0333214866329
-46.4121553984593,-17.0099388116329
-46.4256553984593,-16.9865561366329
-46.4391553984593,-16.9631734616329
-46.4526553984593,-16.9397907866329
-46.4661553984593,-16.9164081116329
-46.9521553984593,-16.6825813616329
-46.9791553984593,-16.6825813616329
-47.0061553984593,-16.6825813616329
-47.0331553984593,-16.6825813616329
-47.0601553984593,-16.6825813616329
-47.0871553984593,-16.6825813616329
-47.1141553984593,-16.6825813616329
-47.1411553984593,-16.6825813616329
-47.1951553984593,-16.7293467116329
-47.2086553984593,-16.7527293866329
-47.2221553984593,-16.7761120616329
-47.3976553984593,-17.2671482366329
-47.3841553984593,-17.2905309116329
-47.3706553984593,-17.3139135866329
-47.3571553984593,-17.3372962616329
-47.3436553984593,-17.3606789366329
-47.3301553984593,-17.3840616116329
-47.3166553984593,-17.4074442866329
-47.3031553984593,-17.4308269616329
-47.2896553984593,-17.4542096366329
-47.2761553984593,-17.4775923116329
-46.2906553984593,-17.1736175366329
-46.3041553984593,-17.1502348616329
-46.3176553984593,-17.1268521866329
-46.3311553984593,-17.1034695116329
-46.3446553984593,-17.0800868366329
-46.3581553984593,-17.0567041616329
-46.3716553984593,-17.0333214866329
-46.3851553984593,-17.0099388116329
-46.3986553984593,-16.9865561366329
-46.4121553984593,-16.9631734616329
-46.4256553984593,-16.9397907866329
-46.4391553984593,-16.9164081116329
-46.9926553984593,-16.6591986866329
-47.0196553984593,-16.6591986866329
-47.0466553984593,-16.6591986866329
-47.0736553984593,-16.6591986866329
-47.1006553984593,-16.6591986866329
-47.2221553984593,-16.7293467116329
-47.2356553984593,-16.7527293866329
-47.4111553984593,-17.2905309116329
-47.3976553984593,-17.3139135866329
-47.3841553984593,-17.3372962616329
-47.3706553984593,-17.3606789366329
-47.3571553984593,-17.3840616116329
-47.3436553984593,-17.4074442866329
-47.3301553984593,-17.4308269616329
-47.3166553984593,-17.4542096366329
-47.3031553984593,-17.4775923116329
-46.3041553984593,-17.1970002116329
-46.3041553984593,-17.1034695116329
-46.3176553984593,-17.0800868366329
-46.3311553984593,-17.0567041616329
-46.3446553984593,-17.0333214866329
-46.3581553984593,-17.0099388116329
-46.3716553984593,-16.9865561366329
-46.3851553984593,-16.9631734616329
-46.3986553984593,-16.9397907866329
-46.4121553984593,-16.9164081116329
-47.0061553984593,-16.6358160116329
-47.0331553984593,-16.6358160116329
-47.0601553984593,-16.6358160116329
-47.4111553984593,-17.3372962616329
-47.3976553984593,-17.3606789366329
-47.3841553984593,-17.3840616116329
-47.3706553984593,-17.4074442866329
-47.3571553984593,-17.4308269616329
-47.3436553984593,-17.4542096366329
-47.3301553984593,-17.4775923116329
-47.3166553984593,-17.5009749866329
-47.3031553984593,-17.5243576616329
-46.2771553984593,-17.1034695116329
-46.2906553984593,-17.0800868366329
-46.3041553984593,-17.0567041616329
-46.3176553984593,-17.0333214866329
-46.3311553984593,-17.0099388116329
-46.3446553984593,-16.9865561366329
-46.3581553984593,-16.9631734616329
-46.3716553984593,-16.9397907866329
-46.3851553984593,-16.9164081116329
-47.0196553984593,-16.6124333366329
-47.0466553984593,-16.6124333366329
-47.4381553984593,-17.3372962616329
-47.4246553984593,-17.3606789366329
-47.4111553984593,-17.3840616116329
-47.3976553984593,-17.4074442866329
-47.3841553984593,-17.4308269616329
-47.3706553984593,-17.4542096366329
-47.3571553984593,-17.4775923116329
-47.3436553984593,-17.5009749866329
-46.2771553984593,-17.0567041616329
-46.2906553984593,-17.0333214866329
-46.3041553984593,-17.0099388116329
-46.3176553984593,-16.9865561366329
-46.3311553984593,-16.9631734616329
-47.4516553984593,-17.3606789366329
-47.4381553984593,-17.3840616116329
-47.4246553984593,-17.4074442866329
-47.4111553984593,-17.4308269616329
-47.3976553984593,-17.4542096366329
-47.3841553984593,-17.4775923116329
-47.3706553984593,-17.5009749866329
-46.2636553984593,-17.0333214866329
-46.2771553984593,-17.0099388116329
-46.2906553984593,-16.9865561366329
-46.3041553984593,-16.9631734616329
-47.4786553984593,-17.3606789366329
-47.4651553984593,-17.3840616116329
-47.4516553984593,-17.4074442866329
-47.4381553984593,-17.4308269616329
-47.4246553984593,-17.4542096366329
-47.4111553984593,-17.4775923116329
-47.3976553984593,-17.5009749866329
-46.2366553984593,-17.0333214866329
-46.2501553984593,-17.0099388116329
-46.2636553984593,-16.9865561366329
-47.5056553984593,-17.3606789366329
-47.4921553984593,-17.3840616116329
-47.4786553984593,-17.4074442866329
-47.4651553984593,-17.4308269616329
-47.4516553984593,-17.4542096366329
-47.4381553984593,-17.4775923116329
-47.4246553984593,-17.5009749866329
-46.2231553984593,-17.0099388116329
-46.2366553984593,-16.9865561366329
-47.5191553984593,-17.3840616116329
-47.5056553984593,-17.4074442866329
-47.4921553984593,-17.4308269616329
-47.4786553984593,-17.4542096366329
-47.4651553984593,-17.4775923116329
-47.4516553984593,-17.5009749866329
-47.4381553984593,-17.5243576616329
-47.5191553984593,-17.4308269616329
-47.5056553984593,-17.4542096366329
-47.4921553984593,-17.4775923116329
-47.4786553984593,-17.5009749866329
-47.4651553984593,-17.5243576616329
-47.5326553984593,-17.4542096366329
-47.4921553984593,-17.5243576616329
