-48.9544681678423,-19.3303806682309
-48.9274681678423,-19.3303806682309
-48.9409681678423,-19.3069979932309
-48.9679681678423,-19.3069979932309
-48.9814681678423,-19.3303806682309
-48.9679681678423,-19.3537633432309
-48.9409681678423,-19.3537633432309
-48.9004681678423,-19.3303806682309
-48.9274681678423,-19.2836153182309
-48.9814681678423,-19.2836153182309
-49.0084681678423,-19.3303806682309
-48.9814681678423,-19.3771460182309
-48.9274681678423,-19.3771460182309
-48.9139681678423,-19.3069979932309
-48.9544681678423,-19.2836153182309
-48.9949681678423,-19.3069979932309
-48.9949681678423,-19.3537633432309
-48.9544681678423,-19.3771460182309
-48.9139681678423,-19.3537633432309
-48.8734681678423,-19.3303806682309
-48.9139681678423,-19.2602326432309
-48.9949681678423,-19.2602326432309
-49.0354681678423,-19.3303806682309
-48.9949681678423,-19.4005286932309
-48.9139681678423,-19.4005286932309
-48.8869681678423,-19.3069979932309
-48.9004681678423,-19.2836153182309
-48.9409681678423,-19.2602326432309
-48.9679681678423,-19.2602326432309
-49.0084681678423,-19.2836153182309
-49.0219681678423,-19.3069979932309
-49.0219681678423,-19.3537633432309
-49.0084681678423,-19.3771460182309
-48.9679681678423,-19.4005286932309
-48.9409681678423,-19.4005286932309
-48.9004681678423,-19.3771460182309
-48.8869681678423,-19.3537633432309
-48.8464681678423,-19.3303806682309
-48.9004681678423,-19.2368499682309
-49.0084681678423,-19.2368499682309
-49.0624681678423,-19.3303806682309
-49.0084681678423,-19.4239113682309
-48.9004681678423,-19.4239113682309
-48.8599681678423,-19.3069979932309
-48.8734681678423,-19.2836153182309
-48.8869681678423,-19.2602326432309
-48.9274681678423,-19.2368499682309
-48.9544681678423,-19.2368499682309
-48.9814681678423,-19.2368499682309
-49.0219681678423,-19.2602326432309
-49.0354681678423,-19.2836153182309
-49.0489681678423,-19.3069979932309
-49.0489681678423,-19.3537633432309
-49.0354681678423,-19.3771460182309
-49.0219681678423,-19.4005286932309
-48.9814681678423,-19.4239113682309
-48.9544681678423,-19.4239113682309
-48.9274681678423,-19.4239113682309
-48.8869681678423,-19.4005286932309
-48.8734681678423,-19.3771460182309
-48.8599681678423,-19.3537633432309
-48.8194681678423,-19.3303806682309
-48.8869681678423,-19.2134672932309
-49.0219681678423,-19.2134672932309
-49.0894681678423,-19.3303806682309
-49.0219681678423,-19.4472940432309
-48.8869681678423,-19.4472940432309
-48.8329681678423,-19.3069979932309
-48.8464681678423,-19.2836153182309
-48.8599681678423,-19.2602326432309
-48.8734681678423,-19.2368499682309
-48.9139681678423,-19.2134672932309
-48.9409681678423,-19.2134672932309
-48.9679681678423,-19.2134672932309
-48.9949681678423,-19.2134672932309
-49.0354681678423,-19.2368499682309
-49.0489681678423,-19.2602326432309
-49.0624681678423,-19.2836153182309
-49.0759681678423,-19.3069979932309
-49.0759681678423,-19.3537633432309
-49.0624681678423,-19.3771460182309
-49.0489681678423,-19.4005286932309
-49.0354681678423,-19.4239113682309
-48.9949681678423,-19.4472940432309
-48.9679681678423,-19.4472940432309
-48.9409681678423,-19.4472940432309
-48.9139681678423,-19.4472940432309
-48.8734681678423,-19.4239113682309
-48.8599681678423,-19.4005286932309
-48.8464681678423,-19.3771460182309
-48.8329681678423,-19.3537633432309
-48.7924681678423,-19.3303806682309
-48.8734681678423,-19.1900846182309
-49.0354681678423,-19.1900846182309
-49.1164681678423,-19.3303806682309
-49.0354681678423,-19.4706767182309
-48.8734681678423,-19.4706767182309
-48.8059681678423,-19.3069979932309
-48.8194681678423,-19.2836153182309
-48.8329681678423,-19.2602326432309
-48.8464681678423,-19.2368499682309
-48.8599681678423,-19.2134672932309
-48.9004681678423,-19.1900846182309
-48.9274681678423,-19.1900846182309
-48.9544681678423,-19.1900846182309
-48.9814681678423,-19.1900846182309
-49.0084681678423,-19.1900846182309
-49.0489681678423,-19.2134672932309
-49.0624681678423,-19.2368499682309
-49.0759681678423,-19.2602326432309
-49.0894681678423,-19.2836153182309
-49.1029681678423,-19.3069979932309
-49.1029681678423,-19.3537633432309
-49.0894681678423,-19.3771460182309
-49.0759681678423,-19.4005286932309
-49.0624681678423,-19.4239113682309
-49.0489681678423,-19.4472940432309
-49.0084681678423,-19.4706767182309
-48.9814681678423,-19.4706767182309
-48.9544681678423,-19.4706767182309
-48.9274681678423,-19.4706767182309
-48.9004681678423,-19.4706767182309
-48.8599681678423,-19.4472940432309
-48.8464681678423,-19.4239113682309
-48.8329681678423,-19.4005286932309
-48.8194681678423,-19.3771460182309
-48.8059681678423,-19.3537633432309
-48.7654681678423,-19.3303806682309
-48.8599681678423,-19.1667019432309
-49.0489681678423,-19.1667019432309
-49.1434681678423,-19.3303806682309
-49.0489681678423,-19.4940593932309
-48.8599681678423,-19.4940593932309
-48.7789681678423,-19.3069979932309
-48.7924681678423,-19.2836153182309
-48.8059681678423,-19.2602326432309
-48.8194681678423,-19.2368499682309
-48.8329681678423,-19.2134672932309
-48.8464681678423,-19.1900846182309
-48.8869681678423,-19.1667019432309
-48.9139681678423,-19.1667019432309
-48.9409681678423,-19.1667019432309
-48.9679681678423,-19.1667019432309
-48.9949681678423,-19.1667019432309
-49.0219681678423,-19.1667019432309
-49.0624681678423,-19.1900846182309
-49.0759681678423,-19.2134672932309
-49.0894681678423,-19.2368499682309
-49.1029681678423,-19.2602326432309
-49.1164681678423,-19.2836153182309
-49.1299681678423,-19.3069979932309
-49.1299681678423,-19.3537633432309
-49.1164681678423,-19.3771460182309
-49.1029681678423,-19.4005286932309
-49.0894681678423,-19.4239113682309
-49.0759681678423,-19.4472940432309
-49.0624681678423,-19.4706767182309
-49.0219681678423,-19.4940593932309
-48.9949681678423,-19.4940593932309
-48.9679681678423,-19.4940593932309
-48.9409681678423,-19.4940593932309
-48.9139681678423,-19.4940593932309
-48.8869681678423,-19.4940593932309
-48.8464681678423,-19.4706767182309
-48.8329681678423,-19.4472940432309
-48.8194681678423,-19.4239113682309
-48.8059681678423,-19.4005286932309
-48.7924681678423,-19.3771460182309
-48.7789681678423,-19.3537633432309
-48.7384681678423,-19.3303806682309
-48.8464681678423,-19.1433192682309
-49.0624681678423,-19.1433192682309
-49.1704681678423,-19.3303806682309
-49.0624681678423,-19.5174420682309
-48.8464681678423,-19.5174420682309
-48.7519681678423,-19.3069979932309
-48.7654681678423,-19.2836153182309
-48.7789681678423,-19.2602326432309
-48.7924681678423,-19.2368499682309
-48.8059681678423,-19.2134672932309
-48.8194681678423,-19.1900846182309
-48.8329681678423,-19.1667019432309
-48.8734681678423,-19.1433192682309
-48.9004681678423,-19.1433192682309
-48.9274681678423,-19.1433192682309
-48.9544681678423,-19.1433192682309
-48.9814681678423,-19.1433192682309
-49.0084681678423,-19.1433192682309
-49.0354681678423,-19.1433192682309
-49.0759681678423,-19.1667019432309
-49.0894681678423,-19.1900846182309
-49.1029681678423,-19.2134672932309
-49.1164681678423,-19.2368499682309
-49.1299681678423,-19.2602326432309
-49.1434681678423,-19.2836153182309
-49.1569681678423,-19.3069979932309
-49.1569681678423,-19.3537633432309
-49.1434681678423,-19.3771460182309
-49.1299681678423,-19.4005286932309
-49.1164681678423,-19.4239113682309
-49.1029681678423,-19.4472940432309
-49.0894681678423,-19.4706767182309
-49.0759681678423,-19.4940593932309
-49.0354681678423,-19.5174420682309
-49.0084681678423,-19.5174420682309
-48.9814681678423,-19.5174420682309
-48.9544681678423,-19.5174420682309
-48.9274681678423,-19.5174420682309
-48.9004681678423,-19.5174420682309
-48.8734681678423,-19.5174420682309
-48.8329681678423,-19.4940593932309
-48.8194681678423,-19.4706767182309
-48.8059681678423,-19.4472940432309
-48.7924681678423,-19.4239113682309
-48.7789681678423,-19.4005286932309
-48.7654681678423,-19.3771460182309
-48.7519681678423,-19.3537633432309
-48.7114681678423,-19.3303806682309
-48.8329681678423,-19.1199365932309
-49.0759681678423,-19.1199365932309
-49.1974681678423,-19.3303806682309
-49.0759681678423,-19.5408247432309
-48.8329681678423,-19.5408247432309
-48.7249681678423,-19.3069979932309
-48.7384681678423,-19.2836153182309
-48.7519681678423,-19.2602326432309
-48.7654681678423,-19.2368499682309
-48.7789681678423,-19.2134672932309
-48.7924681678423,-19.1900846182309
-48.8059681678423,-19.1667019432309
-48.8194681678423,-19.1433192682309
-48.8599681678423,-19.1199365932309
-48.8869681678423,-19.1199365932309
-48.9139681678423,-19.1199365932309
-48.9409681678423,-19.1199365932309
-48.9679681678423,-19.1199365932309
-48.9949681678423,-19.1199365932309
-49.0219681678423,-19.1199365932309
-49.0489681678423,-19.1199365932309
-49.0894681678423,-19.1433192682309
-49.1029681678423,-19.1667019432309
-49.1164681678423,-19.1900846182309
-49.1299681678423,-19.2134672932309
-49.1434681678423,-19.2368499682309
-49.1569681678423,-19.2602326432309
-49.1704681678423,-19.2836153182309
-49.1839681678423,-19.3069979932309
-49.1839681678423,-19.3537633432309
-49.1704681678423,-19.3771460182309
-49.1569681678423,-19.4005286932309
-49.1434681678423,-19.4239113682309
-49.1299681678423,-19.4472940432309
-49.1164681678423,-19.4706767182309
-49.1029681678423,-19.4940593932309
-49.0894681678423,-19.5174420682309
-49.0489681678423,-19.5408247432309
-49.0219681678423,-19.5408247432309
-48.9949681678423,-19.5408247432309
-48.9679681678423,-19.5408247432309
-48.9409681678423,-19.5408247432309
-48.9139681678423,-19.5408247432309
-48.8869681678423,-19.5408247432309
-48.8599681678423,-19.5408247432309
-48.8194681678423,-19.5174420682309
-48.8059681678423,-19.4940593932309
-48.7924681678423,-19.4706767182309
-48.7789681678423,-19.4472940432309
-48.7654681678423,-19.4239113682309
-48.7519681678423,-19.4005286932309
-48.7384681678423,-19.3771460182309
-48.7249681678423,-19.3537633432309
-48.6844681678423,-19.3303806682309
-49.0894681678423,-19.0965539182309
-49.2244681678423,-19.3303806682309
-49.0894681678423,-19.5642074182309
-48.8194681678423,-19.5642074182309
-48.6979681678423,-19.3069979932309
-48.7114681678423,-19.2836153182309
-48.7249681678423,-19.2602326432309
-48.7384681678423,-19.2368499682309
-48.7519681678423,-19.2134672932309
-48.7654681678423,-19.1900846182309
-48.7789681678423,-19.1667019432309
-48.7924681678423,-19.1433192682309
-48.8059681678423,-19.1199365932309
-48.8464681678423,-19.0965539182309
-48.8734681678423,-19.0965539182309
-48.9004681678423,-19.0965539182309
-48.9274681678423,-19.0965539182309
-48.9544681678423,-19.0965539182309
-48.9814681678423,-19.0965539182309
-49.0084681678423,-19.0965539182309
-49.0354681678423,-19.0965539182309
-49.0624681678423,-19.0965539182309
-49.1029681678423,-19.1199365932309
-49.1164681678423,-19.1433192682309
-49.1299681678423,-19.1667019432309
-49.1434681678423,-19.1900846182309
-49.1569681678423,-19.2134672932309
-49.1704681678423,-19.2368499682309
-49.1839681678423,-19.2602326432309
-49.1974681678423,-19.2836153182309
-49.2109681678423,-19.3069979932309
-49.2109681678423,-19.3537633432309
-49.1974681678423,-19.3771460182309
-49.1839681678423,-19.4005286932309
-49.1704681678423,-19.4239113682309
-49.1569681678423,-19.4472940432309
-49.1434681678423,-19.4706767182309
-49.1299681678423,-19.4940593932309
-49.1164681678423,-19.5174420682309
-49.1029681678423,-19.5408247432309
-49.0624681678423,-19.5642074182309
-49.0354681678423,-19.5642074182309
-49.0084681678423,-19.5642074182309
-48.9814681678423,-19.5642074182309
-48.9544681678423,-19.5642074182309
-48.9274681678423,-19.5642074182309
-48.9004681678423,-19.5642074182309
-48.8734681678423,-19.5642074182309
-48.8464681678423,-19.5642074182309
-48.8059681678423,-19.5408247432309
-48.7924681678423,-19.5174420682309
-48.7789681678423,-19.4940593932309
-48.7654681678423,-19.4706767182309
-48.7519681678423,-19.4472940432309
-48.7384681678423,-19.4239113682309
-48.7249681678423,-19.4005286932309
-48.7114681678423,-19.3771460182309
-48.6979681678423,-19.3537633432309
-48.6574681678423,-19.3303806682309
-49.1029681678423,-19.0731712432309
-49.2514681678423,-19.3303806682309
-49.1029681678423,-19.5875900932309
-48.8059681678423,-19.5875900932309
-48.6709681678423,-19.3069979932309
-48.6844681678423,-19.2836153182309
-48.6979681678423,-19.2602326432309
-48.7114681678423,-19.2368499682309
-48.7249681678423,-19.2134672932309
-48.7384681678423,-19.1900846182309
-48.7519681678423,-19.1667019432309
-48.9409681678423,-19.0731712432309
-48.9679681678423,-19.0731712432309
-48.9949681678423,-19.0731712432309
-49.0219681678423,-19.0731712432309
-49.0489681678423,-19.0731712432309
-49.0759681678423,-19.0731712432309
-49.1164681678423,-19.0965539182309
-49.1299681678423,-19.1199365932309
-49.1434681678423,-19.1433192682309
-49.1569681678423,-19.1667019432309
-49.1704681678423,-19.1900846182309
-49.1839681678423,-19.2134672932309
-49.1974681678423,-19.2368499682309
-49.2109681678423,-19.2602326432309
-49.2244681678423,-19.2836153182309
-49.2379681678423,-19.3069979932309
-49.2379681678423,-19.3537633432309
-49.2244681678423,-19.3771460182309
-49.2109681678423,-19.4005286932309
-49.1974681678423,-19.4239113682309
-49.1839681678423,-19.4472940432309
-49.1704681678423,-19.4706767182309
-49.1569681678423,-19.4940593932309
-49.1434681678423,-19.5174420682309
-49.1299681678423,-19.5408247432309
-49.1164681678423,-19.5642074182309
-48.8869681678423,-19.5875900932309
-48.8599681678423,-19.5875900932309
-48.8329681678423,-19.5875900932309
-48.7924681678423,-19.5642074182309
-48.7789681678423,-19.5408247432309
-48.7654681678423,-19.5174420682309
-48.7519681678423,-19.4940593932309
-48.7384681678423,-19.4706767182309
-48.7249681678423,-19.4472940432309
-48.7114681678423,-19.4239113682309
-48.6979681678423,-19.4005286932309
-48.6844681678423,-19.3771460182309
-48.6709681678423,-19.3537633432309
-48.6304681678423,-19.3303806682309
-49.1164681678423,-19.0497885682309
-49.2784681678423,-19.3303806682309
-48.6439681678423,-19.3069979932309
-48.6574681678423,-19.2836153182309
-48.6709681678423,-19.2602326432309
-48.6844681678423,-19.2368499682309
-48.6979681678423,-19.2134672932309
-48.7114681678423,-19.1900846182309
-49.0084681678423,-19.0497885682309
-49.0354681678423,-19.0497885682309
-49.0624681678423,-19.0497885682309
-49.0894681678423,-19.0497885682309
-49.1299681678423,-19.0731712432309
-49.1434681678423,-19.0965539182309
-49.1569681678423,-19.1199365932309
-49.1704681678423,-19.1433192682309
-49.1839681678423,-19.1667019432309
-49.1974681678423,-19.1900846182309
-49.2109681678423,-19.2134672932309
-49.2244681678423,-19.2368499682309
-49.2379681678423,-19.2602326432309
-49.2514681678423,-19.2836153182309
-49.2649681678423,-19.3069979932309
-49.2649681678423,-19.3537633432309
-49.2514681678423,-19.3771460182309
-49.2379681678423,-19.4005286932309
-49.2244681678423,-19.4239113682309
-49.2109681678423,-19.4472940432309
-49.1974681678423,-19.4706767182309
-49.1839681678423,-19.4940593932309
-49.1704681678423,-19.5174420682309
-49.1569681678423,-19.5408247432309
-49.1434681678423,-19.5642074182309
-49.1299681678423,-19.5875900932309
-48.8734681678423,-19.6109727682309
-48.7789681678423,-19.5875900932309
-48.7654681678423,-19.5642074182309
-48.7519681678423,-19.5408247432309
-48.7384681678423,-19.5174420682309
-48.7249681678423,-19.4940593932309
-48.7114681678423,-19.4706767182309
-48.6979681678423,-19.4472940432309
-48.6844681678423,-19.4239113682309
-48.6709681678423,-19.4005286932309
-48.6574681678423,-19.3771460182309
-48.6439681678423,-19.3537633432309
-48.6034681678423,-19.3303806682309
-49.1299681678423,-19.0264058932309
-49.3054681678423,-19.3303806682309
-48.6169681678423,-19.3069979932309
-48.6304681678423,-19.2836153182309
-48.6439681678423,-19.2602326432309
-48.6574681678423,-19.2368499682309
-48.6709681678423,-19.2134672932309
-48.6844681678423,-19.1900846182309
-49.0489681678423,-19.0264058932309
-49.0759681678423,-19.0264058932309
-49.1029681678423,-19.0264058932309
-49.1434681678423,-19.0497885682309
-49.1569681678423,-19.0731712432309
-49.1704681678423,-19.0965539182309
-49.1839681678423,-19.1199365932309
-49.1974681678423,-19.1433192682309
-49.2109681678423,-19.1667019432309
-49.2244681678423,-19.1900846182309
-49.2379681678423,-19.2134672932309
-49.2514681678423,-19.2368499682309
-49.2649681678423,-19.2602326432309
-49.2784681678423,-19.2836153182309
-49.2919681678423,-19.3069979932309
-49.2919681678423,-19.3537633432309
-49.2784681678423,-19.3771460182309
-49.2649681678423,-19.4005286932309
-49.2514681678423,-19.4239113682309
-49.2379681678423,-19.4472940432309
-49.2244681678423,-19.4706767182309
-49.2109681678423,-19.4940593932309
-49.1974681678423,-19.5174420682309
-49.1839681678423,-19.5408247432309
-49.1704681678423,-19.5642074182309
-49.1569681678423,-19.5875900932309
-48.7519681678423,-19.5875900932309
-48.7249681678423,-19.5408247432309
-48.7114681678423,-19.5174420682309
-48.6979681678423,-19.4940593932309
-48.6844681678423,-19.4706767182309
-48.6709681678423,-19.4472940432309
-48.6574681678423,-19.4239113682309
-48.6439681678423,-19.4005286932309
-48.6304681678423,-19.3771460182309
-48.6169681678423,-19.3537633432309
-48.5764681678423,-19.3303806682309
-49.1434681678423,-19.0030232182309
-49.3324681678423,-19.3303806682309
-48.5899681678423,-19.3069979932309
-48.6034681678423,-19.2836153182309
-48.6169681678423,-19.2602326432309
-48.6304681678423,-19.2368499682309
-48.6439681678423,-19.2134672932309
-49.0624681678423,-19.0030232182309
-49.0894681678423,-19.0030232182309
-49.1164681678423,-19.0030232182309
-49.1569681678423,-19.0264058932309
-49.1704681678423,-19.0497885682309
-49.1974681678423,-19.0965539182309
-49.2109681678423,-19.1199365932309
-49.2244681678423,-19.1433192682309
-49.2379681678423,-19.1667019432309
-49.2514681678423,-19.1900846182309
-49.2649681678423,-19.2134672932309
-49.2784681678423,-19.2368499682309
-49.2919681678423,-19.2602326432309
-49.3054681678423,-19.2836153182309
-49.3189681678423,-19.3069979932309
-49.3189681678423,-19.3537633432309
-49.3054681678423,-19.3771460182309
-49.2919681678423,-19.4005286932309
-49.2784681678423,-19.4239113682309
-49.2649681678423,-19.4472940432309
-49.2514681678423,-19.4706767182309
-49.2379681678423,-19.4940593932309
-49.2244681678423,-19.5174420682309
-49.2109681678423,-19.5408247432309
-49.1974681678423,-19.5642074182309
-49.1839681678423,-19.5875900932309
-48.6844681678423,-19.5174420682309
-48.6709681678423,-19.4940593932309
-48.6574681678423,-19.4706767182309
-48.6439681678423,-19.4472940432309
-48.6304681678423,-19.4239113682309
-48.6169681678423,-19.4005286932309
-48.6034681678423,-19.3771460182309
-48.5899681678423,-19.3537633432309
-48.5494681678423,-19.3303806682309
-49.1569681678423,-18.9796405432309
-48.5629681678423,-19.3069979932309
-48.5764681678423,-19.2836153182309
-48.5899681678423,-19.2602326432309
-48.6034681678423,-19.2368499682309
-49.0759681678423,-18.9796405432309
-49.1029681678423,-18.9796405432309
-49.1299681678423,-18.9796405432309
-49.1704681678423,-19.0030232182309
-49.1839681678423,-19.0264058932309
-49.2109681678423,-19.0731712432309
-49.2514681678423,-19.1433192682309
-49.2649681678423,-19.1667019432309
-49.2784681678423,-19.1900846182309
-49.2919681678423,-19.2134672932309
-49.3054681678423,-19.2368499682309
-49.3189681678423,-19.2602326432309
-49.3324681678423,-19.2836153182309
-49.3459681678423,-19.3069979932309
-49.3459681678423,-19.3537633432309
-49.3324681678423,-19.3771460182309
-49.3189681678423,-19.4005286932309
-49.3054681678423,-19.4239113682309
-49.2919681678423,-19.4472940432309
-49.2784681678423,-19.4706767182309
-49.2649681678423,-19.4940593932309
-49.2514681678423,-19.5174420682309
-49.2379681678423,-19.5408247432309
-49.2244681678423,-19.5642074182309
-48.6574681678423,-19.5174420682309
-48.6439681678423,-19.4940593932309
-48.6304681678423,-19.4706767182309
-48.6169681678423,-19.4472940432309
-48.6034681678423,-19.4239113682309
-48.5899681678423,-19.4005286932309
-48.5764681678423,-19.3771460182309
-48.5629681678423,-19.3537633432309
-48.5224681678423,-19.3303806682309
-49.1704681678423,-18.9562578682309
-48.5359681678423,-19.3069979932309
-48.5494681678423,-19.2836153182309
-48.5629681678423,-19.2602326432309
-48.5764681678423,-19.2368499682309
-49.1434681678423,-18.9562578682309
-49.1839681678423,-18.9796405432309
-49.1974681678423,-19.0030232182309
-49.2784681678423,-19.1433192682309
-49.2919681678423,-19.1667019432309
-49.3054681678423,-19.1900846182309
-49.3189681678423,-19.2134672932309
-49.3324681678423,-19.2368499682309
-49.3459681678423,-19.2602326432309
-49.3594681678423,-19.2836153182309
-49.3459681678423,-19.4005286932309
-49.3054681678423,-19.4706767182309
-49.2919681678423,-19.4940593932309
-49.2784681678423,-19.5174420682309
-49.2649681678423,-19.5408247432309
-48.6304681678423,-19.5174420682309
-48.6169681678423,-19.4940593932309
-48.6034681678423,-19.4706767182309
-48.5899681678423,-19.4472940432309
-48.5764681678423,-19.4239113682309
-48.5629681678423,-19.4005286932309
-48.5494681678423,-19.3771460182309
-48.5359681678423,-19.3537633432309
-48.4954681678423,-19.3303806682309
-48.5089681678423,-19.3069979932309
-48.5224681678423,-19.2836153182309
-49.1974681678423,-18.9562578682309
-49.2109681678423,-18.9796405432309
-49.3054681678423,-19.1433192682309
-49.3189681678423,-19.1667019432309
-49.3324681678423,-19.1900846182309
-49.3459681678423,-19.2134672932309
-49.3594681678423,-19.2368499682309
-49.3729681678423,-19.2602326432309
-49.3864681678423,-19.2836153182309
-49.3324681678423,-19.4706767182309
-49.3189681678423,-19.4940593932309
-49.3054681678423,-19.5174420682309
-49.2919681678423,-19.5408247432309
-48.6034681678423,-19.5174420682309
-48.5899681678423,-19.4940593932309
-48.5764681678423,-19.4706767182309
-48.5629681678423,-19.4472940432309
-48.5494681678423,-19.4239113682309
-48.5359681678423,-19.4005286932309
-48.5224681678423,-19.3771460182309
-48.5089681678423,-19.3537633432309
-48.4684681678423,-19.3303806682309
-49.3324681678423,-19.1433192682309
-49.3459681678423,-19.1667019432309
-49.3594681678423,-19.1900846182309
-49.3729681678423,-19.2134672932309
-49.3864681678423,-19.2368499682309
-49.3999681678423,-19.2602326432309
-49.3459681678423,-19.4940593932309
-49.3324681678423,-19.5174420682309
-49.3189681678423,-19.5408247432309
-48.5899681678423,-19.5408247432309
-48.5764681678423,-19.5174420682309
-48.5629681678423,-19.4940593932309
-48.5494681678423,-19.4706767182309
-48.5359681678423,-19.4472940432309
-48.5224681678423,-19.4239113682309
-48.5089681678423,-19.4005286932309
-48.4954681678423,-19.3771460182309
-48.4819681678423,-19.3537633432309
-49.3594681678423,-19.1433192682309
-49.3729681678423,-19.1667019432309
-49.3864681678423,-19.1900846182309
-49.3999681678423,-19.2134672932309
-48.5629681678423,-19.5408247432309
-48.5494681678423,-19.5174420682309
-48.5359681678423,-19.4940593932309
-48.5224681678423,-19.4706767182309
-48.5089681678423,-19.4472940432309
-48.4954681678423,-19.4239113682309
-48.4819681678423,-19.4005286932309
-48.4684681678423,-19.3771460182309
-48.5224681678423,-19.5174420682309
-48.5089681678423,-19.4940593932309
-48.4954681678423,-19.4706767182309
-48.4819681678423,-19.4472940432309
-48.4684681678423,-19.4239113682309
-48.4549681678423,-19.4005286932309
-48.4954681678423,-19.5174420682309
-48.4819681678423,-19.4940593932309
-48.4684681678423,-19.4706767182309
-48.4549681678423,-19.4472940432309
-48.4414681678423,-19.4239113682309
-48.4279681678423,-19.4005286932309
-48.4684681678423,-19.5174420682309
-48.4549681678423,-19.4940593932309
-48.4414681678423,-19.4706767182309
-48.4279681678423,-19.4472940432309
-48.4144681678423,-19.4239113682309
-48.4279681678423,-19.4940593932309
-48.4144681678423,-19.4706767182309
