-45.5573636001184,-16.7008676655686
-45.5303636001184,-16.7008676655686
-45.5438636001184,-16.6774849905686
-45.5708636001184,-16.6774849905686
-45.5843636001184,-16.7008676655686
-45.5708636001184,-16.7242503405686
-45.5438636001184,-16.7242503405686
-45.5033636001184,-16.7008676655686
-45.5303636001184,-16.6541023155686
-45.5843636001184,-16.6541023155686
-45.6113636001184,-16.7008676655686
-45.5843636001184,-16.7476330155686
-45.5303636001184,-16.7476330155686
-45.5168636001184,-16.6774849905686
-45.5573636001184,-16.6541023155686
-45.5978636001184,-16.6774849905686
-45.5978636001184,-16.7242503405686
-45.5573636001184,-16.7476330155686
-45.5168636001184,-16.7242503405686
-45.4763636001184,-16.7008676655686
-45.5168636001184,-16.6307196405686
-45.5978636001184,-16.6307196405686
-45.6383636001184,-16.7008676655686
-45.5978636001184,-16.7710156905686
-45.5168636001184,-16.7710156905686
-45.4898636001184,-16.6774849905686
-45.5033636001184,-16.6541023155686
-45.5438636001184,-16.6307196405686
-45.5708636001184,-16.6307196405686
-45.6113636001184,-16.6541023155686
-45.6248636001184,-16.6774849905686
-45.6248636001184,-16.7242503405686
-45.6113636001184,-16.7476330155686
-45.5708636001184,-16.7710156905686
-45.5438636001184,-16.7710156905686
-45.5033636001184,-16.7476330155686
-45.4898636001184,-16.7242503405686
-45.4493636001184,-16.7008676655686
-45.5033636001184,-16.6073369655686
-45.6113636001184,-16.6073369655686
-45.6653636001184,-16.7008676655686
-45.6113636001184,-16.7943983655686
-45.5033636001184,-16.7943983655686
-45.4628636001184,-16.6774849905686
-45.4763636001184,-16.6541023155686
-45.4898636001184,-16.6307196405686
-45.5303636001184,-16.6073369655686
-45.5573636001184,-16.6073369655686
-45.5843636001184,-16.6073369655686
-45.6248636001184,-16.6307196405686
-45.6383636001184,-16.6541023155686
-45.6518636001184,-16.6774849905686
-45.6518636001184,-16.7242503405686
-45.6383636001184,-16.7476330155686
-45.6248636001184,-16.7710156905686
-45.5843636001184,-16.7943983655686
-45.5573636001184,-16.7943983655686
-45.5303636001184,-16.7943983655686
-45.4898636001184,-16.7710156905686
-45.4763636001184,-16.7476330155686
-45.4628636001184,-16.7242503405686
-45.4223636001184,-16.7008676655686
-45.4898636001184,-16.5839542905686
-45.6923636001184,-16.7008676655686
-45.6248636001184,-16.8177810405686
-45.4898636001184,-16.8177810405686
-45.4358636001184,-16.6774849905686
-45.4493636001184,-16.6541023155686
-45.4628636001184,-16.6307196405686
-45.4763636001184,-16.6073369655686
-45.5168636001184,-16.5839542905686
-45.5438636001184,-16.5839542905686
-45.5708636001184,-16.5839542905686
-45.5978636001184,-16.5839542905686
-45.6518636001184,-16.6307196405686
-45.6653636001184,-16.6541023155686
-45.6788636001184,-16.6774849905686
-45.6788636001184,-16.7242503405686
-45.6653636001184,-16.7476330155686
-45.6518636001184,-16.7710156905686
-45.6383636001184,-16.7943983655686
-45.5978636001184,-16.8177810405686
-45.5708636001184,-16.8177810405686
-45.5438636001184,-16.8177810405686
-45.5168636001184,-16.8177810405686
-45.4763636001184,-16.7943983655686
-45.4628636001184,-16.7710156905686
-45.4493636001184,-16.7476330155686
-45.4358636001184,-16.7242503405686
-45.3953636001184,-16.7008676655686
-45.4763636001184,-16.5605716155686
-45.7193636001184,-16.7008676655686
-45.6383636001184,-16.8411637155686
-45.4763636001184,-16.8411637155686
-45.4088636001184,-16.6774849905686
-45.4223636001184,-16.6541023155686
-45.4358636001184,-16.6307196405686
-45.4493636001184,-16.6073369655686
-45.4628636001184,-16.5839542905686
-45.5033636001184,-16.5605716155686
-45.5303636001184,-16.5605716155686
-45.6653636001184,-16.6073369655686
-45.6788636001184,-16.6307196405686
-45.6923636001184,-16.6541023155686
-45.7058636001184,-16.6774849905686
-45.7058636001184,-16.7242503405686
-45.6923636001184,-16.7476330155686
-45.6788636001184,-16.7710156905686
-45.6653636001184,-16.7943983655686
-45.6518636001184,-16.8177810405686
-45.6113636001184,-16.8411637155686
-45.5843636001184,-16.8411637155686
-45.5573636001184,-16.8411637155686
-45.5303636001184,-16.8411637155686
-45.5033636001184,-16.8411637155686
-45.4628636001184,-16.8177810405686
-45.4493636001184,-16.7943983655686
-45.4358636001184,-16.7710156905686
-45.4223636001184,-16.7476330155686
-45.4088636001184,-16.7242503405686
-45.3683636001184,-16.7008676655686
-45.4628636001184,-16.5371889405686
-45.7463636001184,-16.7008676655686
-45.6518636001184,-16.8645463905686
-45.4628636001184,-16.8645463905686
-45.3818636001184,-16.6774849905686
-45.3953636001184,-16.6541023155686
-45.4088636001184,-16.6307196405686
-45.4223636001184,-16.6073369655686
-45.4358636001184,-16.5839542905686
-45.4493636001184,-16.5605716155686
-45.4898636001184,-16.5371889405686
-45.6788636001184,-16.5839542905686
-45.6923636001184,-16.6073369655686
-45.7058636001184,-16.6307196405686
-45.7193636001184,-16.6541023155686
-45.7328636001184,-16.6774849905686
-45.7328636001184,-16.7242503405686
-45.7193636001184,-16.7476330155686
-45.7058636001184,-16.7710156905686
-45.6923636001184,-16.7943983655686
-45.6788636001184,-16.8177810405686
-45.6653636001184,-16.8411637155686
-45.6248636001184,-16.8645463905686
-45.5978636001184,-16.8645463905686
-45.5708636001184,-16.8645463905686
-45.5438636001184,-16.8645463905686
-45.5168636001184,-16.8645463905686
-45.4898636001184,-16.8645463905686
-45.4493636001184,-16.8411637155686
-45.4358636001184,-16.8177810405686
-45.4223636001184,-16.7943983655686
-45.4088636001184,-16.7710156905686
-45.3953636001184,-16.7476330155686
-45.3818636001184,-16.7242503405686
-45.3413636001184,-16.7008676655686
-45.4493636001184,-16.5138062655686
-45.7733636001184,-16.7008676655686
-45.4493636001184,-16.8879290655686
-45.3548636001184,-16.6774849905686
-45.3683636001184,-16.6541023155686
-45.3818636001184,-16.6307196405686
-45.3953636001184,-16.6073369655686
-45.4088636001184,-16.5839542905686
-45.4223636001184,-16.5605716155686
-45.4358636001184,-16.5371889405686
-45.4763636001184,-16.5138062655686
-45.7058636001184,-16.5839542905686
-45.7193636001184,-16.6073369655686
-45.7328636001184,-16.6307196405686
-45.7463636001184,-16.6541023155686
-45.7598636001184,-16.6774849905686
-45.7598636001184,-16.7242503405686
-45.7463636001184,-16.7476330155686
-45.7328636001184,-16.7710156905686
-45.7193636001184,-16.7943983655686
-45.7058636001184,-16.8177810405686
-45.6923636001184,-16.8411637155686
-45.6788636001184,-16.8645463905686
-45.5843636001184,-16.8879290655686
-45.5573636001184,-16.8879290655686
-45.5303636001184,-16.8879290655686
-45.5033636001184,-16.8879290655686
-45.4763636001184,-16.8879290655686
-45.4358636001184,-16.8645463905686
-45.4223636001184,-16.8411637155686
-45.4088636001184,-16.8177810405686
-45.3953636001184,-16.7943983655686
-45.3818636001184,-16.7710156905686
-45.3683636001184,-16.7476330155686
-45.3548636001184,-16.7242503405686
-45.3143636001184,-16.7008676655686
-45.8003636001184,-16.7008676655686
-45.4358636001184,-16.9113117405686
-45.3278636001184,-16.6774849905686
-45.3413636001184,-16.6541023155686
-45.3548636001184,-16.6307196405686
-45.3683636001184,-16.6073369655686
-45.3818636001184,-16.5839542905686
-45.3953636001184,-16.5605716155686
-45.4088636001184,-16.5371889405686
-45.4223636001184,-16.5138062655686
-45.7193636001184,-16.5605716155686
-45.7328636001184,-16.5839542905686
-45.7463636001184,-16.6073369655686
-45.7598636001184,-16.6307196405686
-45.7733636001184,-16.6541023155686
-45.7868636001184,-16.6774849905686
-45.7868636001184,-16.7242503405686
-45.7733636001184,-16.7476330155686
-45.7598636001184,-16.7710156905686
-45.7463636001184,-16.7943983655686
-45.7328636001184,-16.8177810405686
-45.7193636001184,-16.8411637155686
-45.7058636001184,-16.8645463905686
-45.5708636001184,-16.9113117405686
-45.5438636001184,-16.9113117405686
-45.5168636001184,-16.9113117405686
-45.4898636001184,-16.9113117405686
-45.4628636001184,-16.9113117405686
-45.4223636001184,-16.8879290655686
-45.4088636001184,-16.8645463905686
-45.3953636001184,-16.8411637155686
-45.3818636001184,-16.8177810405686
-45.3683636001184,-16.7943983655686
-45.3548636001184,-16.7710156905686
-45.3413636001184,-16.7476330155686
-45.3278636001184,-16.7242503405686
-45.2873636001184,-16.7008676655686
-45.8273636001184,-16.7008676655686
-45.3008636001184,-16.6774849905686
-45.3143636001184,-16.6541023155686
-45.3278636001184,-16.6307196405686
-45.3413636001184,-16.6073369655686
-45.3548636001184,-16.5839542905686
-45.3683636001184,-16.5605716155686
-45.3818636001184,-16.5371889405686
-45.7463636001184,-16.5605716155686
-45.7598636001184,-16.5839542905686
-45.7733636001184,-16.6073369655686
-45.7868636001184,-16.6307196405686
-45.8003636001184,-16.6541023155686
-45.8138636001184,-16.6774849905686
-45.8138636001184,-16.7242503405686
-45.8003636001184,-16.7476330155686
-45.7868636001184,-16.7710156905686
-45.7733636001184,-16.7943983655686
-45.7598636001184,-16.8177810405686
-45.7463636001184,-16.8411637155686
-45.7328636001184,-16.8645463905686
-45.7193636001184,-16.8879290655686
-45.5573636001184,-16.9346944155687
-45.5303636001184,-16.9346944155687
-45.5033636001184,-16.9346944155687
-45.4763636001184,-16.9346944155687
-45.4493636001184,-16.9346944155687
-45.4088636001184,-16.9113117405686
-45.3953636001184,-16.8879290655686
-45.3818636001184,-16.8645463905686
-45.3683636001184,-16.8411637155686
-45.3548636001184,-16.8177810405686
-45.3413636001184,-16.7943983655686
-45.3278636001184,-16.7710156905686
-45.3143636001184,-16.7476330155686
-45.3008636001184,-16.7242503405686
-45.2603636001184,-16.7008676655686
-45.8543636001184,-16.7008676655686
-45.2738636001184,-16.6774849905686
-45.2873636001184,-16.6541023155686
-45.3008636001184,-16.6307196405686
-45.3143636001184,-16.6073369655686
-45.3278636001184,-16.5839542905686
-45.3413636001184,-16.5605716155686
-45.3548636001184,-16.5371889405686
-45.7598636001184,-16.5371889405686
-45.7733636001184,-16.5605716155686
-45.7868636001184,-16.5839542905686
-45.8003636001184,-16.6073369655686
-45.8138636001184,-16.6307196405686
-45.8273636001184,-16.6541023155686
-45.8408636001184,-16.6774849905686
-45.8408636001184,-16.7242503405686
-45.8273636001184,-16.7476330155686
-45.8138636001184,-16.7710156905686
-45.8003636001184,-16.7943983655686
-45.7868636001184,-16.8177810405686
-45.7733636001184,-16.8411637155686
-45.4628636001184,-16.9580770905687
-45.3683636001184,-16.8879290655686
-45.3548636001184,-16.8645463905686
-45.3413636001184,-16.8411637155686
-45.3278636001184,-16.8177810405686
-45.3143636001184,-16.7943983655686
-45.3008636001184,-16.7710156905686
-45.2873636001184,-16.7476330155686
-45.2738636001184,-16.7242503405686
-45.8813636001184,-16.7008676655686
-45.2468636001184,-16.6774849905686
-45.2603636001184,-16.6541023155686
-45.2738636001184,-16.6307196405686
-45.2873636001184,-16.6073369655686
-45.3008636001184,-16.5839542905686
-45.3143636001184,-16.5605716155686
-45.8003636001184,-16.5605716155686
-45.8138636001184,-16.5839542905686
-45.8273636001184,-16.6073369655686
-45.8408636001184,-16.6307196405686
-45.8543636001184,-16.6541023155686
-45.8678636001184,-16.6774849905686
-45.8678636001184,-16.7242503405686
-45.8543636001184,-16.7476330155686
-45.8408636001184,-16.7710156905686
-45.8273636001184,-16.7943983655686
-45.8138636001184,-16.8177810405686
-45.3413636001184,-16.8879290655686
-45.3278636001184,-16.8645463905686
-45.3143636001184,-16.8411637155686
-45.3008636001184,-16.8177810405686
-45.2603636001184,-16.7476330155686
-45.2468636001184,-16.7242503405686
-45.9083636001184,-16.7008676655686
-45.2333636001184,-16.6541023155686
-45.2468636001184,-16.6307196405686
-45.2603636001184,-16.6073369655686
-45.2738636001184,-16.5839542905686
-45.2873636001184,-16.5605716155686
-45.8138636001184,-16.5371889405686
-45.8273636001184,-16.5605716155686
-45.8408636001184,-16.5839542905686
-45.8543636001184,-16.6073369655686
-45.8678636001184,-16.6307196405686
-45.8813636001184,-16.6541023155686
-45.8948636001184,-16.6774849905686
-45.8543636001184,-16.7943983655686
-45.8408636001184,-16.8177810405686
-45.2468636001184,-16.7710156905686
-45.9353636001184,-16.7008676655686
-45.1928636001184,-16.6774849905686
-45.2063636001184,-16.6541023155686
-45.2198636001184,-16.6307196405686
-45.2333636001184,-16.6073369655686
-45.2468636001184,-16.5839542905686
-45.2603636001184,-16.5605716155686
-45.8273636001184,-16.5138062655686
-45.8408636001184,-16.5371889405686
-45.8543636001184,-16.5605716155686
-45.8678636001184,-16.5839542905686
-45.8813636001184,-16.6073369655686
-45.8948636001184,-16.6307196405686
-45.9083636001184,-16.6541023155686
-45.9218636001184,-16.6774849905686
-45.1928636001184,-16.6307196405686
-45.2063636001184,-16.6073369655686
-45.2198636001184,-16.5839542905686
-45.2333636001184,-16.5605716155686
-45.8543636001184,-16.5138062655686
-45.8678636001184,-16.5371889405686
-45.8813636001184,-16.5605716155686
-45.8948636001184,-16.5839542905686
-45.9083636001184,-16.6073369655686
-45.9218636001184,-16.6307196405686
-45.9353636001184,-16.6541023155686
-45.9488636001184,-16.6774849905686
-45.1793636001184,-16.6073369655686
-45.1928636001184,-16.5839542905686
-45.2063636001184,-16.5605716155686
-45.2198636001184,-16.5371889405686
-45.8948636001184,-16.5371889405686
-45.9083636001184,-16.5605716155686
-45.9218636001184,-16.5839542905686
-45.9353636001184,-16.6073369655686
-45.9488636001184,-16.6307196405686
-45.9623636001184,-16.6541023155686
-45.9758636001184,-16.6774849905686
-45.1523636001184,-16.6073369655686
-45.1658636001184,-16.5839542905686
-45.1793636001184,-16.5605716155686
-45.1928636001184,-16.5371889405686
-45.9353636001184,-16.5605716155686
-45.9488636001184,-16.5839542905686
-45.9623636001184,-16.6073369655686
-45.9758636001184,-16.6307196405686
-45.9893636001184,-16.6541023155686
-46.0028636001184,-16.6774849905686
-45.1388636001184,-16.5839542905686
-45.1523636001184,-16.5605716155686
-45.1658636001184,-16.5371889405686
-46.0028636001184,-16.6307196405686
-45.1253636001184,-16.5605716155686
-45.1388636001184,-16.5371889405686
-45.1118636001184,-16.5371889405686
-45.1253636001184,-16.5138062655686
