-44.8619880823043,-15.8964112463347
-44.8349880823043,-15.8964112463347
-44.8484880823043,-15.8730285713347
-44.8754880823043,-15.8730285713347
-44.8889880823043,-15.8964112463347
-44.8754880823043,-15.9197939213347
-44.8484880823043,-15.9197939213347
-44.8079880823043,-15.8964112463347
-44.8349880823043,-15.8496458963347
-44.8889880823043,-15.8496458963347
-44.9159880823043,-15.8964112463347
-44.8889880823043,-15.9431765963347
-44.8349880823043,-15.9431765963347
-44.8214880823043,-15.8730285713347
-44.8619880823043,-15.8496458963347
-44.9024880823043,-15.8730285713347
-44.9024880823043,-15.9197939213347
-44.8619880823043,-15.9431765963347
-44.8214880823043,-15.9197939213347
-44.7809880823043,-15.8964112463347
-44.8214880823043,-15.8262632213347
-44.9024880823043,-15.8262632213347
-44.9429880823043,-15.8964112463347
-44.9024880823043,-15.9665592713347
-44.8214880823043,-15.9665592713347
-44.7944880823043,-15.8730285713347
-44.8079880823043,-15.8496458963347
-44.8484880823043,-15.8262632213347
-44.8754880823043,-15.8262632213347
-44.9159880823043,-15.8496458963347
-44.9294880823043,-15.8730285713347
-44.9294880823043,-15.9197939213347
-44.9159880823043,-15.9431765963347
-44.8754880823043,-15.9665592713347
-44.8484880823043,-15.9665592713347
-44.8079880823043,-15.9431765963347
-44.7944880823043,-15.9197939213347
-44.7539880823043,-15.8964112463347
-44.8079880823043,-15.8028805463347
-44.9159880823043,-15.8028805463347
-44.9699880823043,-15.8964112463347
-44.9159880823043,-15.9899419463347
-44.8079880823043,-15.9899419463347
-44.7674880823043,-15.8730285713347
-44.7809880823043,-15.8496458963347
-44.7944880823043,-15.8262632213347
-44.8349880823043,-15.8028805463347
-44.8619880823043,-15.8028805463347
-44.8889880823043,-15.8028805463347
-44.9294880823043,-15.8262632213347
-44.9429880823043,-15.8496458963347
-44.9564880823043,-15.8730285713347
-44.9564880823043,-15.9197939213347
-44.9429880823043,-15.9431765963347
-44.9294880823043,-15.9665592713347
-44.8889880823043,-15.9899419463347
-44.8619880823043,-15.9899419463347
-44.8349880823043,-15.9899419463347
-44.7944880823043,-15.9665592713347
-44.7809880823043,-15.9431765963347
-44.7674880823043,-15.9197939213347
-44.7269880823043,-15.8964112463347
-44.9294880823043,-15.7794978713347
-44.9969880823043,-15.8964112463347
-44.9294880823043,-16.0133246213347
-44.7944880823043,-16.0133246213347
-44.7404880823043,-15.8730285713347
-44.7539880823043,-15.8496458963347
-44.7674880823043,-15.8262632213347
-44.7809880823043,-15.8028805463347
-44.8214880823043,-15.7794978713347
-44.8484880823043,-15.7794978713347
-44.8754880823043,-15.7794978713347
-44.9024880823043,-15.7794978713347
-44.9429880823043,-15.8028805463347
-44.9564880823043,-15.8262632213347
-44.9699880823043,-15.8496458963347
-44.9834880823043,-15.8730285713347
-44.9834880823043,-15.9197939213347
-44.9699880823043,-15.9431765963347
-44.9564880823043,-15.9665592713347
-44.9429880823043,-15.9899419463347
-44.9024880823043,-16.0133246213347
-44.8754880823043,-16.0133246213347
-44.8484880823043,-16.0133246213347
-44.8214880823043,-16.0133246213347
-44.7809880823043,-15.9899419463347
-44.7674880823043,-15.9665592713347
-44.7539880823043,-15.9431765963347
-44.7404880823043,-15.9197939213347
-44.6999880823043,-15.8964112463347
-44.9429880823043,-15.7561151963347
-45.0239880823043,-15.8964112463347
-44.9429880823043,-16.0367072963347
-44.7809880823043,-16.0367072963347
-44.7134880823043,-15.8730285713347
-44.7269880823043,-15.8496458963347
-44.7404880823043,-15.8262632213347
-44.7539880823043,-15.8028805463347
-44.8349880823043,-15.7561151963347
-44.8619880823043,-15.7561151963347
-44.8889880823043,-15.7561151963347
-44.9159880823043,-15.7561151963347
-44.9564880823043,-15.7794978713347
-44.9699880823043,-15.8028805463347
-44.9834880823043,-15.8262632213347
-44.9969880823043,-15.8496458963347
-45.0104880823043,-15.8730285713347
-45.0104880823043,-15.9197939213347
-44.9969880823043,-15.9431765963347
-44.9834880823043,-15.9665592713347
-44.9699880823043,-15.9899419463347
-44.9564880823043,-16.0133246213347
-44.9159880823043,-16.0367072963347
-44.8889880823043,-16.0367072963347
-44.8619880823043,-16.0367072963347
-44.8349880823043,-16.0367072963347
-44.8079880823043,-16.0367072963347
-44.7674880823043,-16.0133246213347
-44.7539880823043,-15.9899419463347
-44.7404880823043,-15.9665592713347
-44.7269880823043,-15.9431765963347
-44.7134880823043,-15.9197939213347
-44.6729880823043,-15.8964112463347
-44.9564880823043,-15.7327325213347
-45.0509880823043,-15.8964112463347
-44.9564880823043,-16.0600899713347
-44.7674880823043,-16.0600899713347
-44.6864880823043,-15.8730285713347
-44.6999880823043,-15.8496458963347
-44.7134880823043,-15.8262632213347
-44.7269880823043,-15.8028805463347
-44.8754880823043,-15.7327325213347
-44.9024880823043,-15.7327325213347
-44.9294880823043,-15.7327325213347
-44.9699880823043,-15.7561151963347
-44.9834880823043,-15.7794978713347
-44.9969880823043,-15.8028805463347
-45.0104880823043,-15.8262632213347
-45.0239880823043,-15.8496458963347
-45.0374880823043,-15.8730285713347
-45.0374880823043,-15.9197939213347
-45.0239880823043,-15.9431765963347
-45.0104880823043,-15.9665592713347
-44.9969880823043,-15.9899419463347
-44.9834880823043,-16.0133246213347
-44.9699880823043,-16.0367072963347
-44.9294880823043,-16.0600899713347
-44.9024880823043,-16.0600899713347
-44.8754880823043,-16.0600899713347
-44.8484880823043,-16.0600899713347
-44.8214880823043,-16.0600899713347
-44.7944880823043,-16.0600899713347
-44.7539880823043,-16.0367072963347
-44.7404880823043,-16.0133246213347
-44.7269880823043,-15.9899419463347
-44.7134880823043,-15.9665592713347
-44.6999880823043,-15.9431765963347
-44.6864880823043,-15.9197939213347
-44.6459880823043,-15.8964112463347
-44.9699880823043,-15.7093498463347
-45.0779880823043,-15.8964112463347
-44.9699880823043,-16.0834726463347
-44.7539880823043,-16.0834726463347
-44.6594880823043,-15.8730285713347
-44.6729880823043,-15.8496458963347
-44.6864880823043,-15.8262632213347
-44.6999880823043,-15.8028805463347
-44.7134880823043,-15.7794978713347
-44.8889880823043,-15.7093498463347
-44.9159880823043,-15.7093498463347
-44.9429880823043,-15.7093498463347
-44.9834880823043,-15.7327325213347
-44.9969880823043,-15.7561151963347
-45.0104880823043,-15.7794978713347
-45.0239880823043,-15.8028805463347
-45.0374880823043,-15.8262632213347
-45.0509880823043,-15.8496458963347
-45.0644880823043,-15.8730285713347
-45.0644880823043,-15.9197939213347
-45.0509880823043,-15.9431765963347
-45.0374880823043,-15.9665592713347
-45.0239880823043,-15.9899419463347
-45.0104880823043,-16.0133246213347
-44.9969880823043,-16.0367072963347
-44.9834880823043,-16.0600899713347
-44.9429880823043,-16.0834726463347
-44.9159880823043,-16.0834726463347
-44.8889880823043,-16.0834726463347
-44.8619880823043,-16.0834726463347
-44.8349880823043,-16.0834726463347
-44.8079880823043,-16.0834726463347
-44.7809880823043,-16.0834726463347
-44.7404880823043,-16.0600899713347
-44.7269880823043,-16.0367072963347
-44.7134880823043,-16.0133246213347
-44.6999880823043,-15.9899419463347
-44.6864880823043,-15.9665592713347
-44.6729880823043,-15.9431765963347
-44.6594880823043,-15.9197939213347
-44.6189880823043,-15.8964112463347
-44.9834880823043,-15.6859671713347
-45.1049880823043,-15.8964112463347
-44.9834880823043,-16.1068553213347
-44.7404880823043,-16.1068553213347
-44.6324880823043,-15.8730285713347
-44.6459880823043,-15.8496458963347
-44.6594880823043,-15.8262632213347
-44.6729880823043,-15.8028805463347
-44.9294880823043,-15.6859671713347
-44.9564880823043,-15.6859671713347
-44.9969880823043,-15.7093498463347
-45.0104880823043,-15.7327325213347
-45.0239880823043,-15.7561151963347
-45.0374880823043,-15.7794978713347
-45.0509880823043,-15.8028805463347
-45.0644880823043,-15.8262632213347
-45.0779880823043,-15.8496458963347
-45.0914880823043,-15.8730285713347
-45.0914880823043,-15.9197939213347
-45.0779880823043,-15.9431765963347
-45.0644880823043,-15.9665592713347
-45.0374880823043,-16.0133246213347
-45.0239880823043,-16.0367072963347
-45.0104880823043,-16.0600899713347
-44.9969880823043,-16.0834726463347
-44.9564880823043,-16.1068553213347
-44.9294880823043,-16.1068553213347
-44.9024880823043,-16.1068553213347
-44.8754880823043,-16.1068553213347
-44.8484880823043,-16.1068553213347
-44.8214880823043,-16.1068553213347
-44.7944880823043,-16.1068553213347
-44.7674880823043,-16.1068553213347
-44.7269880823043,-16.0834726463347
-44.7134880823043,-16.0600899713347
-44.6999880823043,-16.0367072963347
-44.6864880823043,-16.0133246213347
-44.6729880823043,-15.9899419463347
-44.6594880823043,-15.9665592713347
-44.6459880823043,-15.9431765963347
-44.6324880823043,-15.9197939213347
-44.5919880823043,-15.8964112463347
-44.9969880823043,-15.6625844963347
-45.1319880823043,-15.8964112463347
-44.9969880823043,-16.1302379963347
-44.6054880823043,-15.8730285713347
-44.6189880823043,-15.8496458963347
-44.9429880823043,-15.6625844963347
-44.9699880823043,-15.6625844963347
-45.0104880823043,-15.6859671713347
-45.0239880823043,-15.7093498463347
-45.0374880823043,-15.7327325213347
-45.0509880823043,-15.7561151963347
-45.0644880823043,-15.7794978713347
-45.0779880823043,-15.8028805463347
-45.0914880823043,-15.8262632213347
-45.1049880823043,-15.8496458963347
-45.1184880823043,-15.8730285713347
-45.1184880823043,-15.9197939213347
-45.1049880823043,-15.9431765963347
-45.0914880823043,-15.9665592713347
-45.0509880823043,-16.0367072963347
-45.0374880823043,-16.0600899713347
-45.0239880823043,-16.0834726463347
-45.0104880823043,-16.1068553213347
-44.9699880823043,-16.1302379963347
-44.9429880823043,-16.1302379963347
-44.9159880823043,-16.1302379963347
-44.8889880823043,-16.1302379963347
-44.8349880823043,-16.1302379963347
-44.8079880823043,-16.1302379963347
-44.7809880823043,-16.1302379963347
-44.7539880823043,-16.1302379963347
-44.7134880823043,-16.1068553213347
-44.6999880823043,-16.0834726463347
-44.6864880823043,-16.0600899713347
-44.6729880823043,-16.0367072963347
-44.6594880823043,-16.0133246213347
-44.6459880823043,-15.9899419463347
-44.6324880823043,-15.9665592713347
-44.6189880823043,-15.9431765963347
-44.6054880823043,-15.9197939213347
-44.5649880823043,-15.8964112463347
-45.0104880823043,-15.6392018213347
-44.9564880823043,-15.6392018213347
-44.9834880823043,-15.6392018213347
-45.0239880823043,-15.6625844963347
-45.0374880823043,-15.6859671713347
-45.0509880823043,-15.7093498463347
-45.0644880823043,-15.7327325213347
-45.0779880823043,-15.7561151963347
-45.0914880823043,-15.7794978713347
-45.1049880823043,-15.8028805463347
-45.1184880823043,-15.8262632213347
-45.1319880823043,-15.8496458963347
-45.1454880823043,-15.8730285713347
-45.0509880823043,-16.0834726463347
-45.0374880823043,-16.1068553213347
-45.0239880823043,-16.1302379963347
-44.9834880823043,-16.1536206713347
-44.9564880823043,-16.1536206713347
-44.8214880823043,-16.1536206713347
-44.7674880823043,-16.1536206713347
-44.6729880823043,-16.0834726463347
-44.6594880823043,-16.0600899713347
-44.6459880823043,-16.0367072963347
-44.6324880823043,-16.0133246213347
-44.6189880823043,-15.9899419463347
-44.6054880823043,-15.9665592713347
-44.5919880823043,-15.9431765963347
-44.5784880823043,-15.9197939213347
-45.0239880823043,-15.6158191463347
-44.9969880823043,-15.6158191463347
-45.0374880823043,-15.6392018213347
-45.0509880823043,-15.6625844963347
-45.0644880823043,-15.6859671713347
-45.0779880823043,-15.7093498463347
-45.0914880823043,-15.7327325213347
-45.1049880823043,-15.7561151963347
-45.1184880823043,-15.7794978713347
-45.1319880823043,-15.8028805463347
-45.1454880823043,-15.8262632213347
-45.1589880823043,-15.8496458963347
-45.0644880823043,-16.1068553213347
-45.0509880823043,-16.1302379963347
-44.6594880823043,-16.1068553213347
-44.6459880823043,-16.0834726463347
-44.6324880823043,-16.0600899713347
-44.6189880823043,-16.0367072963347
-44.6054880823043,-16.0133246213347
-44.5919880823043,-15.9899419463347
-44.5784880823043,-15.9665592713347
-44.5649880823043,-15.9431765963347
-44.5514880823043,-15.9197939213347
-44.5109880823043,-15.8964112463347
-45.0374880823043,-15.5924364713347
-44.5244880823043,-15.8730285713347
-44.5379880823043,-15.8496458963347
-44.5514880823043,-15.8262632213347
-44.9834880823043,-15.5924364713347
-45.0104880823043,-15.5924364713347
-45.0509880823043,-15.6158191463347
-45.0644880823043,-15.6392018213347
-45.0779880823043,-15.6625844963347
-45.0914880823043,-15.6859671713347
-45.1049880823043,-15.7093498463347
-45.1184880823043,-15.7327325213347
-45.1319880823043,-15.7561151963347
-45.1454880823043,-15.7794978713347
-45.1589880823043,-15.8028805463347
-45.1724880823043,-15.8262632213347
-45.1859880823043,-15.8496458963347
-44.6324880823043,-16.1068553213347
-44.6189880823043,-16.0834726463347
-44.6054880823043,-16.0600899713347
-44.5919880823043,-16.0367072963347
-44.5784880823043,-16.0133246213347
-44.5649880823043,-15.9899419463347
-44.5514880823043,-15.9665592713347
-44.5379880823043,-15.9431765963347
-44.5244880823043,-15.9197939213347
-44.4839880823043,-15.8964112463347
-45.0509880823043,-15.5690537963347
-44.4974880823043,-15.8730285713347
-44.5109880823043,-15.8496458963347
-44.5244880823043,-15.8262632213347
-44.5379880823043,-15.8028805463347
-45.0239880823043,-15.5690537963347
-45.0644880823043,-15.5924364713347
-45.0779880823043,-15.6158191463347
-45.0914880823043,-15.6392018213347
-45.1049880823043,-15.6625844963347
-45.1184880823043,-15.6859671713347
-45.1319880823043,-15.7093498463347
-45.1454880823043,-15.7327325213347
-45.1589880823043,-15.7561151963347
-45.1724880823043,-15.7794978713347
-45.1859880823043,-15.8028805463347
-45.1994880823043,-15.8262632213347
-44.5919880823043,-16.0834726463347
-44.5784880823043,-16.0600899713347
-44.5649880823043,-16.0367072963347
-44.5514880823043,-16.0133246213347
-44.5379880823043,-15.9899419463347
-44.5244880823043,-15.9665592713347
-44.5109880823043,-15.9431765963347
-44.4974880823043,-15.9197939213347
-44.4569880823043,-15.8964112463347
-44.4704880823043,-15.8730285713347
-44.4839880823043,-15.8496458963347
-44.4974880823043,-15.8262632213347
-44.5109880823043,-15.8028805463347
-45.0914880823043,-15.5924364713347
-45.1049880823043,-15.6158191463347
-45.1184880823043,-15.6392018213347
-45.1319880823043,-15.6625844963347
-45.1454880823043,-15.6859671713347
-45.1589880823043,-15.7093498463347
-45.1724880823043,-15.7327325213347
-45.1859880823043,-15.7561151963347
-45.1994880823043,-15.7794978713347
-45.2129880823043,-15.8028805463347
-45.2264880823043,-15.8262632213347
-44.5514880823043,-16.0600899713347
-44.5379880823043,-16.0367072963347
-44.5244880823043,-16.0133246213347
-44.5109880823043,-15.9899419463347
-44.4974880823043,-15.9665592713347
-44.4839880823043,-15.9431765963347
-44.4704880823043,-15.9197939213347
-44.4299880823043,-15.8964112463347
-44.4434880823043,-15.8730285713347
-44.4569880823043,-15.8496458963347
-44.4704880823043,-15.8262632213347
-44.4974880823043,-15.7794978713347
-45.1589880823043,-15.6625844963347
-45.1724880823043,-15.6859671713347
-45.1859880823043,-15.7093498463347
-45.1994880823043,-15.7327325213347
-45.2129880823043,-15.7561151963347
-45.2264880823043,-15.7794978713347
-44.5244880823043,-16.0600899713347
-44.5109880823043,-16.0367072963347
-44.4974880823043,-16.0133246213347
-44.4839880823043,-15.9899419463347
-44.4704880823043,-15.9665592713347
-44.4569880823043,-15.9431765963347
-44.4434880823043,-15.9197939213347
-45.2129880823043,-15.7093498463347
-45.2264880823043,-15.7327325213347
-45.2399880823043,-15.7561151963347
-44.4569880823043,-15.9899419463347
-44.4434880823043,-15.9665592713347
-44.4299880823043,-15.9431765963347
-44.4164880823043,-15.9197939213347
