-44.7264946411965,-17.4955708560094
-44.6994946411965,-17.4955708560094
-44.7129946411965,-17.4721881810094
-44.7399946411965,-17.4721881810094
-44.7534946411965,-17.4955708560094
-44.7399946411965,-17.5189535310094
-44.7129946411965,-17.5189535310094
-44.6724946411965,-17.4955708560094
-44.6994946411965,-17.4488055060094
-44.7804946411965,-17.4955708560094
-44.7534946411965,-17.5423362060094
-44.6994946411965,-17.5423362060094
-44.6859946411965,-17.4721881810094
-44.7264946411965,-17.4488055060094
-44.7669946411965,-17.4721881810094
-44.7669946411965,-17.5189535310094
-44.7264946411965,-17.5423362060094
-44.6859946411965,-17.5189535310094
-44.6454946411965,-17.4955708560094
-44.6859946411965,-17.4254228310094
-44.8074946411965,-17.4955708560094
-44.7669946411965,-17.5657188810094
-44.6859946411965,-17.5657188810094
-44.6589946411965,-17.4721881810094
-44.6724946411965,-17.4488055060094
-44.7129946411965,-17.4254228310094
-44.7399946411965,-17.4254228310094
-44.7939946411965,-17.5189535310094
-44.7804946411965,-17.5423362060094
-44.7399946411965,-17.5657188810094
-44.7129946411965,-17.5657188810094
-44.6724946411965,-17.5423362060094
-44.6589946411965,-17.5189535310094
-44.6184946411965,-17.4955708560094
-44.6724946411965,-17.4020401560094
-44.8344946411965,-17.4955708560094
-44.7804946411965,-17.5891015560094
-44.6724946411965,-17.5891015560094
-44.6319946411965,-17.4721881810094
-44.6454946411965,-17.4488055060094
-44.6589946411965,-17.4254228310094
-44.6994946411965,-17.4020401560094
-44.7264946411965,-17.4020401560094
-44.7534946411965,-17.4020401560094
-44.8209946411965,-17.5189535310094
-44.8074946411965,-17.5423362060094
-44.7939946411965,-17.5657188810094
-44.7534946411965,-17.5891015560094
-44.7264946411965,-17.5891015560094
-44.6994946411965,-17.5891015560094
-44.6589946411965,-17.5657188810094
-44.6454946411965,-17.5423362060094
-44.6319946411965,-17.5189535310094
-44.5914946411965,-17.4955708560094
-44.6589946411965,-17.3786574810094
-44.7939946411965,-17.6124842310094
-44.6589946411965,-17.6124842310094
-44.6049946411965,-17.4721881810094
-44.6184946411965,-17.4488055060094
-44.6319946411965,-17.4254228310094
-44.6454946411965,-17.4020401560094
-44.6859946411965,-17.3786574810094
-44.7129946411965,-17.3786574810094
-44.7399946411965,-17.3786574810094
-44.7669946411965,-17.3786574810094
-44.8344946411965,-17.5423362060094
-44.8209946411965,-17.5657188810094
-44.8074946411965,-17.5891015560094
-44.7669946411965,-17.6124842310094
-44.7399946411965,-17.6124842310094
-44.7129946411965,-17.6124842310094
-44.6859946411965,-17.6124842310094
-44.6454946411965,-17.5891015560094
-44.6319946411965,-17.5657188810094
-44.6184946411965,-17.5423362060094
-44.6049946411965,-17.5189535310094
-44.5644946411965,-17.4955708560094
-44.6454946411965,-17.3552748060094
-44.8074946411965,-17.6358669060094
-44.6454946411965,-17.6358669060094
-44.5779946411965,-17.4721881810094
-44.5914946411965,-17.4488055060094
-44.6049946411965,-17.4254228310094
-44.6184946411965,-17.4020401560094
-44.6319946411965,-17.3786574810094
-44.6724946411965,-17.3552748060094
-44.6994946411965,-17.3552748060094
-44.7264946411965,-17.3552748060094
-44.7534946411965,-17.3552748060094
-44.7804946411965,-17.3552748060094
-44.8479946411965,-17.5657188810094
-44.8344946411965,-17.5891015560094
-44.8209946411965,-17.6124842310094
-44.7804946411965,-17.6358669060094
-44.7534946411965,-17.6358669060094
-44.7264946411965,-17.6358669060094
-44.6994946411965,-17.6358669060094
-44.6724946411965,-17.6358669060094
-44.6319946411965,-17.6124842310094
-44.6184946411965,-17.5891015560094
-44.6049946411965,-17.5657188810094
-44.5914946411965,-17.5423362060094
-44.5779946411965,-17.5189535310094
-44.5374946411965,-17.4955708560094
-44.6319946411965,-17.3318921310094
-44.8209946411965,-17.6592495810094
-44.6319946411965,-17.6592495810094
-44.5509946411965,-17.4721881810094
-44.5644946411965,-17.4488055060094
-44.5779946411965,-17.4254228310094
-44.5914946411965,-17.4020401560094
-44.6589946411965,-17.3318921310094
-44.6859946411965,-17.3318921310094
-44.7129946411965,-17.3318921310094
-44.7399946411965,-17.3318921310094
-44.7669946411965,-17.3318921310094
-44.7939946411965,-17.3318921310094
-44.8749946411965,-17.5657188810094
-44.8614946411965,-17.5891015560094
-44.8479946411965,-17.6124842310094
-44.8344946411965,-17.6358669060094
-44.7939946411965,-17.6592495810094
-44.7669946411965,-17.6592495810094
-44.7399946411965,-17.6592495810094
-44.7129946411965,-17.6592495810094
-44.6859946411965,-17.6592495810094
-44.6589946411965,-17.6592495810094
-44.6184946411965,-17.6358669060094
-44.6049946411965,-17.6124842310094
-44.5914946411965,-17.5891015560094
-44.5779946411965,-17.5657188810094
-44.5644946411965,-17.5423362060094
-44.5509946411965,-17.5189535310094
-44.5104946411965,-17.4955708560094
-44.8344946411965,-17.6826322560094
-44.6184946411965,-17.6826322560094
-44.5239946411965,-17.4721881810094
-44.5374946411965,-17.4488055060094
-44.5509946411965,-17.4254228310094
-44.5644946411965,-17.4020401560094
-44.5779946411965,-17.3786574810094
-44.6454946411965,-17.3085094560094
-44.6724946411965,-17.3085094560094
-44.6994946411965,-17.3085094560094
-44.7264946411965,-17.3085094560094
-44.7534946411965,-17.3085094560094
-44.7804946411965,-17.3085094560094
-44.9019946411965,-17.5657188810094
-44.8884946411965,-17.5891015560094
-44.8749946411965,-17.6124842310094
-44.8614946411965,-17.6358669060094
-44.8479946411965,-17.6592495810094
-44.8074946411965,-17.6826322560094
-44.7804946411965,-17.6826322560094
-44.7534946411965,-17.6826322560094
-44.7264946411965,-17.6826322560094
-44.6994946411965,-17.6826322560094
-44.6724946411965,-17.6826322560094
-44.6454946411965,-17.6826322560094
-44.6049946411965,-17.6592495810094
-44.5914946411965,-17.6358669060094
-44.5779946411965,-17.6124842310094
-44.5644946411965,-17.5891015560094
-44.5509946411965,-17.5657188810094
-44.5374946411965,-17.5423362060094
-44.5239946411965,-17.5189535310094
-44.4834946411965,-17.4955708560094
-44.8479946411965,-17.7060149310094
-44.6049946411965,-17.7060149310094
-44.4969946411965,-17.4721881810094
-44.5104946411965,-17.4488055060094
-44.5239946411965,-17.4254228310094
-44.6589946411965,-17.2851267810094
-44.6859946411965,-17.2851267810094
-44.7129946411965,-17.2851267810094
-44.7399946411965,-17.2851267810094
-44.7669946411965,-17.2851267810094
-44.9289946411965,-17.5657188810094
-44.9154946411965,-17.5891015560094
-44.9019946411965,-17.6124842310094
-44.8884946411965,-17.6358669060094
-44.8749946411965,-17.6592495810094
-44.8614946411965,-17.6826322560094
-44.8209946411965,-17.7060149310094
-44.7939946411965,-17.7060149310094
-44.7669946411965,-17.7060149310094
-44.7399946411965,-17.7060149310094
-44.6319946411965,-17.7060149310094
-44.5914946411965,-17.6826322560094
-44.5779946411965,-17.6592495810094
-44.5509946411965,-17.6124842310094
-44.5374946411965,-17.5891015560094
-44.5239946411965,-17.5657188810094
-44.5104946411965,-17.5423362060094
-44.4969946411965,-17.5189535310094
-44.4564946411965,-17.4955708560094
-44.8614946411965,-17.7293976060094
-44.4699946411965,-17.4721881810094
-44.4834946411965,-17.4488055060094
-44.6724946411965,-17.2617441060094
-44.6994946411965,-17.2617441060094
-44.7264946411965,-17.2617441060094
-44.7534946411965,-17.2617441060094
-44.7804946411965,-17.2617441060094
-44.9694946411965,-17.5423362060094
-44.9559946411965,-17.5657188810094
-44.9424946411965,-17.5891015560094
-44.9289946411965,-17.6124842310094
-44.9154946411965,-17.6358669060094
-44.9019946411965,-17.6592495810094
-44.8884946411965,-17.6826322560094
-44.8749946411965,-17.7060149310094
-44.8344946411965,-17.7293976060094
-44.8074946411965,-17.7293976060094
-44.7804946411965,-17.7293976060094
-44.7534946411965,-17.7293976060094
-44.6454946411965,-17.7293976060094
-44.6184946411965,-17.7293976060094
-44.5104946411965,-17.5891015560094
-44.4969946411965,-17.5657188810094
-44.4834946411965,-17.5423362060094
-44.4699946411965,-17.5189535310094
-44.8749946411965,-17.7527802810094
-44.4429946411965,-17.4721881810094
-44.6859946411965,-17.2383614310094
-44.7129946411965,-17.2383614310094
-44.7399946411965,-17.2383614310094
-44.7669946411965,-17.2383614310094
-44.7939946411965,-17.2383614310094
-44.9829946411965,-17.5657188810094
-44.9694946411965,-17.5891015560094
-44.9559946411965,-17.6124842310094
-44.9424946411965,-17.6358669060094
-44.9289946411965,-17.6592495810094
-44.9154946411965,-17.6826322560094
-44.9019946411965,-17.7060149310094
-44.8884946411965,-17.7293976060094
-44.7669946411965,-17.7527802810094
-44.6319946411965,-17.7527802810094
-44.6049946411965,-17.7527802810094
-44.4834946411965,-17.5891015560094
-44.4699946411965,-17.5657188810094
-44.6994946411965,-17.2149787560094
-44.7264946411965,-17.2149787560094
-44.7534946411965,-17.2149787560094
-44.7804946411965,-17.2149787560094
-44.8074946411965,-17.2149787560094
-44.9964946411965,-17.5891015560094
-44.9829946411965,-17.6124842310094
-44.9694946411965,-17.6358669060094
-44.9559946411965,-17.6592495810094
-44.9424946411965,-17.6826322560094
-44.9289946411965,-17.7060149310094
-44.9154946411965,-17.7293976060094
-44.6184946411965,-17.7761629560094
-44.6859946411965,-17.1915960810094
-44.7129946411965,-17.1915960810094
-44.7399946411965,-17.1915960810094
-44.7669946411965,-17.1915960810094
-44.7939946411965,-17.1915960810094
-44.8209946411965,-17.1915960810094
-45.0099946411965,-17.6124842310094
-44.9964946411965,-17.6358669060094
-44.9829946411965,-17.6592495810094
-44.9694946411965,-17.6826322560094
-44.9559946411965,-17.7060149310094
-44.9424946411965,-17.7293976060094
-44.6724946411965,-17.1682134060094
-44.6994946411965,-17.1682134060094
-44.7264946411965,-17.1682134060094
-44.7534946411965,-17.1682134060094
-44.7804946411965,-17.1682134060094
-44.8074946411965,-17.1682134060094
-44.8344946411965,-17.1682134060094
-45.0369946411966,-17.6124842310094
-45.0234946411965,-17.6358669060094
-45.0099946411965,-17.6592495810094
-44.9964946411965,-17.6826322560094
-44.9829946411965,-17.7060149310094
-44.7129946411965,-17.1448307310094
-44.7399946411965,-17.1448307310094
-44.7669946411965,-17.1448307310094
-44.7939946411965,-17.1448307310094
-44.8209946411965,-17.1448307310094
-45.0099946411965,-17.7060149310094
-44.7264946411965,-17.1214480560094
-44.7534946411965,-17.1214480560094
-44.7804946411965,-17.1214480560094
-44.8074946411965,-17.1214480560094
-44.7129946411965,-17.0980653810094
-44.7399946411965,-17.0980653810094
-44.7669946411965,-17.0980653810094
-44.7804946411965,-17.0746827060094
