-46.8191116404253,-16.3747330011253
-46.7921116404253,-16.3747330011253
-46.8056116404253,-16.3513503261253
-46.8326116404253,-16.3513503261253
-46.8461116404253,-16.3747330011253
-46.8326116404253,-16.3981156761253
-46.8056116404253,-16.3981156761253
-46.7651116404253,-16.3747330011253
-46.7921116404253,-16.3279676511253
-46.8461116404253,-16.3279676511253
-46.8731116404253,-16.3747330011253
-46.8461116404253,-16.4214983511253
-46.7921116404253,-16.4214983511253
-46.7786116404253,-16.3513503261253
-46.8191116404253,-16.3279676511253
-46.8596116404253,-16.3513503261253
-46.8596116404253,-16.3981156761253
-46.8191116404253,-16.4214983511253
-46.7786116404253,-16.3981156761253
-46.7381116404253,-16.3747330011253
-46.7786116404253,-16.3045849761253
-46.8596116404253,-16.3045849761253
-46.9001116404253,-16.3747330011253
-46.8596116404253,-16.4448810261253
-46.7786116404253,-16.4448810261253
-46.7516116404253,-16.3513503261253
-46.7651116404253,-16.3279676511253
-46.8056116404253,-16.3045849761253
-46.8326116404253,-16.3045849761253
-46.8731116404253,-16.3279676511253
-46.8866116404253,-16.3513503261253
-46.8866116404253,-16.3981156761253
-46.8731116404253,-16.4214983511253
-46.8326116404253,-16.4448810261253
-46.8056116404253,-16.4448810261253
-46.7651116404253,-16.4214983511253
-46.7516116404253,-16.3981156761253
-46.7111116404253,-16.3747330011253
-46.7651116404253,-16.2812023011253
-46.8731116404253,-16.2812023011253
-46.9271116404253,-16.3747330011253
-46.8731116404253,-16.4682637011253
-46.7651116404253,-16.4682637011253
-46.7246116404253,-16.3513503261253
-46.7381116404253,-16.3279676511253
-46.7516116404253,-16.3045849761253
-46.7921116404253,-16.2812023011253
-46.8191116404253,-16.2812023011253
-46.8461116404253,-16.2812023011253
-46.8866116404253,-16.3045849761253
-46.9001116404253,-16.3279676511253
-46.9136116404253,-16.3513503261253
-46.9136116404253,-16.3981156761253
-46.9001116404253,-16.4214983511253
-46.8866116404253,-16.4448810261253
-46.8461116404253,-16.4682637011253
-46.8191116404253,-16.4682637011253
-46.7921116404253,-16.4682637011253
-46.7516116404253,-16.4448810261253
-46.7381116404253,-16.4214983511253
-46.7246116404253,-16.3981156761253
-46.6841116404253,-16.3747330011253
-46.7516116404253,-16.2578196261253
-46.8866116404253,-16.2578196261253
-46.9541116404253,-16.3747330011253
-46.8866116404253,-16.4916463761253
-46.7516116404253,-16.4916463761253
-46.6976116404253,-16.3513503261253
-46.7111116404253,-16.3279676511253
-46.7246116404253,-16.3045849761253
-46.7381116404253,-16.2812023011253
-46.7786116404253,-16.2578196261253
-46.8056116404253,-16.2578196261253
-46.8326116404253,-16.2578196261253
-46.8596116404253,-16.2578196261253
-46.9001116404253,-16.2812023011253
-46.9136116404253,-16.3045849761253
-46.9271116404253,-16.3279676511253
-46.9406116404253,-16.3513503261253
-46.9406116404253,-16.3981156761253
-46.9271116404253,-16.4214983511253
-46.9136116404253,-16.4448810261253
-46.9001116404253,-16.4682637011253
-46.8596116404253,-16.4916463761253
-46.8326116404253,-16.4916463761253
-46.8056116404253,-16.4916463761253
-46.7786116404253,-16.4916463761253
-46.7381116404253,-16.4682637011253
-46.7246116404253,-16.4448810261253
-46.7111116404253,-16.4214983511253
-46.6976116404253,-16.3981156761253
-46.6571116404253,-16.3747330011253
-46.7381116404253,-16.2344369511253
-46.9001116404253,-16.2344369511253
-46.9811116404253,-16.3747330011253
-46.9001116404253,-16.5150290511253
-46.7381116404253,-16.5150290511253
-46.6706116404253,-16.3513503261253
-46.6841116404253,-16.3279676511253
-46.6976116404253,-16.3045849761253
-46.7111116404253,-16.2812023011253
-46.7246116404253,-16.2578196261253
-46.7651116404253,-16.2344369511253
-46.7921116404253,-16.2344369511253
-46.8191116404253,-16.2344369511253
-46.8461116404253,-16.2344369511253
-46.8731116404253,-16.2344369511253
-46.9136116404253,-16.2578196261253
-46.9271116404253,-16.2812023011253
-46.9406116404253,-16.3045849761253
-46.9541116404253,-16.3279676511253
-46.9676116404253,-16.3513503261253
-46.9676116404253,-16.3981156761253
-46.9541116404253,-16.4214983511253
-46.9406116404253,-16.4448810261253
-46.9271116404253,-16.4682637011253
-46.9136116404253,-16.4916463761253
-46.8731116404253,-16.5150290511253
-46.8461116404253,-16.5150290511253
-46.8191116404253,-16.5150290511253
-46.7921116404253,-16.5150290511253
-46.7651116404253,-16.5150290511253
-46.7246116404253,-16.4916463761253
-46.7111116404253,-16.4682637011253
-46.6976116404253,-16.4448810261253
-46.6841116404253,-16.4214983511253
-46.6706116404253,-16.3981156761253
-46.6301116404253,-16.3747330011253
-46.7246116404253,-16.2110542761253
-46.9136116404253,-16.2110542761253
-47.0081116404253,-16.3747330011253
-46.9136116404253,-16.5384117261253
-46.7246116404253,-16.5384117261253
-46.6436116404253,-16.3513503261253
-46.6571116404253,-16.3279676511253
-46.6706116404253,-16.3045849761253
-46.6841116404253,-16.2812023011253
-46.6976116404253,-16.2578196261253
-46.7111116404253,-16.2344369511253
-46.7516116404253,-16.2110542761253
-46.7786116404253,-16.2110542761253
-46.8056116404253,-16.2110542761253
-46.8326116404253,-16.2110542761253
-46.8596116404253,-16.2110542761253
-46.8866116404253,-16.2110542761253
-46.9271116404253,-16.2344369511253
-46.9406116404253,-16.2578196261253
-46.9541116404253,-16.2812023011253
-46.9676116404253,-16.3045849761253
-46.9811116404253,-16.3279676511253
-46.9946116404253,-16.3513503261253
-46.9946116404253,-16.3981156761253
-46.9811116404253,-16.4214983511253
-46.9676116404253,-16.4448810261253
-46.9541116404253,-16.4682637011253
-46.9406116404253,-16.4916463761253
-46.9271116404253,-16.5150290511253
-46.8866116404253,-16.5384117261253
-46.8596116404253,-16.5384117261253
-46.8326116404253,-16.5384117261253
-46.8056116404253,-16.5384117261253
-46.7786116404253,-16.5384117261253
-46.7516116404253,-16.5384117261253
-46.7111116404253,-16.5150290511253
-46.6976116404253,-16.4916463761253
-46.6841116404253,-16.4682637011253
-46.6706116404253,-16.4448810261253
-46.6571116404253,-16.4214983511253
-46.6436116404253,-16.3981156761253
-46.6031116404253,-16.3747330011253
-46.7111116404253,-16.1876716011253
-46.9271116404253,-16.1876716011253
-47.0351116404253,-16.3747330011253
-46.9271116404253,-16.5617944011253
-46.7111116404253,-16.5617944011253
-46.6166116404253,-16.3513503261253
-46.6301116404253,-16.3279676511253
-46.6436116404253,-16.3045849761253
-46.6571116404253,-16.2812023011253
-46.6706116404253,-16.2578196261253
-46.6841116404253,-16.2344369511253
-46.6976116404253,-16.2110542761253
-46.7381116404253,-16.1876716011253
-46.7651116404253,-16.1876716011253
-46.7921116404253,-16.1876716011253
-46.8191116404253,-16.1876716011253
-46.8461116404253,-16.1876716011253
-46.8731116404253,-16.1876716011253
-46.9001116404253,-16.1876716011253
-46.9406116404253,-16.2110542761253
-46.9541116404253,-16.2344369511253
-46.9676116404253,-16.2578196261253
-46.9811116404253,-16.2812023011253
-46.9946116404253,-16.3045849761253
-47.0081116404253,-16.3279676511253
-47.0216116404253,-16.3513503261253
-47.0216116404253,-16.3981156761253
-47.0081116404253,-16.4214983511253
-46.9946116404253,-16.4448810261253
-46.9811116404253,-16.4682637011253
-46.9676116404253,-16.4916463761253
-46.9541116404253,-16.5150290511253
-46.9406116404253,-16.5384117261253
-46.9001116404253,-16.5617944011253
-46.8731116404253,-16.5617944011253
-46.8461116404253,-16.5617944011253
-46.8191116404253,-16.5617944011253
-46.7921116404253,-16.5617944011253
-46.7651116404253,-16.5617944011253
-46.7381116404253,-16.5617944011253
-46.6976116404253,-16.5384117261253
-46.6841116404253,-16.5150290511253
-46.6706116404253,-16.4916463761253
-46.6571116404253,-16.4682637011253
-46.6436116404253,-16.4448810261253
-46.6301116404253,-16.4214983511253
-46.6166116404253,-16.3981156761253
-46.5761116404253,-16.3747330011253
-46.6976116404253,-16.1642889261253
-46.9406116404253,-16.1642889261253
-47.0621116404253,-16.3747330011253
-46.9406116404253,-16.5851770761253
-46.6976116404253,-16.5851770761253
-46.5896116404253,-16.3513503261253
-46.6031116404253,-16.3279676511253
-46.6166116404253,-16.3045849761253
-46.6301116404253,-16.2812023011253
-46.6436116404253,-16.2578196261253
-46.6571116404253,-16.2344369511253
-46.6706116404253,-16.2110542761253
-46.6841116404253,-16.1876716011253
-46.7246116404253,-16.1642889261253
-46.7516116404253,-16.1642889261253
-46.7786116404253,-16.1642889261253
-46.8056116404253,-16.1642889261253
-46.8326116404253,-16.1642889261253
-46.8596116404253,-16.1642889261253
-46.8866116404253,-16.1642889261253
-46.9136116404253,-16.1642889261253
-46.9541116404253,-16.1876716011253
-46.9676116404253,-16.2110542761253
-46.9811116404253,-16.2344369511253
-46.9946116404253,-16.2578196261253
-47.0081116404253,-16.2812023011253
-47.0216116404253,-16.3045849761253
-47.0351116404253,-16.3279676511253
-47.0486116404253,-16.3513503261253
-47.0486116404253,-16.3981156761253
-47.0351116404253,-16.4214983511253
-47.0216116404253,-16.4448810261253
-47.0081116404253,-16.4682637011253
-46.9946116404253,-16.4916463761253
-46.9811116404253,-16.5150290511253
-46.9676116404253,-16.5384117261253
-46.9541116404253,-16.5617944011253
-46.9136116404253,-16.5851770761253
-46.8866116404253,-16.5851770761253
-46.8596116404253,-16.5851770761253
-46.8326116404253,-16.5851770761253
-46.8056116404253,-16.5851770761253
-46.7786116404253,-16.5851770761253
-46.7516116404253,-16.5851770761253
-46.7246116404253,-16.5851770761253
-46.6841116404253,-16.5617944011253
-46.6706116404253,-16.5384117261253
-46.6571116404253,-16.5150290511253
-46.6436116404253,-16.4916463761253
-46.6301116404253,-16.4682637011253
-46.6166116404253,-16.4448810261253
-46.6031116404253,-16.4214983511253
-46.5896116404253,-16.3981156761253
-46.5491116404253,-16.3747330011253
-46.6841116404253,-16.1409062511253
-46.9541116404253,-16.1409062511253
-47.0891116404253,-16.3747330011253
-46.9541116404253,-16.6085597511253
-46.6841116404253,-16.6085597511253
-46.5626116404253,-16.3513503261253
-46.5761116404253,-16.3279676511253
-46.5896116404253,-16.3045849761253
-46.6031116404253,-16.2812023011253
-46.6166116404253,-16.2578196261253
-46.6301116404253,-16.2344369511253
-46.6436116404253,-16.2110542761253
-46.6571116404253,-16.1876716011253
-46.6706116404253,-16.1642889261253
-46.7111116404253,-16.1409062511253
-46.7381116404253,-16.1409062511253
-46.7651116404253,-16.1409062511253
-46.7921116404253,-16.1409062511253
-46.8191116404253,-16.1409062511253
-46.8461116404253,-16.1409062511253
-46.8731116404253,-16.1409062511253
-46.9001116404253,-16.1409062511253
-46.9271116404253,-16.1409062511253
-46.9676116404253,-16.1642889261253
-46.9811116404253,-16.1876716011253
-46.9946116404253,-16.2110542761253
-47.0081116404253,-16.2344369511253
-47.0216116404253,-16.2578196261253
-47.0351116404253,-16.2812023011253
-47.0486116404253,-16.3045849761253
-47.0621116404253,-16.3279676511253
-47.0756116404253,-16.3513503261253
-47.0756116404253,-16.3981156761253
-47.0621116404253,-16.4214983511253
-47.0486116404253,-16.4448810261253
-47.0351116404253,-16.4682637011253
-47.0216116404253,-16.4916463761253
-47.0081116404253,-16.5150290511253
-46.9946116404253,-16.5384117261253
-46.9811116404253,-16.5617944011253
-46.9676116404253,-16.5851770761253
-46.9271116404253,-16.6085597511253
-46.9001116404253,-16.6085597511253
-46.8731116404253,-16.6085597511253
-46.8461116404253,-16.6085597511253
-46.8191116404253,-16.6085597511253
-46.7921116404253,-16.6085597511253
-46.7651116404253,-16.6085597511253
-46.7381116404253,-16.6085597511253
-46.7111116404253,-16.6085597511253
-46.6706116404253,-16.5851770761253
-46.6571116404253,-16.5617944011253
-46.6436116404253,-16.5384117261253
-46.6301116404253,-16.5150290511253
-46.6166116404253,-16.4916463761253
-46.6031116404253,-16.4682637011253
-46.5896116404253,-16.4448810261253
-46.5761116404253,-16.4214983511253
-46.5626116404253,-16.3981156761253
-46.5221116404253,-16.3747330011253
-46.6706116404253,-16.1175235761253
-46.9676116404253,-16.1175235761253
-47.1161116404253,-16.3747330011253
-46.9676116404253,-16.6319424261253
-46.6706116404253,-16.6319424261253
-46.5356116404253,-16.3513503261253
-46.5491116404253,-16.3279676511253
-46.5626116404253,-16.3045849761253
-46.5761116404253,-16.2812023011253
-46.5896116404253,-16.2578196261253
-46.6031116404253,-16.2344369511253
-46.6166116404253,-16.2110542761253
-46.6301116404253,-16.1876716011253
-46.6436116404253,-16.1642889261253
-46.6571116404253,-16.1409062511253
-46.6976116404253,-16.1175235761253
-46.7246116404253,-16.1175235761253
-46.7516116404253,-16.1175235761253
-46.7786116404253,-16.1175235761253
-46.8056116404253,-16.1175235761253
-46.8326116404253,-16.1175235761253
-46.8596116404253,-16.1175235761253
-46.8866116404253,-16.1175235761253
-46.9811116404253,-16.1409062511253
-46.9946116404253,-16.1642889261253
-47.0081116404253,-16.1876716011253
-47.0216116404253,-16.2110542761253
-47.0351116404253,-16.2344369511253
-47.0486116404253,-16.2578196261253
-47.0621116404253,-16.2812023011253
-47.0756116404253,-16.3045849761253
-47.0891116404253,-16.3279676511253
-47.1026116404253,-16.3513503261253
-47.1026116404253,-16.3981156761253
-47.0891116404253,-16.4214983511253
-47.0756116404253,-16.4448810261253
-47.0621116404253,-16.4682637011253
-47.0486116404253,-16.4916463761253
-47.0351116404253,-16.5150290511253
-47.0216116404253,-16.5384117261253
-47.0081116404253,-16.5617944011253
-46.9946116404253,-16.5851770761253
-46.9811116404253,-16.6085597511253
-46.9406116404253,-16.6319424261253
-46.9136116404253,-16.6319424261253
-46.8866116404253,-16.6319424261253
-46.8596116404253,-16.6319424261253
-46.8326116404253,-16.6319424261253
-46.8056116404253,-16.6319424261253
-46.7786116404253,-16.6319424261253
-46.7516116404253,-16.6319424261253
-46.7246116404253,-16.6319424261253
-46.6976116404253,-16.6319424261253
-46.6571116404253,-16.6085597511253
-46.6436116404253,-16.5851770761253
-46.6301116404253,-16.5617944011253
-46.6166116404253,-16.5384117261253
-46.6031116404253,-16.5150290511253
-46.5896116404253,-16.4916463761253
-46.5761116404253,-16.4682637011253
-46.5626116404253,-16.4448810261253
-46.5491116404253,-16.4214983511253
-46.6571116404253,-16.0941409011253
-47.1431116404253,-16.3747330011253
-46.9811116404253,-16.6553251011253
-46.6571116404253,-16.6553251011253
-46.5221116404253,-16.3279676511253
-46.5356116404253,-16.3045849761253
-46.5491116404253,-16.2812023011253
-46.5626116404253,-16.2578196261253
-46.5761116404253,-16.2344369511253
-46.5896116404253,-16.2110542761253
-46.6031116404253,-16.1876716011253
-46.6166116404253,-16.1642889261253
-46.6301116404253,-16.1409062511253
-46.6436116404253,-16.1175235761253
-46.6841116404253,-16.0941409011253
-46.7111116404253,-16.0941409011253
-46.7381116404253,-16.0941409011253
-46.7651116404253,-16.0941409011253
-46.7921116404253,-16.0941409011253
-46.8191116404253,-16.0941409011253
-46.8461116404253,-16.0941409011253
-46.8731116404253,-16.0941409011253
-46.9001116404253,-16.0941409011253
-47.0351116404253,-16.1876716011253
-47.0486116404253,-16.2110542761253
-47.0621116404253,-16.2344369511253
-47.0756116404253,-16.2578196261253
-47.0891116404253,-16.2812023011253
-47.1026116404253,-16.3045849761253
-47.1161116404253,-16.3279676511253
-47.1296116404253,-16.3513503261253
-47.1296116404253,-16.3981156761253
-47.1161116404253,-16.4214983511253
-47.1026116404253,-16.4448810261253
-47.0891116404253,-16.4682637011253
-47.0756116404253,-16.4916463761253
-47.0621116404253,-16.5150290511253
-47.0486116404253,-16.5384117261253
-47.0351116404253,-16.5617944011253
-47.0216116404253,-16.5851770761253
-46.9271116404253,-16.6553251011253
-46.9001116404253,-16.6553251011253
-46.8731116404253,-16.6553251011253
-46.8461116404253,-16.6553251011253
-46.8191116404253,-16.6553251011253
-46.7921116404253,-16.6553251011253
-46.7651116404253,-16.6553251011253
-46.7381116404253,-16.6553251011253
-46.7111116404253,-16.6553251011253
-46.6841116404253,-16.6553251011253
-46.6436116404253,-16.6319424261253
-46.6301116404253,-16.6085597511253
-46.6166116404253,-16.5851770761253
-46.6031116404253,-16.5617944011253
-46.5896116404253,-16.5384117261253
-46.5761116404253,-16.5150290511253
-46.5626116404253,-16.4916463761253
-46.5491116404253,-16.4682637011253
-46.6436116404253,-16.0707582261253
-47.1701116404253,-16.3747330011253
-46.6436116404253,-16.6787077761253
-46.5086116404253,-16.3045849761253
-46.5221116404253,-16.2812023011253
-46.5356116404253,-16.2578196261253
-46.5491116404253,-16.2344369511253
-46.5626116404253,-16.2110542761253
-46.5761116404253,-16.1876716011253
-46.5896116404253,-16.1642889261253
-46.6031116404253,-16.1409062511253
-46.6166116404253,-16.1175235761253
-46.6301116404253,-16.0941409011253
-46.6706116404253,-16.0707582261253
-46.6976116404253,-16.0707582261253
-46.7246116404253,-16.0707582261253
-46.7516116404253,-16.0707582261253
-46.7786116404253,-16.0707582261253
-46.8056116404253,-16.0707582261253
-46.8326116404253,-16.0707582261253
-46.8596116404253,-16.0707582261253
-46.8866116404253,-16.0707582261253
-46.9136116404253,-16.0707582261253
-47.0621116404253,-16.1876716011253
-47.0756116404253,-16.2110542761253
-47.0891116404253,-16.2344369511253
-47.1026116404253,-16.2578196261253
-47.1161116404253,-16.2812023011253
-47.1296116404253,-16.3045849761253
-47.1431116404253,-16.3279676511253
-47.1566116404253,-16.3513503261253
-47.1566116404253,-16.3981156761253
-47.1431116404253,-16.4214983511253
-47.1296116404253,-16.4448810261253
-47.1161116404253,-16.4682637011253
-47.1026116404253,-16.4916463761253
-47.0891116404253,-16.5150290511253
-47.0756116404253,-16.5384117261253
-47.0621116404253,-16.5617944011253
-47.0486116404253,-16.5851770761253
-46.9406116404253,-16.6787077761253
-46.9136116404253,-16.6787077761253
-46.8866116404253,-16.6787077761253
-46.8596116404253,-16.6787077761253
-46.8326116404253,-16.6787077761253
-46.8056116404253,-16.6787077761253
-46.7786116404253,-16.6787077761253
-46.7516116404253,-16.6787077761253
-46.7246116404253,-16.6787077761253
-46.6976116404253,-16.6787077761253
-46.6706116404253,-16.6787077761253
-46.6301116404253,-16.6553251011253
-46.6166116404253,-16.6319424261253
-46.6031116404253,-16.6085597511253
-46.5896116404253,-16.5851770761253
-46.5761116404253,-16.5617944011253
-46.5626116404253,-16.5384117261253
-46.6301116404253,-16.0473755511253
-47.1971116404253,-16.3747330011253
-46.6301116404253,-16.7020904511253
-46.4816116404253,-16.3045849761253
-46.4951116404253,-16.2812023011253
-46.5086116404253,-16.2578196261253
-46.5221116404253,-16.2344369511253
-46.5356116404253,-16.2110542761253
-46.5491116404253,-16.1876716011253
-46.5626116404253,-16.1642889261253
-46.5761116404253,-16.1409062511253
-46.5896116404253,-16.1175235761253
-46.6031116404253,-16.0941409011253
-46.6166116404253,-16.0707582261253
-46.6571116404253,-16.0473755511253
-46.6841116404253,-16.0473755511253
-46.7111116404253,-16.0473755511253
-46.7381116404253,-16.0473755511253
-46.7651116404253,-16.0473755511253
-46.7921116404253,-16.0473755511253
-46.8191116404253,-16.0473755511253
-46.8461116404253,-16.0473755511253
-46.8731116404253,-16.0473755511253
-46.9001116404253,-16.0473755511253
-47.1026116404253,-16.2110542761253
-47.1161116404253,-16.2344369511253
-47.1296116404253,-16.2578196261253
-47.1431116404253,-16.2812023011253
-47.1566116404253,-16.3045849761253
-47.1701116404253,-16.3279676511253
-47.1836116404253,-16.3513503261253
-47.1836116404253,-16.3981156761253
-47.1701116404253,-16.4214983511253
-47.1566116404253,-16.4448810261253
-47.1431116404253,-16.4682637011253
-47.1296116404253,-16.4916463761253
-47.1161116404253,-16.5150290511253
-47.1026116404253,-16.5384117261253
-47.0891116404253,-16.5617944011253
-47.0756116404253,-16.5851770761253
-47.0621116404253,-16.6085597511253
-46.9271116404253,-16.7020904511253
-46.9001116404253,-16.7020904511253
-46.8731116404253,-16.7020904511253
-46.8461116404253,-16.7020904511253
-46.8191116404253,-16.7020904511253
-46.7921116404253,-16.7020904511253
-46.7651116404253,-16.7020904511253
-46.7381116404253,-16.7020904511253
-46.7111116404253,-16.7020904511253
-46.6841116404253,-16.7020904511253
-46.6571116404253,-16.7020904511253
-46.6166116404253,-16.6787077761253
-46.6031116404253,-16.6553251011253
-46.5896116404253,-16.6319424261253
-46.5761116404253,-16.6085597511253
-46.5626116404253,-16.5851770761253
-46.6166116404253,-16.0239928761253
-47.2241116404253,-16.3747330011253
-46.6166116404253,-16.7254731261253
-46.4681116404253,-16.2812023011253
-46.4816116404253,-16.2578196261253
-46.4951116404253,-16.2344369511253
-46.5086116404253,-16.2110542761253
-46.5221116404253,-16.1876716011253
-46.5356116404253,-16.1642889261253
-46.5491116404253,-16.1409062511253
-46.5626116404253,-16.1175235761253
-46.5761116404253,-16.0941409011253
-46.5896116404253,-16.0707582261253
-46.6031116404253,-16.0473755511253
-46.6436116404253,-16.0239928761253
-46.6706116404253,-16.0239928761253
-46.6976116404253,-16.0239928761253
-46.7246116404253,-16.0239928761253
-46.7516116404253,-16.0239928761253
-46.7786116404253,-16.0239928761253
-46.8056116404253,-16.0239928761253
-46.8326116404253,-16.0239928761253
-46.8596116404253,-16.0239928761253
-46.8866116404253,-16.0239928761253
-46.9136116404253,-16.0239928761253
-47.1296116404253,-16.2110542761253
-47.1431116404253,-16.2344369511253
-47.1566116404253,-16.2578196261253
-47.1701116404253,-16.2812023011253
-47.1836116404253,-16.3045849761253
-47.1971116404253,-16.3279676511253
-47.2106116404253,-16.3513503261253
-47.2106116404253,-16.3981156761253
-47.1971116404253,-16.4214983511253
-47.1836116404253,-16.4448810261253
-47.1701116404253,-16.4682637011253
-47.1566116404253,-16.4916463761253
-47.1431116404253,-16.5150290511253
-47.1296116404253,-16.5384117261253
-47.1161116404253,-16.5617944011253
-47.1026116404253,-16.5851770761253
-47.0891116404253,-16.6085597511253
-47.0756116404253,-16.6319424261253
-46.9136116404253,-16.7254731261253
-46.8866116404253,-16.7254731261253
-46.8596116404253,-16.7254731261253
-46.8326116404253,-16.7254731261253
-46.8056116404253,-16.7254731261253
-46.7786116404253,-16.7254731261253
-46.7516116404253,-16.7254731261253
-46.7246116404253,-16.7254731261253
-46.6976116404253,-16.7254731261253
-46.6706116404253,-16.7254731261253
-46.6436116404253,-16.7254731261253
-46.6031116404253,-16.7020904511253
-46.5896116404253,-16.6787077761253
-46.5761116404253,-16.6553251011253
-46.5626116404253,-16.6319424261253
-46.6031116404253,-16.0006102011253
-47.2511116404253,-16.3747330011253
-46.6031116404253,-16.7488558011253
-46.4411116404253,-16.2812023011253
-46.4546116404253,-16.2578196261253
-46.4681116404253,-16.2344369511253
-46.4816116404253,-16.2110542761253
-46.4951116404253,-16.1876716011253
-46.5086116404253,-16.1642889261253
-46.5221116404253,-16.1409062511253
-46.5356116404253,-16.1175235761253
-46.5491116404253,-16.0941409011253
-46.5626116404253,-16.0707582261253
-46.5761116404253,-16.0473755511253
-46.5896116404253,-16.0239928761253
-46.6301116404253,-16.0006102011253
-46.6571116404253,-16.0006102011253
-46.6841116404253,-16.0006102011253
-46.7111116404253,-16.0006102011253
-46.7381116404253,-16.0006102011253
-46.7651116404253,-16.0006102011253
-46.7921116404253,-16.0006102011253
-46.8191116404253,-16.0006102011253
-46.8461116404253,-16.0006102011253
-46.8731116404253,-16.0006102011253
-46.9001116404253,-16.0006102011253
-46.9271116404253,-16.0006102011253
-47.1566116404253,-16.2110542761253
-47.1701116404253,-16.2344369511253
-47.1836116404253,-16.2578196261253
-47.1971116404253,-16.2812023011253
-47.2106116404253,-16.3045849761253
-47.2241116404253,-16.3279676511253
-47.2376116404253,-16.3513503261253
-47.2376116404253,-16.3981156761253
-47.2241116404253,-16.4214983511253
-47.2106116404253,-16.4448810261253
-47.1971116404253,-16.4682637011253
-47.1836116404253,-16.4916463761253
-47.1701116404253,-16.5150290511253
-47.1566116404253,-16.5384117261253
-47.1431116404253,-16.5617944011253
-47.1296116404253,-16.5851770761253
-47.1161116404253,-16.6085597511253
-47.1026116404253,-16.6319424261253
-46.9271116404253,-16.7488558011253
-46.9001116404253,-16.7488558011253
-46.8731116404253,-16.7488558011253
-46.8461116404253,-16.7488558011253
-46.8191116404253,-16.7488558011253
-46.7921116404253,-16.7488558011253
-46.7651116404253,-16.7488558011253
-46.7381116404253,-16.7488558011253
-46.7111116404253,-16.7488558011253
-46.6841116404253,-16.7488558011253
-46.6571116404253,-16.7488558011253
-46.6301116404253,-16.7488558011253
-46.5896116404253,-16.7254731261253
-46.5761116404253,-16.7020904511253
-46.5626116404253,-16.6787077761253
-46.5491116404253,-16.6553251011253
-46.5896116404253,-15.9772275261253
-47.2781116404253,-16.3747330011253
-46.5896116404253,-16.7722384761253
-46.4276116404253,-16.2578196261253
-46.4411116404253,-16.2344369511253
-46.4546116404253,-16.2110542761253
-46.4681116404253,-16.1876716011253
-46.4816116404253,-16.1642889261253
-46.4951116404253,-16.1409062511253
-46.5086116404253,-16.1175235761253
-46.5221116404253,-16.0941409011253
-46.5356116404253,-16.0707582261253
-46.5491116404253,-16.0473755511253
-46.5626116404253,-16.0239928761253
-46.5761116404253,-16.0006102011253
-46.6166116404253,-15.9772275261253
-46.6436116404253,-15.9772275261253
-46.6706116404253,-15.9772275261253
-46.6976116404253,-15.9772275261253
-46.7246116404253,-15.9772275261253
-46.7516116404253,-15.9772275261253
-46.7786116404253,-15.9772275261253
-46.8056116404253,-15.9772275261253
-46.8326116404253,-15.9772275261253
-46.8596116404253,-15.9772275261253
-46.8866116404253,-15.9772275261253
-46.9136116404253,-15.9772275261253
-46.9406116404253,-15.9772275261253
-47.1836116404253,-16.2110542761253
-47.1971116404253,-16.2344369511253
-47.2106116404253,-16.2578196261253
-47.2241116404253,-16.2812023011253
-47.2376116404253,-16.3045849761253
-47.2511116404253,-16.3279676511253
-47.2646116404253,-16.3513503261253
-47.2646116404253,-16.3981156761253
-47.2511116404253,-16.4214983511253
-47.2376116404253,-16.4448810261253
-47.2241116404253,-16.4682637011253
-47.2106116404253,-16.4916463761253
-47.1971116404253,-16.5150290511253
-47.1836116404253,-16.5384117261253
-47.1701116404253,-16.5617944011253
-47.1566116404253,-16.5851770761253
-47.1431116404253,-16.6085597511253
-47.1296116404253,-16.6319424261253
-47.1161116404253,-16.6553251011253
-46.9406116404253,-16.7722384761253
-46.9136116404253,-16.7722384761253
-46.8866116404253,-16.7722384761253
-46.8596116404253,-16.7722384761253
-46.8326116404253,-16.7722384761253
-46.8056116404253,-16.7722384761253
-46.7786116404253,-16.7722384761253
-46.7516116404253,-16.7722384761253
-46.7246116404253,-16.7722384761253
-46.6976116404253,-16.7722384761253
-46.6706116404253,-16.7722384761253
-46.6436116404253,-16.7722384761253
-46.6166116404253,-16.7722384761253
-46.5761116404253,-16.7488558011253
-46.5626116404253,-16.7254731261253
-46.5491116404253,-16.7020904511253
-46.5356116404253,-16.6787077761253
-46.5221116404253,-16.6553251011253
-46.5761116404253,-15.9538448511253
-47.3051116404253,-16.3747330011253
-46.5761116404253,-16.7956211511253
-46.4006116404253,-16.2578196261253
-46.4141116404253,-16.2344369511253
-46.4276116404253,-16.2110542761253
-46.4411116404253,-16.1876716011253
-46.4546116404253,-16.1642889261253
-46.4681116404253,-16.1409062511253
-46.4816116404253,-16.1175235761253
-46.4951116404253,-16.0941409011253
-46.5086116404253,-16.0707582261253
-46.5221116404253,-16.0473755511253
-46.5356116404253,-16.0239928761253
-46.5491116404253,-16.0006102011253
-46.5626116404253,-15.9772275261253
-46.6031116404253,-15.9538448511253
-46.6301116404253,-15.9538448511253
-46.6571116404253,-15.9538448511253
-46.6841116404253,-15.9538448511253
-46.7111116404253,-15.9538448511253
-46.7381116404253,-15.9538448511253
-46.7651116404253,-15.9538448511253
-46.7921116404253,-15.9538448511253
-46.8191116404253,-15.9538448511253
-46.8461116404253,-15.9538448511253
-46.8731116404253,-15.9538448511253
-46.9001116404253,-15.9538448511253
-46.9271116404253,-15.9538448511253
-47.2106116404253,-16.2110542761253
-47.2241116404253,-16.2344369511253
-47.2376116404253,-16.2578196261253
-47.2511116404253,-16.2812023011253
-47.2646116404253,-16.3045849761253
-47.2781116404253,-16.3279676511253
-47.2916116404253,-16.3513503261253
-47.2916116404253,-16.3981156761253
-47.2781116404253,-16.4214983511253
-47.2646116404253,-16.4448810261253
-47.2511116404253,-16.4682637011253
-47.2376116404253,-16.4916463761253
-47.2241116404253,-16.5150290511253
-47.2106116404253,-16.5384117261253
-47.1971116404253,-16.5617944011253
-47.1836116404253,-16.5851770761253
-47.1701116404253,-16.6085597511253
-47.1566116404253,-16.6319424261253
-47.1431116404253,-16.6553251011253
-46.9001116404253,-16.7956211511253
-46.8731116404253,-16.7956211511253
-46.8461116404253,-16.7956211511253
-46.8191116404253,-16.7956211511253
-46.7921116404253,-16.7956211511253
-46.7651116404253,-16.7956211511253
-46.7381116404253,-16.7956211511253
-46.7111116404253,-16.7956211511253
-46.6841116404253,-16.7956211511253
-46.6571116404253,-16.7956211511253
-46.6301116404253,-16.7956211511253
-46.6031116404253,-16.7956211511253
-46.5626116404253,-16.7722384761253
-46.5491116404253,-16.7488558011253
-46.5356116404253,-16.7254731261253
-46.5221116404253,-16.7020904511253
-46.5086116404253,-16.6787077761253
-46.4951116404253,-16.6553251011253
-46.5626116404253,-15.9304621761253
-47.3321116404253,-16.3747330011253
-46.5626116404253,-16.8190038261253
-46.3736116404253,-16.2578196261253
-46.3871116404253,-16.2344369511253
-46.4006116404253,-16.2110542761253
-46.4141116404253,-16.1876716011253
-46.4276116404253,-16.1642889261253
-46.4411116404253,-16.1409062511253
-46.4546116404253,-16.1175235761253
-46.4681116404253,-16.0941409011253
-46.4816116404253,-16.0707582261253
-46.4951116404253,-16.0473755511253
-46.5086116404253,-16.0239928761253
-46.5221116404253,-16.0006102011253
-46.5356116404253,-15.9772275261253
-46.5491116404253,-15.9538448511253
-46.5896116404253,-15.9304621761253
-46.6166116404253,-15.9304621761253
-46.6436116404253,-15.9304621761253
-46.6706116404253,-15.9304621761253
-46.6976116404253,-15.9304621761253
-46.7246116404253,-15.9304621761253
-46.7516116404253,-15.9304621761253
-46.7786116404253,-15.9304621761253
-46.8056116404253,-15.9304621761253
-46.8326116404253,-15.9304621761253
-46.8596116404253,-15.9304621761253
-46.8866116404253,-15.9304621761253
-46.9136116404253,-15.9304621761253
-46.9406116404253,-15.9304621761253
-47.2511116404253,-16.2344369511253
-47.2646116404253,-16.2578196261253
-47.2781116404253,-16.2812023011253
-47.2916116404253,-16.3045849761253
-47.3051116404253,-16.3279676511253
-47.3186116404253,-16.3513503261253
-47.3186116404253,-16.3981156761253
-47.3051116404253,-16.4214983511253
-47.2916116404253,-16.4448810261253
-47.2781116404253,-16.4682637011253
-47.2646116404253,-16.4916463761253
-47.2511116404253,-16.5150290511253
-47.2376116404253,-16.5384117261253
-47.2241116404253,-16.5617944011253
-47.2106116404253,-16.5851770761253
-47.1971116404253,-16.6085597511253
-47.1836116404253,-16.6319424261253
-47.1701116404253,-16.6553251011253
-47.1566116404253,-16.6787077761253
-46.9136116404253,-16.8190038261253
-46.8866116404253,-16.8190038261253
-46.8596116404253,-16.8190038261253
-46.8326116404253,-16.8190038261253
-46.8056116404253,-16.8190038261253
-46.7786116404253,-16.8190038261253
-46.7516116404253,-16.8190038261253
-46.7246116404253,-16.8190038261253
-46.6166116404253,-16.8190038261253
-46.5896116404253,-16.8190038261253
-46.5491116404253,-16.7956211511253
-46.5356116404253,-16.7722384761253
-46.5221116404253,-16.7488558011253
-46.5086116404253,-16.7254731261253
-46.4951116404253,-16.7020904511253
-46.5491116404253,-15.9070795011253
-47.3591116404253,-16.3747330011253
-46.5491116404253,-16.8423865011253
-46.3331116404253,-16.2812023011253
-46.3466116404253,-16.2578196261253
-46.3601116404253,-16.2344369511253
-46.3736116404253,-16.2110542761253
-46.3871116404253,-16.1876716011253
-46.4006116404253,-16.1642889261253
-46.4141116404253,-16.1409062511253
-46.4276116404253,-16.1175235761253
-46.4411116404253,-16.0941409011253
-46.4546116404253,-16.0707582261253
-46.4681116404253,-16.0473755511253
-46.4816116404253,-16.0239928761253
-46.4951116404253,-16.0006102011253
-46.5086116404253,-15.9772275261253
-46.5221116404253,-15.9538448511253
-46.5356116404253,-15.9304621761253
-46.5761116404253,-15.9070795011253
-46.6031116404253,-15.9070795011253
-46.6301116404253,-15.9070795011253
-46.6571116404253,-15.9070795011253
-46.6841116404253,-15.9070795011253
-46.7111116404253,-15.9070795011253
-46.7381116404253,-15.9070795011253
-46.7651116404253,-15.9070795011253
-46.7921116404253,-15.9070795011253
-46.8191116404253,-15.9070795011253
-46.8461116404253,-15.9070795011253
-46.8731116404253,-15.9070795011253
-46.9001116404253,-15.9070795011253
-47.2781116404253,-16.2344369511253
-47.2916116404253,-16.2578196261253
-47.3051116404253,-16.2812023011253
-47.3186116404253,-16.3045849761253
-47.3321116404253,-16.3279676511253
-47.3456116404253,-16.3513503261253
-47.3456116404253,-16.3981156761253
-47.3321116404253,-16.4214983511253
-47.3186116404253,-16.4448810261253
-47.3051116404253,-16.4682637011253
-47.2916116404253,-16.4916463761253
-47.2781116404253,-16.5150290511253
-47.2646116404253,-16.5384117261253
-47.2511116404253,-16.5617944011253
-47.2376116404253,-16.5851770761253
-47.2241116404253,-16.6085597511253
-47.2106116404253,-16.6319424261253
-47.1971116404253,-16.6553251011253
-47.1836116404253,-16.6787077761253
-47.1701116404253,-16.7020904511253
-46.9001116404253,-16.8423865011253
-46.8731116404253,-16.8423865011253
-46.8461116404253,-16.8423865011253
-46.8191116404253,-16.8423865011253
-46.7921116404253,-16.8423865011253
-46.7651116404253,-16.8423865011253
-46.7381116404253,-16.8423865011253
-46.6031116404253,-16.8423865011253
-46.5761116404253,-16.8423865011253
-46.5356116404253,-16.8190038261253
-46.5221116404253,-16.7956211511253
-46.5086116404253,-16.7722384761253
-46.4951116404253,-16.7488558011253
-46.4816116404253,-16.7254731261253
-46.4681116404253,-16.7020904511253
-46.5356116404253,-15.8836968261253
-47.3861116404253,-16.3747330011253
-46.5356116404253,-16.8657691761253
-46.3196116404253,-16.2578196261253
-46.3871116404253,-16.1409062511253
-46.4006116404253,-16.1175235761253
-46.4141116404253,-16.0941409011253
-46.4276116404253,-16.0707582261253
-46.4411116404253,-16.0473755511253
-46.4546116404253,-16.0239928761253
-46.4681116404253,-16.0006102011253
-46.4816116404253,-15.9772275261253
-46.4951116404253,-15.9538448511253
-46.5086116404253,-15.9304621761253
-46.5221116404253,-15.9070795011253
-46.5626116404253,-15.8836968261253
-46.5896116404253,-15.8836968261253
-46.6166116404253,-15.8836968261253
-46.6436116404253,-15.8836968261253
-46.6706116404253,-15.8836968261253
-46.6976116404253,-15.8836968261253
-46.7246116404253,-15.8836968261253
-46.7516116404253,-15.8836968261253
-46.7786116404253,-15.8836968261253
-46.8056116404253,-15.8836968261253
-47.3051116404253,-16.2344369511253
-47.3186116404253,-16.2578196261253
-47.3321116404253,-16.2812023011253
-47.3456116404253,-16.3045849761253
-47.3591116404253,-16.3279676511253
-47.3726116404253,-16.3513503261253
-47.3726116404253,-16.3981156761253
-47.3591116404253,-16.4214983511253
-47.3456116404253,-16.4448810261253
-47.3321116404253,-16.4682637011253
-47.3186116404253,-16.4916463761253
-47.3051116404253,-16.5150290511253
-47.2916116404253,-16.5384117261253
-47.2781116404253,-16.5617944011253
-47.2646116404253,-16.5851770761253
-47.2511116404253,-16.6085597511253
-47.2376116404253,-16.6319424261253
-47.2241116404253,-16.6553251011253
-47.2106116404253,-16.6787077761253
-47.1971116404253,-16.7020904511253
-46.8866116404253,-16.8657691761253
-46.8596116404253,-16.8657691761253
-46.8326116404253,-16.8657691761253
-46.8056116404253,-16.8657691761253
-46.5626116404253,-16.8657691761253
-46.5221116404253,-16.8423865011253
-46.5086116404253,-16.8190038261253
-46.4951116404253,-16.7956211511253
-46.4816116404253,-16.7722384761253
-46.4681116404253,-16.7488558011253
-46.4546116404253,-16.7254731261253
-46.5221116404253,-15.8603141511253
-46.4276116404253,-16.0239928761253
-46.4411116404253,-16.0006102011253
-46.4546116404253,-15.9772275261253
-46.4681116404253,-15.9538448511253
-46.4816116404253,-15.9304621761253
-46.4951116404253,-15.9070795011253
-46.5086116404253,-15.8836968261253
-46.5491116404253,-15.8603141511253
-46.5761116404253,-15.8603141511253
-46.6031116404253,-15.8603141511253
-46.6301116404253,-15.8603141511253
-46.6571116404253,-15.8603141511253
-46.6841116404253,-15.8603141511253
-46.7111116404253,-15.8603141511253
-46.7381116404253,-15.8603141511253
-46.7651116404253,-15.8603141511253
-47.3186116404253,-16.2110542761253
-47.3996116404253,-16.3981156761253
-47.3861116404253,-16.4214983511253
-47.3726116404253,-16.4448810261253
-47.3591116404253,-16.4682637011253
-47.3456116404253,-16.4916463761253
-47.3321116404253,-16.5150290511253
-47.3186116404253,-16.5384117261253
-47.3051116404253,-16.5617944011253
-47.2916116404253,-16.5851770761253
-47.2781116404253,-16.6085597511253
-47.2646116404253,-16.6319424261253
-47.2511116404253,-16.6553251011253
-47.2376116404253,-16.6787077761253
-47.2241116404253,-16.7020904511253
-47.2106116404253,-16.7254731261253
-46.8461116404253,-16.8891518511253
-46.5086116404253,-16.8657691761253
-46.4951116404253,-16.8423865011253
-46.4816116404253,-16.8190038261253
-46.4681116404253,-16.7956211511253
-46.4546116404253,-16.7722384761253
-46.4411116404253,-16.7488558011253
-46.5086116404253,-15.8369314761253
-46.4141116404253,-16.0006102011253
-46.4276116404253,-15.9772275261253
-46.4411116404253,-15.9538448511253
-46.4546116404253,-15.9304621761253
-46.4681116404253,-15.9070795011253
-46.4816116404253,-15.8836968261253
-46.4951116404253,-15.8603141511253
-46.5356116404253,-15.8369314761253
-46.5626116404253,-15.8369314761253
-46.5896116404253,-15.8369314761253
-46.6166116404253,-15.8369314761253
-46.6436116404253,-15.8369314761253
-46.6706116404253,-15.8369314761253
-46.6976116404253,-15.8369314761253
-46.7246116404253,-15.8369314761253
-46.7516116404253,-15.8369314761253
-47.4266116404253,-16.3981156761253
-47.4131116404253,-16.4214983511253
-47.3996116404253,-16.4448810261253
-47.3861116404253,-16.4682637011253
-47.3726116404253,-16.4916463761253
-47.3591116404253,-16.5150290511253
-47.3456116404253,-16.5384117261253
-47.3321116404253,-16.5617944011253
-47.3186116404253,-16.5851770761253
-47.3051116404253,-16.6085597511253
-47.2916116404253,-16.6319424261253
-47.2781116404253,-16.6553251011253
-46.4816116404253,-16.8657691761253
-46.4681116404253,-16.8423865011253
-46.4546116404253,-16.8190038261253
-46.4411116404253,-16.7956211511253
-46.4276116404253,-16.7722384761253
-46.4006116404253,-15.9772275261253
-46.4546116404253,-15.8836968261253
-46.4681116404253,-15.8603141511253
-46.4816116404253,-15.8369314761253
-46.6031116404253,-15.8135488011253
-46.6301116404253,-15.8135488011253
-46.6571116404253,-15.8135488011253
-46.6841116404253,-15.8135488011253
-46.7111116404253,-15.8135488011253
-47.4266116404253,-16.4448810261253
-47.4131116404253,-16.4682637011253
-47.3996116404253,-16.4916463761253
-47.3861116404253,-16.5150290511253
-47.3726116404253,-16.5384117261253
-47.3591116404253,-16.5617944011253
-47.3456116404253,-16.5851770761253
-47.3321116404253,-16.6085597511253
-46.4681116404253,-16.8891518511253
-46.4546116404253,-16.8657691761253
-46.4411116404253,-16.8423865011253
-46.4276116404253,-16.8190038261253
-46.6436116404253,-15.7901661261253
-47.4401116404253,-16.4682637011253
-47.4266116404253,-16.4916463761253
-47.4131116404253,-16.5150290511253
-47.3996116404253,-16.5384117261253
-47.3861116404253,-16.5617944011253
-47.3726116404253,-16.5851770761253
-46.4411116404253,-16.8891518511253
-46.4276116404253,-16.8657691761253
-46.4141116404253,-16.8423865011253
-46.4006116404253,-16.8190038261253
-47.4536116404253,-16.4916463761253
-47.4401116404253,-16.5150290511253
-47.4266116404253,-16.5384117261253
-46.4141116404253,-16.8891518511253
-46.4006116404253,-16.8657691761253
-46.3871116404253,-16.8423865011253
-46.3871116404253,-16.8891518511253
-46.3736116404253,-16.8657691761253
-46.3736116404253,-16.9125345261253
-46.3601116404253,-16.8891518511253
-46.3466116404253,-16.9125345261253
-46.3331116404253,-16.8891518511253
-46.3331116404253,-16.9359172011253
-46.3196116404253,-16.9125345261253
-46.3061116404253,-16.8891518511253
-46.3061116404253,-16.9359172011253
-46.2926116404253,-16.9125345261253
-46.2791116404253,-16.9359172011253
-46.2656116404253,-16.9592998761253
-46.2521116404253,-16.9359172011253
-46.2386116404253,-16.9592998761253
-46.2116116404253,-16.9592998761253
