-47.9774429301496,-19.5793059910578
-47.9504429301496,-19.5793059910578
-47.9639429301496,-19.5559233160578
-47.9909429301497,-19.5559233160578
-48.0044429301497,-19.5793059910578
-47.9909429301497,-19.6026886660578
-47.9639429301496,-19.6026886660578
-47.9234429301496,-19.5793059910578
-47.9504429301496,-19.5325406410578
-48.0044429301497,-19.5325406410578
-48.0314429301497,-19.5793059910578
-48.0044429301497,-19.6260713410578
-47.9504429301496,-19.6260713410578
-47.9369429301496,-19.5559233160578
-47.9774429301496,-19.5325406410578
-48.0179429301497,-19.5559233160578
-48.0179429301497,-19.6026886660578
-47.9774429301496,-19.6260713410578
-47.9369429301496,-19.6026886660578
-47.8964429301496,-19.5793059910578
-47.9369429301496,-19.5091579660578
-48.0179429301497,-19.5091579660578
-48.0584429301497,-19.5793059910578
-48.0179429301497,-19.6494540160578
-47.9369429301496,-19.6494540160578
-47.9099429301496,-19.5559233160578
-47.9234429301496,-19.5325406410578
-47.9639429301496,-19.5091579660578
-47.9909429301497,-19.5091579660578
-48.0314429301497,-19.5325406410578
-48.0449429301497,-19.5559233160578
-48.0449429301497,-19.6026886660578
-48.0314429301497,-19.6260713410578
-47.9909429301497,-19.6494540160578
-47.9639429301496,-19.6494540160578
-47.9234429301496,-19.6260713410578
-47.9099429301496,-19.6026886660578
-47.8694429301496,-19.5793059910578
-47.9234429301496,-19.4857752910578
-48.0314429301497,-19.4857752910578
-48.0854429301497,-19.5793059910578
-48.0314429301497,-19.6728366910578
-47.9234429301496,-19.6728366910578
-47.8829429301496,-19.5559233160578
-47.8964429301496,-19.5325406410578
-47.9099429301496,-19.5091579660578
-47.9504429301496,-19.4857752910578
-47.9774429301496,-19.4857752910578
-48.0044429301497,-19.4857752910578
-48.0449429301497,-19.5091579660578
-48.0584429301497,-19.5325406410578
-48.0719429301497,-19.5559233160578
-48.0719429301497,-19.6026886660578
-48.0584429301497,-19.6260713410578
-48.0449429301497,-19.6494540160578
-48.0044429301497,-19.6728366910578
-47.9774429301496,-19.6728366910578
-47.9504429301496,-19.6728366910578
-47.9099429301496,-19.6494540160578
-47.8964429301496,-19.6260713410578
-47.8829429301496,-19.6026886660578
-47.8424429301496,-19.5793059910578
-47.9099429301496,-19.4623926160578
-48.0449429301497,-19.4623926160578
-48.1124429301497,-19.5793059910578
-48.0449429301497,-19.6962193660578
-47.9099429301496,-19.6962193660578
-47.8559429301496,-19.5559233160578
-47.8694429301496,-19.5325406410578
-47.8829429301496,-19.5091579660578
-47.8964429301496,-19.4857752910578
-47.9369429301496,-19.4623926160578
-47.9639429301496,-19.4623926160578
-47.9909429301497,-19.4623926160578
-48.0179429301497,-19.4623926160578
-48.0584429301497,-19.4857752910578
-48.0719429301497,-19.5091579660578
-48.0854429301497,-19.5325406410578
-48.0989429301497,-19.5559233160578
-48.0989429301497,-19.6026886660578
-48.0854429301497,-19.6260713410578
-48.0719429301497,-19.6494540160578
-48.0584429301497,-19.6728366910578
-48.0179429301497,-19.6962193660578
-47.9909429301497,-19.6962193660578
-47.9639429301496,-19.6962193660578
-47.9369429301496,-19.6962193660578
-47.8964429301496,-19.6728366910578
-47.8829429301496,-19.6494540160578
-47.8694429301496,-19.6260713410578
-47.8559429301496,-19.6026886660578
-47.8154429301496,-19.5793059910578
-47.8964429301496,-19.4390099410578
-48.0584429301497,-19.4390099410578
-48.1394429301497,-19.5793059910578
-48.0584429301497,-19.7196020410578
-47.8964429301496,-19.7196020410578
-47.8289429301496,-19.5559233160578
-47.8424429301496,-19.5325406410578
-47.8559429301496,-19.5091579660578
-47.8694429301496,-19.4857752910578
-47.8829429301496,-19.4623926160578
-47.9234429301496,-19.4390099410578
-47.9504429301496,-19.4390099410578
-47.9774429301496,-19.4390099410578
-48.0044429301497,-19.4390099410578
-48.0314429301497,-19.4390099410578
-48.0719429301497,-19.4623926160578
-48.0854429301497,-19.4857752910578
-48.0989429301497,-19.5091579660578
-48.1124429301497,-19.5325406410578
-48.1259429301497,-19.5559233160578
-48.1259429301497,-19.6026886660578
-48.1124429301497,-19.6260713410578
-48.0989429301497,-19.6494540160578
-48.0854429301497,-19.6728366910578
-48.0719429301497,-19.6962193660578
-48.0314429301497,-19.7196020410578
-48.0044429301497,-19.7196020410578
-47.9774429301496,-19.7196020410578
-47.9504429301496,-19.7196020410578
-47.9234429301496,-19.7196020410578
-47.8829429301496,-19.6962193660578
-47.8694429301496,-19.6728366910578
-47.8559429301496,-19.6494540160578
-47.8424429301496,-19.6260713410578
-47.8289429301496,-19.6026886660578
-47.7884429301496,-19.5793059910578
-47.8829429301496,-19.4156272660578
-48.0719429301497,-19.4156272660578
-48.0719429301497,-19.7429847160578
-47.8829429301496,-19.7429847160578
-47.8019429301496,-19.5559233160578
-47.8154429301496,-19.5325406410578
-47.8289429301496,-19.5091579660578
-47.8424429301496,-19.4857752910578
-47.8559429301496,-19.4623926160578
-47.8694429301496,-19.4390099410578
-47.9099429301496,-19.4156272660578
-47.9369429301496,-19.4156272660578
-47.9639429301496,-19.4156272660578
-47.9909429301497,-19.4156272660578
-48.0179429301497,-19.4156272660578
-48.0449429301497,-19.4156272660578
-48.0854429301497,-19.4390099410578
-48.0989429301497,-19.4623926160578
-48.1124429301497,-19.4857752910578
-48.1259429301497,-19.5091579660578
-48.1394429301497,-19.5325406410578
-48.1529429301497,-19.5559233160578
-48.1529429301497,-19.6026886660578
-48.1394429301497,-19.6260713410578
-48.1259429301497,-19.6494540160578
-48.1124429301497,-19.6728366910578
-48.0989429301497,-19.6962193660578
-48.0854429301497,-19.7196020410578
-48.0449429301497,-19.7429847160578
-48.0179429301497,-19.7429847160578
-47.9909429301497,-19.7429847160578
-47.9639429301496,-19.7429847160578
-47.9369429301496,-19.7429847160578
-47.9099429301496,-19.7429847160578
-47.8694429301496,-19.7196020410578
-47.8559429301496,-19.6962193660578
-47.8424429301496,-19.6728366910578
-47.8289429301496,-19.6494540160578
-47.8154429301496,-19.6260713410578
-47.8019429301496,-19.6026886660578
-47.7614429301496,-19.5793059910578
-47.8694429301496,-19.3922445910578
-48.0854429301497,-19.3922445910578
-48.0854429301497,-19.7663673910578
-47.8694429301496,-19.7663673910578
-47.7749429301496,-19.5559233160578
-47.7884429301496,-19.5325406410578
-47.8019429301496,-19.5091579660578
-47.8154429301496,-19.4857752910578
-47.8289429301496,-19.4623926160578
-47.8424429301496,-19.4390099410578
-47.8559429301496,-19.4156272660578
-47.8964429301496,-19.3922445910578
-47.9234429301496,-19.3922445910578
-47.9504429301496,-19.3922445910578
-47.9774429301496,-19.3922445910578
-48.0044429301497,-19.3922445910578
-48.0314429301497,-19.3922445910578
-48.0584429301497,-19.3922445910578
-48.0989429301497,-19.4156272660578
-48.1124429301497,-19.4390099410578
-48.1259429301497,-19.4623926160578
-48.1394429301497,-19.4857752910578
-48.1529429301497,-19.5091579660578
-48.1664429301497,-19.5325406410578
-48.1664429301497,-19.6260713410578
-48.1529429301497,-19.6494540160578
-48.1394429301497,-19.6728366910578
-48.1259429301497,-19.6962193660578
-48.1124429301497,-19.7196020410578
-48.0989429301497,-19.7429847160578
-48.0584429301497,-19.7663673910578
-48.0314429301497,-19.7663673910578
-48.0044429301497,-19.7663673910578
-47.9774429301496,-19.7663673910578
-47.9504429301496,-19.7663673910578
-47.9234429301496,-19.7663673910578
-47.8964429301496,-19.7663673910578
-47.8559429301496,-19.7429847160578
-47.8424429301496,-19.7196020410578
-47.8289429301496,-19.6962193660578
-47.8154429301496,-19.6728366910578
-47.8019429301496,-19.6494540160578
-47.7884429301496,-19.6260713410578
-47.7749429301496,-19.6026886660578
-47.7344429301496,-19.5793059910578
-47.8559429301496,-19.3688619160578
-48.0989429301497,-19.3688619160578
-48.0989429301497,-19.7897500660578
-47.8559429301496,-19.7897500660578
-47.7479429301496,-19.5559233160578
-47.7614429301496,-19.5325406410578
-47.7749429301496,-19.5091579660578
-47.7884429301496,-19.4857752910578
-47.8019429301496,-19.4623926160578
-47.8154429301496,-19.4390099410578
-47.8289429301496,-19.4156272660578
-47.8424429301496,-19.3922445910578
-47.8829429301496,-19.3688619160578
-47.9099429301496,-19.3688619160578
-47.9369429301496,-19.3688619160578
-47.9639429301496,-19.3688619160578
-47.9909429301497,-19.3688619160578
-48.0179429301497,-19.3688619160578
-48.0449429301497,-19.3688619160578
-48.0719429301497,-19.3688619160578
-48.1124429301497,-19.3922445910578
-48.1259429301497,-19.4156272660578
-48.1394429301497,-19.4390099410578
-48.1529429301497,-19.4623926160578
-48.1664429301497,-19.4857752910578
-48.1799429301497,-19.5091579660578
-48.1664429301497,-19.6728366910578
-48.1529429301497,-19.6962193660578
-48.1394429301497,-19.7196020410578
-48.1259429301497,-19.7429847160578
-48.1124429301497,-19.7663673910578
-48.0719429301497,-19.7897500660578
-48.0449429301497,-19.7897500660578
-48.0179429301497,-19.7897500660578
-47.9909429301497,-19.7897500660578
-47.9639429301496,-19.7897500660578
-47.9369429301496,-19.7897500660578
-47.9099429301496,-19.7897500660578
-47.8829429301496,-19.7897500660578
-47.8424429301496,-19.7663673910578
-47.8289429301496,-19.7429847160578
-47.8154429301496,-19.7196020410578
-47.8019429301496,-19.6962193660578
-47.7884429301496,-19.6728366910578
-47.7749429301496,-19.6494540160578
-47.7614429301496,-19.6260713410578
-47.7479429301496,-19.6026886660578
-47.7074429301496,-19.5793059910578
-47.8424429301496,-19.3454792410578
-48.1124429301497,-19.3454792410578
-48.1124429301497,-19.8131327410578
-47.8424429301496,-19.8131327410578
-47.7209429301496,-19.5559233160578
-47.7884429301496,-19.4390099410578
-47.8019429301496,-19.4156272660578
-47.8154429301496,-19.3922445910578
-47.8289429301496,-19.3688619160578
-47.8694429301496,-19.3454792410578
-47.8964429301496,-19.3454792410578
-47.9234429301496,-19.3454792410578
-47.9504429301496,-19.3454792410578
-47.9774429301496,-19.3454792410578
-48.0044429301497,-19.3454792410578
-48.0314429301497,-19.3454792410578
-48.0584429301497,-19.3454792410578
-48.0854429301497,-19.3454792410578
-48.1259429301497,-19.3688619160578
-48.1394429301497,-19.3922445910578
-48.1529429301497,-19.4156272660578
-48.1664429301497,-19.4390099410578
-48.1799429301497,-19.4623926160578
-48.1934429301497,-19.4857752910578
-48.2069429301497,-19.5091579660578
-48.1799429301497,-19.6962193660578
-48.1664429301497,-19.7196020410578
-48.1529429301497,-19.7429847160578
-48.1394429301497,-19.7663673910578
-48.1259429301497,-19.7897500660578
-48.0854429301497,-19.8131327410578
-48.0584429301497,-19.8131327410578
-48.0314429301497,-19.8131327410578
-48.0044429301497,-19.8131327410578
-47.9774429301496,-19.8131327410578
-47.9504429301496,-19.8131327410578
-47.9234429301496,-19.8131327410578
-47.8964429301496,-19.8131327410578
-47.8694429301496,-19.8131327410578
-47.8289429301496,-19.7897500660578
-47.8154429301496,-19.7663673910578
-47.8019429301496,-19.7429847160578
-47.7884429301496,-19.7196020410578
-47.7749429301496,-19.6962193660578
-47.7614429301496,-19.6728366910578
-47.7479429301496,-19.6494540160578
-47.7344429301496,-19.6260713410578
-47.7209429301496,-19.6026886660578
-47.6804429301496,-19.5793059910578
-47.8289429301496,-19.3220965660578
-48.1259429301497,-19.3220965660578
-48.1259429301497,-19.8365154160578
-47.8289429301496,-19.8365154160578
-47.8019429301496,-19.3688619160578
-47.8154429301496,-19.3454792410578
-47.8559429301496,-19.3220965660578
-47.8829429301496,-19.3220965660578
-47.9099429301496,-19.3220965660578
-47.9369429301496,-19.3220965660578
-47.9909429301497,-19.3220965660578
-48.0179429301497,-19.3220965660578
-48.0449429301497,-19.3220965660578
-48.0719429301497,-19.3220965660578
-48.0989429301497,-19.3220965660578
-48.1394429301497,-19.3454792410578
-48.1529429301497,-19.3688619160578
-48.1664429301497,-19.3922445910578
-48.1799429301497,-19.4156272660578
-48.1934429301497,-19.4390099410578
-48.2069429301497,-19.4623926160578
-48.2204429301497,-19.4857752910578
-48.1934429301497,-19.7196020410578
-48.1799429301497,-19.7429847160578
-48.1664429301497,-19.7663673910578
-48.1529429301497,-19.7897500660578
-48.1394429301497,-19.8131327410578
-48.0989429301497,-19.8365154160578
-48.0719429301497,-19.8365154160578
-48.0449429301497,-19.8365154160578
-48.0179429301497,-19.8365154160578
-47.9909429301497,-19.8365154160578
-47.9639429301496,-19.8365154160578
-47.9369429301496,-19.8365154160578
-47.9099429301496,-19.8365154160578
-47.8829429301496,-19.8365154160578
-47.8559429301496,-19.8365154160578
-47.8154429301496,-19.8131327410578
-47.8019429301496,-19.7897500660578
-47.7884429301496,-19.7663673910578
-47.7749429301496,-19.7429847160578
-47.7614429301496,-19.7196020410578
-47.7479429301496,-19.6962193660578
-47.7344429301496,-19.6728366910578
-47.7209429301496,-19.6494540160578
-47.7074429301496,-19.6260713410578
-47.6939429301496,-19.6026886660578
-47.6534429301496,-19.5793059910578
-47.8154429301496,-19.2987138910578
-48.1394429301497,-19.2987138910578
-48.1394429301497,-19.8598980910578
-47.8154429301496,-19.8598980910578
-47.8019429301496,-19.3220965660578
-47.8424429301496,-19.2987138910578
-47.8694429301496,-19.2987138910578
-47.8964429301496,-19.2987138910578
-47.9234429301496,-19.2987138910578
-48.0044429301497,-19.2987138910578
-48.0314429301497,-19.2987138910578
-48.0584429301497,-19.2987138910578
-48.0854429301497,-19.2987138910578
-48.1124429301497,-19.2987138910578
-48.1529429301497,-19.3220965660578
-48.1664429301497,-19.3454792410578
-48.1799429301497,-19.3688619160578
-48.1934429301497,-19.3922445910578
-48.2069429301497,-19.4156272660578
-48.2204429301497,-19.4390099410578
-48.2339429301497,-19.4623926160578
-48.2204429301497,-19.7196020410578
-48.2069429301497,-19.7429847160578
-48.1934429301497,-19.7663673910578
-48.1799429301497,-19.7897500660578
-48.1664429301497,-19.8131327410578
-48.1529429301497,-19.8365154160578
-48.0854429301497,-19.8598980910578
-48.0314429301497,-19.8598980910578
-48.0044429301497,-19.8598980910578
-47.9774429301496,-19.8598980910578
-47.9504429301496,-19.8598980910578
-47.9234429301496,-19.8598980910578
-47.8964429301496,-19.8598980910578
-47.8694429301496,-19.8598980910578
-47.8424429301496,-19.8598980910578
-47.8019429301496,-19.8365154160578
-47.7884429301496,-19.8131327410578
-47.7749429301496,-19.7897500660578
-47.7614429301496,-19.7663673910578
-47.7479429301496,-19.7429847160578
-47.7344429301496,-19.7196020410578
-47.7209429301496,-19.6962193660578
-47.7074429301496,-19.6728366910578
-47.6939429301496,-19.6494540160578
-47.6804429301496,-19.6260713410578
-47.6669429301496,-19.6026886660578
-47.6264429301496,-19.5793059910578
-47.8019429301496,-19.2753312160578
-48.1529429301497,-19.2753312160578
-47.8019429301496,-19.8832807660578
-47.8289429301496,-19.2753312160578
-47.8559429301496,-19.2753312160578
-47.8829429301496,-19.2753312160578
-47.9099429301496,-19.2753312160578
-48.0179429301497,-19.2753312160578
-48.0449429301497,-19.2753312160578
-48.0719429301497,-19.2753312160578
-48.0989429301497,-19.2753312160578
-48.1259429301497,-19.2753312160578
-48.1664429301497,-19.2987138910578
-48.1799429301497,-19.3220965660578
-48.1934429301497,-19.3454792410578
-48.2069429301497,-19.3688619160578
-48.2204429301497,-19.3922445910578
-48.2339429301497,-19.4156272660578
-48.2474429301497,-19.4390099410578
-48.2474429301497,-19.7196020410578
-48.2339429301497,-19.7429847160578
-48.2204429301497,-19.7663673910578
-48.2069429301497,-19.7897500660578
-48.1934429301497,-19.8131327410578
-48.1799429301497,-19.8365154160578
-48.1664429301497,-19.8598980910578
-48.0179429301497,-19.8832807660578
-47.9909429301497,-19.8832807660578
-47.9639429301496,-19.8832807660578
-47.9369429301496,-19.8832807660578
-47.9099429301496,-19.8832807660578
-47.8829429301496,-19.8832807660578
-47.7884429301496,-19.8598980910578
-47.7749429301496,-19.8365154160578
-47.7614429301496,-19.8131327410578
-47.7479429301496,-19.7897500660578
-47.7344429301496,-19.7663673910578
-47.7209429301496,-19.7429847160578
-47.7074429301496,-19.7196020410578
-47.6939429301496,-19.6962193660578
-47.6804429301496,-19.6728366910578
-47.6669429301496,-19.6494540160578
-47.6534429301496,-19.6260713410578
-47.6399429301496,-19.6026886660578
-48.1664429301497,-19.2519485410578
-47.8154429301496,-19.2519485410578
-47.8424429301496,-19.2519485410578
-47.8694429301496,-19.2519485410578
-47.8964429301496,-19.2519485410578
-48.0314429301497,-19.2519485410578
-48.0584429301497,-19.2519485410578
-48.0854429301497,-19.2519485410578
-48.1124429301497,-19.2519485410578
-48.1394429301497,-19.2519485410578
-48.1799429301497,-19.2753312160578
-48.1934429301497,-19.2987138910578
-48.2069429301497,-19.3220965660578
-48.2204429301497,-19.3454792410578
-48.2339429301497,-19.3688619160578
-48.2474429301497,-19.3922445910578
-48.2609429301497,-19.4156272660578
-48.2744429301497,-19.4390099410578
-48.2744429301497,-19.7196020410578
-48.2609429301497,-19.7429847160578
-48.2474429301497,-19.7663673910578
-48.2339429301497,-19.7897500660578
-48.2204429301497,-19.8131327410578
-48.2069429301497,-19.8365154160578
-48.1934429301497,-19.8598980910578
-47.9774429301496,-19.9066634410578
-47.9504429301496,-19.9066634410578
-47.9234429301496,-19.9066634410578
-47.8964429301496,-19.9066634410578
-47.8694429301496,-19.9066634410578
-47.7749429301496,-19.8832807660578
-47.7614429301496,-19.8598980910578
-47.7479429301496,-19.8365154160578
-47.7344429301496,-19.8131327410578
-47.7209429301496,-19.7897500660578
-47.7074429301496,-19.7663673910578
-47.6939429301496,-19.7429847160578
-47.6804429301496,-19.7196020410578
-47.6669429301496,-19.6962193660578
-47.6534429301496,-19.6728366910578
-47.6399429301496,-19.6494540160578
-47.6264429301496,-19.6260713410578
-47.6129429301496,-19.6026886660578
-48.1799429301497,-19.2285658660578
-47.8289429301496,-19.2285658660578
-47.8559429301496,-19.2285658660578
-47.8829429301496,-19.2285658660578
-47.9099429301496,-19.2285658660578
-48.0989429301497,-19.2285658660578
-48.1259429301497,-19.2285658660578
-48.1529429301497,-19.2285658660578
-48.1934429301497,-19.2519485410578
-48.2069429301497,-19.2753312160578
-48.2204429301497,-19.2987138910578
-48.2339429301497,-19.3220965660578
-48.2474429301497,-19.3454792410578
-48.2609429301497,-19.3688619160578
-48.2744429301497,-19.3922445910578
-48.2879429301497,-19.4156272660578
-48.3014429301497,-19.4390099410578
-48.2879429301497,-19.7429847160578
-48.2744429301497,-19.7663673910578
-48.2609429301497,-19.7897500660578
-48.2474429301497,-19.8131327410578
-48.2339429301497,-19.8365154160578
-47.9909429301497,-19.9300461160578
-47.9639429301496,-19.9300461160578
-47.9369429301496,-19.9300461160578
-47.9099429301496,-19.9300461160578
-47.8829429301496,-19.9300461160578
-47.8559429301496,-19.9300461160578
-47.7479429301496,-19.8832807660578
-47.7344429301496,-19.8598980910578
-47.7209429301496,-19.8365154160578
-47.7074429301496,-19.8131327410578
-47.6939429301496,-19.7897500660578
-47.6804429301496,-19.7663673910578
-47.6669429301496,-19.7429847160578
-47.6534429301496,-19.7196020410578
-47.6264429301496,-19.6728366910578
-47.6129429301496,-19.6494540160578
-47.5994429301496,-19.6260713410578
-48.1934429301497,-19.2051831910578
-47.8154429301496,-19.2051831910578
-47.8424429301496,-19.2051831910578
-47.8694429301496,-19.2051831910578
-47.8964429301496,-19.2051831910578
-48.1124429301497,-19.2051831910578
-48.1394429301497,-19.2051831910578
-48.1664429301497,-19.2051831910578
-48.2069429301497,-19.2285658660578
-48.2204429301497,-19.2519485410578
-48.2339429301497,-19.2753312160578
-48.2474429301497,-19.2987138910578
-48.2609429301497,-19.3220965660578
-48.2744429301497,-19.3454792410578
-48.2879429301497,-19.3688619160578
-48.3014429301497,-19.3922445910578
-48.3149429301497,-19.4156272660578
-48.3149429301497,-19.7429847160578
-48.0044429301497,-19.9534287910578
-47.9774429301496,-19.9534287910578
-47.9504429301496,-19.9534287910578
-47.9234429301496,-19.9534287910578
-47.8964429301496,-19.9534287910578
-47.8694429301496,-19.9534287910578
-47.8424429301496,-19.9534287910578
-47.7074429301496,-19.8598980910578
-47.6939429301496,-19.8365154160578
-48.2069429301497,-19.1818005160578
-47.8289429301496,-19.1818005160578
-47.8559429301496,-19.1818005160578
-47.8829429301496,-19.1818005160578
-48.1259429301497,-19.1818005160578
-48.1529429301497,-19.1818005160578
-48.1799429301497,-19.1818005160578
-48.2204429301497,-19.2051831910578
-48.2339429301497,-19.2285658660578
-48.2474429301497,-19.2519485410578
-48.2609429301497,-19.2753312160578
-48.2744429301497,-19.2987138910578
-48.2879429301497,-19.3220965660578
-48.3014429301497,-19.3454792410578
-48.3149429301497,-19.3688619160578
-48.3284429301497,-19.3922445910578
-48.3419429301497,-19.4156272660578
-47.9909429301497,-19.9768114660578
-47.9639429301496,-19.9768114660578
-47.9369429301496,-19.9768114660578
-47.9099429301496,-19.9768114660578
-47.8829429301496,-19.9768114660578
-47.8559429301496,-19.9768114660578
-47.8424429301496,-19.1584178410578
-47.8694429301496,-19.1584178410578
-47.8964429301496,-19.1584178410578
-48.1664429301497,-19.1584178410578
-48.2744429301497,-19.2519485410578
-48.2879429301497,-19.2753312160578
-48.3014429301497,-19.2987138910578
-48.3149429301497,-19.3220965660578
-48.3284429301497,-19.3454792410578
-48.3419429301497,-19.3688619160578
-47.9774429301496,-20.0001941410578
-47.9504429301496,-20.0001941410578
-47.9234429301496,-20.0001941410578
-47.8964429301496,-20.0001941410578
-47.8694429301496,-20.0001941410578
-47.8559429301496,-19.1350351660578
-47.8829429301496,-19.1350351660578
-47.9099429301496,-19.1350351660578
-48.3284429301497,-19.2987138910578
-47.9639429301496,-20.0235768160578
-47.9369429301496,-20.0235768160578
-47.9099429301496,-20.0235768160578
-47.8829429301496,-20.0235768160578
-47.8694429301496,-19.1116524910578
-47.8964429301496,-19.1116524910578
-47.9504429301496,-20.0469594910578
-47.9234429301496,-20.0469594910578
-47.8964429301496,-20.0469594910578
-47.8694429301496,-20.0469594910578
-47.9369429301496,-20.0703421660578
-47.9099429301496,-20.0703421660578
-47.8829429301496,-20.0703421660578
-47.9234429301496,-20.0937248410578
-47.8964429301496,-20.0937248410578
